Sample	Protists_1k	Bacteria_24k	Human	Fungi_RefSeq_release	Bird	Plant	Coral	Viruses	Vectors	Contamnts_Adaptrs	Multiple Genomes	No hits
Sor-ABur_001-Ex1-6G-lcwgs-1-T.clmp.fp2_r1_screen	19601.0	12467.0	2246.0	1591.0	1083.0	300.0	290.0	67.0	8.0	0.0	72194.0	1249638.0
Sor-ABur_001-Ex1-6G-lcwgs-1-T.clmp.fp2_r2_screen	19475.0	12504.0	2185.0	1636.0	1084.0	277.0	289.0	75.0	4.0	0.0	72318.0	1249638.0
Sor-ABur_002-Ex1-7G-lcwgs-1-T.clmp.fp2_r1_screen	10810.0	5477.0	1557.0	920.0	623.0	169.0	166.0	36.0	4.0	0.0	39119.0	648812.0
Sor-ABur_002-Ex1-7G-lcwgs-1-T.clmp.fp2_r2_screen	10794.0	5352.0	1459.0	934.0	631.0	175.0	167.0	41.0	4.0	0.0	39253.0	648883.0
Sor-ABur_003-Ex1-8G-lcwgs-1-T.clmp.fp2_r1_screen	47089.0	2797.0	5894.0	4233.0	2713.0	838.0	803.0	155.0	8.0	0.0	142417.0	2616336.0
Sor-ABur_003-Ex1-8G-lcwgs-1-T.clmp.fp2_r2_screen	46928.0	2753.0	5741.0	4218.0	2741.0	837.0	743.0	139.0	6.0	0.0	142841.0	2616336.0
Sor-ABur_004-Ex1-9G-lcwgs-1-T.clmp.fp2_r1_screen	23581.0	3623.0	2816.0	2098.0	1459.0	405.0	415.0	92.0	2.0	0.0	81233.0	1408959.0
Sor-ABur_004-Ex1-9G-lcwgs-1-T.clmp.fp2_r2_screen	23413.0	3512.0	2771.0	2041.0	1329.0	408.0	416.0	80.0	2.0	0.0	81752.0	1408959.0
Sor-ABur_005-Ex1-10G-lcwgs-1-T.clmp.fp2_r1_screen	23381.0	2953.0	2811.0	2047.0	1306.0	402.0	346.0	75.0	2.0	0.0	88009.0	1301076.0
Sor-ABur_005-Ex1-10G-lcwgs-1-T.clmp.fp2_r2_screen	23406.0	3012.0	2738.0	2063.0	1353.0	357.0	338.0	82.0	7.0	0.0	87976.0	1301076.0
Sor-ABur_006-Ex1-11G-lcwgs-1-T.clmp.fp2_r1_screen	35071.0	4997.0	3895.0	2902.0	2017.0	539.0	528.0	113.0	3.0	0.0	129836.0	2066045.0
Sor-ABur_006-Ex1-11G-lcwgs-1-T.clmp.fp2_r2_screen	34715.0	4924.0	3830.0	2812.0	1886.0	498.0	498.0	130.0	6.0	0.0	129928.0	2066719.0
Sor-ABur_007-Ex1-12G-lcwgs-1-T.clmp.fp2_r1_screen	22385.0	2187.0	2631.0	1909.0	1309.0	391.0	367.0	82.0	6.0	0.0	74100.0	1273770.0
Sor-ABur_007-Ex1-12G-lcwgs-1-T.clmp.fp2_r2_screen	22185.0	2125.0	2633.0	1921.0	1271.0	391.0	350.0	78.0	7.0	0.0	74406.0	1273770.0
Sor-ABur_008-Ex1-1H-lcwgs-1-T.clmp.fp2_r1_screen	30978.0	5178.0	31088.0	2812.0	1866.0	570.0	524.0	119.0	5.0	0.0	120866.0	1797835.0
Sor-ABur_008-Ex1-1H-lcwgs-1-T.clmp.fp2_r2_screen	31063.0	5043.0	31166.0	2801.0	1760.0	527.0	497.0	105.0	7.0	0.0	120838.0	1798034.0
Sor-ABur_009-Ex1-2H-lcwgs-1-T.clmp.fp2_r1_screen	25872.0	2803.0	3109.0	2328.0	1444.0	432.0	432.0	85.0	3.0	0.0	90717.0	1546785.0
Sor-ABur_009-Ex1-2H-lcwgs-1-T.clmp.fp2_r2_screen	25507.0	2768.0	3096.0	2163.0	1506.0	412.0	381.0	94.0	2.0	0.0	91464.0	1546617.0
Sor-ABur_010-Ex1-3H-lcwgs-1-T.clmp.fp2_r1_screen	17068.0	2666.0	2073.0	1485.0	1010.0	306.0	286.0	47.0	5.0	0.0	62322.0	967958.0
Sor-ABur_010-Ex1-3H-lcwgs-1-T.clmp.fp2_r2_screen	17112.0	2623.0	2187.0	1506.0	988.0	254.0	278.0	52.0	5.0	0.0	62474.0	967747.0
Sor-ABur_011-Ex1-4H-lcwgs-1-T.clmp.fp2_r1_screen	11210.0	1124.0	1256.0	953.0	634.0	173.0	174.0	37.0	1.0	0.0	40139.0	640558.0
Sor-ABur_011-Ex1-4H-lcwgs-1-T.clmp.fp2_r2_screen	11088.0	1152.0	1243.0	922.0	580.0	147.0	158.0	36.0	1.0	0.0	40235.0	640697.0
Sor-ABur_012-Ex1-5H-lcwgs-1-T.clmp.fp2_r1_screen	10292.0	2553.0	1121.0	857.0	567.0	148.0	151.0	31.0	5.0	0.0	39997.0	586228.0
Sor-ABur_012-Ex1-5H-lcwgs-1-T.clmp.fp2_r2_screen	10137.0	2552.0	1116.0	816.0	518.0	137.0	143.0	40.0	1.0	0.0	40390.0	586100.0
Sor-ABur_013-Ex1-6H-lcwgs-1-T.clmp.fp2_r1_screen	10111.0	4218.0	1141.0	829.0	584.0	146.0	168.0	48.0	4.0	0.0	37907.0	609363.0
Sor-ABur_013-Ex1-6H-lcwgs-1-T.clmp.fp2_r2_screen	10265.0	4222.0	1114.0	875.0	536.0	142.0	162.0	51.0	2.0	0.0	38052.0	609098.0
Sor-ABur_014-Ex1-7H-lcwgs-1-T.clmp.fp2_r1_screen	21036.0	3927.0	2221.0	1765.0	1179.0	333.0	310.0	61.0	0.0	0.0	81169.0	1222925.0
Sor-ABur_014-Ex1-7H-lcwgs-1-T.clmp.fp2_r2_screen	21039.0	3902.0	2317.0	1688.0	1118.0	300.0	266.0	69.0	4.0	0.0	81431.0	1222792.0
Sor-ABur_015-Ex1-8H-lcwgs-1-T.clmp.fp2_r1_screen	13411.0	581.0	1637.0	1147.0	768.0	239.0	234.0	39.0	2.0	0.0	41950.0	729559.0
Sor-ABur_015-Ex1-8H-lcwgs-1-T.clmp.fp2_r2_screen	13320.0	612.0	1617.0	1128.0	710.0	221.0	222.0	42.0	1.0	0.0	41977.0	729717.0
Sor-ABur_016-Ex1-9H-lcwgs-1-T.clmp.fp2_r1_screen	12739.0	2842.0	1483.0	1099.0	713.0	191.0	200.0	49.0	2.0	0.0	49097.0	725255.0
Sor-ABur_016-Ex1-9H-lcwgs-1-T.clmp.fp2_r2_screen	12784.0	2791.0	1343.0	1056.0	657.0	180.0	184.0	37.0	5.0	0.0	49140.0	725493.0
Sor-ACan_001-Ex1-1A-lcwgs-1-T.clmp.fp2_r1_screen	14684.0	4220.0	1725.0	1247.0	837.0	251.0	253.0	47.0	4.0	0.0	58502.0	870140.0
Sor-ACan_001-Ex1-1A-lcwgs-1-T.clmp.fp2_r2_screen	14643.0	4145.0	1593.0	1216.0	766.0	232.0	243.0	58.0	5.0	0.0	58393.0	870616.0
Sor-ACan_002-Ex1-2A-lcwgs-1-T.clmp.fp2_r1_screen	15722.0	2338.0	1616.0	1233.0	886.0	205.0	245.0	61.0	2.0	0.0	61468.0	934151.0
Sor-ACan_002-Ex1-2A-lcwgs-1-T.clmp.fp2_r2_screen	15590.0	2267.0	1626.0	1298.0	864.0	190.0	225.0	47.0	3.0	0.0	61462.0	934355.0
Sor-ACan_003-Ex1-3A-lcwgs-1-T.clmp.fp2_r1_screen	16983.0	1522.0	1973.0	1376.0	960.0	240.0	243.0	54.0	1.0	0.0	70379.0	952368.0
Sor-ACan_003-Ex1-3A-lcwgs-1-T.clmp.fp2_r2_screen	17017.0	1562.0	1958.0	1324.0	855.0	224.0	258.0	51.0	2.0	0.0	70585.0	952263.0
Sor-ACan_004-Ex1-4A-lcwgs-1-T.clmp.fp2_r1_screen	41090.0	3310.0	4293.0	3448.0	2360.0	611.0	581.0	117.0	3.0	0.0	169193.0	2337694.0
Sor-ACan_004-Ex1-4A-lcwgs-1-T.clmp.fp2_r2_screen	41247.0	3260.0	4308.0	3306.0	2271.0	597.0	608.0	109.0	8.0	0.0	169292.0	2337694.0
Sor-ACan_005-Ex1-5A-lcwgs-1-T.clmp.fp2_r1_screen	39310.0	8540.0	4342.0	3297.0	2247.0	628.0	614.0	153.0	4.0	0.0	156191.0	2285551.0
Sor-ACan_005-Ex1-5A-lcwgs-1-T.clmp.fp2_r2_screen	39596.0	8583.0	4313.0	3268.0	2221.0	619.0	566.0	140.0	12.0	0.0	156258.0	2285301.0
Sor-ACan_006-Ex1-6A-lcwgs-1-T.clmp.fp2_r1_screen	79806.0	11511.0	9205.0	6747.0	4473.0	1289.0	1272.0	254.0	19.0	0.0	310580.0	4456080.0
Sor-ACan_006-Ex1-6A-lcwgs-1-T.clmp.fp2_r2_screen	80502.0	11554.0	8722.0	6712.0	4514.0	1183.0	1288.0	240.0	24.0	0.0	310905.0	4455592.0
Sor-ACan_007-Ex1-7A-lcwgs-1-T.clmp.fp2_r1_screen	48343.0	4979.0	5001.0	3882.0	2726.0	712.0	692.0	163.0	9.0	0.0	190836.0	2780936.0
Sor-ACan_007-Ex1-7A-lcwgs-1-T.clmp.fp2_r2_screen	47907.0	4957.0	5115.0	3913.0	2609.0	683.0	686.0	177.0	11.0	0.0	190677.0	2781544.0
Sor-ACan_008-Ex1-8A-lcwgs-1-T.clmp.fp2_r1_screen	38527.0	7103.0	4430.0	3025.0	2230.0	567.0	565.0	105.0	5.0	0.0	157906.0	2262012.0
Sor-ACan_008-Ex1-8A-lcwgs-1-T.clmp.fp2_r2_screen	38472.0	6926.0	4386.0	3036.0	2171.0	568.0	527.0	113.0	10.0	0.0	157759.0	2262507.0
Sor-ACan_009-Ex1-9A-lcwgs-1-T.clmp.fp2_r1_screen	24024.0	4596.0	2621.0	2077.0	1405.0	367.0	290.0	72.0	1.0	0.0	93879.0	1430759.0
Sor-ACan_009-Ex1-9A-lcwgs-1-T.clmp.fp2_r2_screen	24185.0	4565.0	2587.0	2055.0	1294.0	356.0	323.0	62.0	2.0	0.0	94059.0	1430603.0
Sor-ACan_010-Ex1-10A-lcwgs-1-T.clmp.fp2_r1_screen	21004.0	2836.0	2101.0	1658.0	1092.0	299.0	273.0	67.0	3.0	0.0	87007.0	1172022.0
Sor-ACan_010-Ex1-10A-lcwgs-1-T.clmp.fp2_r2_screen	20969.0	2772.0	2055.0	1569.0	1145.0	279.0	256.0	58.0	2.0	0.0	86977.0	1172280.0
Sor-ACan_011-Ex1-11A-lcwgs-1-T.clmp.fp2_r1_screen	15575.0	2284.0	1650.0	1210.0	889.0	234.0	218.0	49.0	5.0	0.0	63259.0	843601.0
Sor-ACan_011-Ex1-11A-lcwgs-1-T.clmp.fp2_r2_screen	15617.0	2279.0	1650.0	1222.0	891.0	209.0	219.0	43.0	8.0	0.0	63514.0	843322.0
Sor-ACan_012-Ex1-12A-lcwgs-1-T.clmp.fp2_r1_screen	10980.0	1309.0	1025.0	863.0	610.0	138.0	140.0	27.0	0.0	0.0	45121.0	615575.0
Sor-ACan_012-Ex1-12A-lcwgs-1-T.clmp.fp2_r2_screen	11106.0	1319.0	1036.0	816.0	596.0	135.0	142.0	36.0	2.0	0.0	44958.0	615642.0
Sor-ACan_013-Ex1-1B-lcwgs-1-T.clmp.fp2_r1_screen	653.0	151.0	96.0	57.0	35.0	12.0	9.0	0.0	0.0	0.0	2278.0	43055.0
Sor-ACan_013-Ex1-1B-lcwgs-1-T.clmp.fp2_r2_screen	614.0	156.0	82.0	63.0	33.0	8.0	12.0	3.0	1.0	0.0	2226.0	43148.0
Sor-ACan_014-Ex1-2B-lcwgs-1-T.clmp.fp2_r1_screen	14032.0	881.0	1680.0	1243.0	834.0	201.0	231.0	40.0	2.0	0.0	44655.0	994222.0
Sor-ACan_014-Ex1-2B-lcwgs-1-T.clmp.fp2_r2_screen	13860.0	945.0	1618.0	1264.0	831.0	197.0	219.0	44.0	3.0	0.0	44712.0	994328.0
Sor-ACan_015-Ex1-3B-lcwgs-1-T.clmp.fp2_r1_screen	21921.0	1548.0	2621.0	1943.0	1293.0	387.0	406.0	63.0	4.0	0.0	69267.0	1281826.0
Sor-ACan_015-Ex1-3B-lcwgs-1-T.clmp.fp2_r2_screen	22069.0	1527.0	2694.0	1892.0	1262.0	377.0	360.0	65.0	3.0	0.0	69618.0	1281412.0
Sor-ACan_016-Ex1-4B-lcwgs-1-T.clmp.fp2_r1_screen	26450.0	1497.0	3144.0	2329.0	1536.0	440.0	371.0	86.0	7.0	0.0	88778.0	1491930.0
Sor-ACan_016-Ex1-4B-lcwgs-1-T.clmp.fp2_r2_screen	26704.0	1428.0	3208.0	2294.0	1510.0	432.0	387.0	97.0	3.0	0.0	88737.0	1491768.0
Sor-ACan_017-Ex1-5B-lcwgs-1-T.clmp.fp2_r1_screen	14069.0	764.0	1640.0	1244.0	876.0	221.0	210.0	51.0	5.0	0.0	45448.0	891435.0
Sor-ACan_017-Ex1-5B-lcwgs-1-T.clmp.fp2_r2_screen	13873.0	714.0	1631.0	1255.0	861.0	223.0	227.0	44.0	2.0	0.0	45411.0	891722.0
Sor-ACan_018-Ex1-6B-lcwgs-1-T.clmp.fp2_r1_screen	20496.0	34184.0	2565.0	1371.0	942.0	297.0	322.0	77.0	2.0	0.0	89236.0	1114169.0
Sor-ACan_018-Ex1-6B-lcwgs-1-T.clmp.fp2_r2_screen	20751.0	34142.0	2494.0	1387.0	930.0	264.0	304.0	84.0	2.0	0.0	88249.0	1115054.0
Sor-ACan_019-Ex1-7B-lcwgs-1-T.clmp.fp2_r1_screen	773.0	1073.0	78.0	52.0	38.0	9.0	17.0	7.0	0.0	0.0	2696.0	46698.0
Sor-ACan_019-Ex1-7B-lcwgs-1-T.clmp.fp2_r2_screen	731.0	1030.0	85.0	55.0	44.0	4.0	13.0	5.0	0.0	0.0	2756.0	46718.0
Sor-ACan_020-Ex1-8B-lcwgs-1-T.clmp.fp2_r1_screen	20704.0	2273.0	2312.0	1732.0	1201.0	287.0	280.0	60.0	3.0	0.0	73429.0	1254219.0
Sor-ACan_020-Ex1-8B-lcwgs-1-T.clmp.fp2_r2_screen	20494.0	2241.0	2220.0	1748.0	1193.0	306.0	296.0	63.0	4.0	0.0	73716.0	1254219.0
Sor-ACan_021-Ex1-9B-lcwgs-1-T.clmp.fp2_r1_screen	8741.0	85067.0	481.0	157.0	21.0	12.0	5.0	27.0	1.0	0.0	39009.0	249060.0
Sor-ACan_021-Ex1-9B-lcwgs-1-T.clmp.fp2_r2_screen	8804.0	83891.0	491.0	160.0	15.0	20.0	1.0	29.0	0.0	0.0	37930.0	251240.0
Sor-ACan_022-Ex1-10B-lcwgs-1-T.clmp.fp2_r1_screen	15547.0	3321.0	1734.0	1293.0	905.0	247.0	227.0	50.0	3.0	0.0	60535.0	936350.0
Sor-ACan_022-Ex1-10B-lcwgs-1-T.clmp.fp2_r2_screen	15639.0	3247.0	1719.0	1262.0	904.0	235.0	242.0	63.0	0.0	0.0	60347.0	936554.0
Sor-ACan_023-Ex1-11B-lcwgs-1-T.clmp.fp2_r1_screen	25639.0	5654.0	2669.0	2010.0	1390.0	364.0	352.0	74.0	9.0	0.0	105789.0	1504958.0
Sor-ACan_023-Ex1-11B-lcwgs-1-T.clmp.fp2_r2_screen	25613.0	5757.0	2624.0	2117.0	1323.0	342.0	357.0	90.0	5.0	0.0	105227.0	1505453.0
Sor-ACan_024-Ex1-12B-lcwgs-1-T.clmp.fp2_r1_screen	6091.0	987.0	678.0	509.0	338.0	118.0	64.0	19.0	4.0	0.0	24230.0	378906.0
Sor-ACan_024-Ex1-12B-lcwgs-1-T.clmp.fp2_r2_screen	6168.0	995.0	656.0	458.0	315.0	95.0	88.0	17.0	1.0	0.0	24163.0	378988.0
Sor-ACan_025-Ex1-1C-lcwgs-1-T.clmp.fp2_r1_screen	40178.0	5636.0	4409.0	3517.0	2422.0	610.0	569.0	131.0	9.0	0.0	153323.0	2676913.0
Sor-ACan_025-Ex1-1C-lcwgs-1-T.clmp.fp2_r2_screen	40403.0	5585.0	4395.0	3351.0	2258.0	580.0	536.0	141.0	11.0	0.0	153544.0	2676913.0
Sor-ACan_026-Ex1-2C-lcwgs-1-T.clmp.fp2_r1_screen	11132.0	101504.0	514.0	184.0	65.0	17.0	10.0	48.0	0.0	0.0	50065.0	353169.0
Sor-ACan_026-Ex1-2C-lcwgs-1-T.clmp.fp2_r2_screen	11003.0	100739.0	541.0	154.0	46.0	22.0	12.0	43.0	4.0	0.0	48029.0	356115.0
Sor-ACan_027-Ex1-3C-lcwgs-1-T.clmp.fp2_r1_screen	28208.0	3321.0	3173.0	2391.0	1618.0	416.0	425.0	76.0	3.0	0.0	108998.0	1631358.0
Sor-ACan_027-Ex1-3C-lcwgs-1-T.clmp.fp2_r2_screen	28346.0	3298.0	3173.0	2320.0	1579.0	382.0	424.0	84.0	9.0	0.0	109014.0	1631358.0
Sor-ACan_028-Ex1-4C-lcwgs-1-T.clmp.fp2_r1_screen	22281.0	1337.0	2649.0	1960.0	1329.0	394.0	369.0	56.0	2.0	0.0	68907.0	1442390.0
Sor-ACan_028-Ex1-4C-lcwgs-1-T.clmp.fp2_r2_screen	22418.0	1332.0	2633.0	1967.0	1194.0	378.0	338.0	74.0	8.0	0.0	69559.0	1441773.0
Sor-ACan_029-Ex1-5C-lcwgs-1-T.clmp.fp2_r1_screen	44228.0	8119.0	5199.0	3807.0	2528.0	675.0	707.0	141.0	17.0	0.0	161053.0	2829853.0
Sor-ACan_029-Ex1-5C-lcwgs-1-T.clmp.fp2_r2_screen	44155.0	8124.0	5093.0	3745.0	2473.0	667.0	692.0	135.0	12.0	0.0	161073.0	2830158.0
Sor-ACan_030-Ex1-6C-lcwgs-1-T.clmp.fp2_r1_screen	61722.0	23356.0	7268.0	5296.0	3502.0	1003.0	1010.0	201.0	23.0	0.0	235993.0	3482402.0
Sor-ACan_030-Ex1-6C-lcwgs-1-T.clmp.fp2_r2_screen	61936.0	23271.0	7149.0	5076.0	3421.0	1005.0	993.0	205.0	12.0	0.0	236306.0	3482402.0
Sor-ACan_031-Ex1-7C-lcwgs-1-T.clmp.fp2_r1_screen	35209.0	15494.0	4452.0	3105.0	2046.0	600.0	662.0	130.0	7.0	0.0	124335.0	2307783.0
Sor-ACan_031-Ex1-7C-lcwgs-1-T.clmp.fp2_r2_screen	35495.0	15252.0	4326.0	3039.0	2065.0	590.0	669.0	156.0	13.0	0.0	125183.0	2307035.0
Sor-ACan_032-Ex1-8C-lcwgs-1-T.clmp.fp2_r1_screen	2287.0	12524.0	591.0	138.0	61.0	18.0	23.0	6.0	0.0	0.0	8909.0	105648.0
Sor-ACan_032-Ex1-8C-lcwgs-1-T.clmp.fp2_r2_screen	2276.0	12273.0	604.0	124.0	55.0	16.0	18.0	8.0	2.0	0.0	8856.0	105973.0
Sor-ACan_033-Ex1-9C-lcwgs-1-T.clmp.fp2_r1_screen	24204.0	8330.0	2753.0	2107.0	1385.0	383.0	403.0	83.0	3.0	0.0	90749.0	1576394.0
Sor-ACan_033-Ex1-9C-lcwgs-1-T.clmp.fp2_r2_screen	24230.0	8323.0	2751.0	2082.0	1334.0	363.0	366.0	97.0	4.0	0.0	90679.0	1576565.0
Sor-ACan_034-Ex1-10C-lcwgs-1-T.clmp.fp2_r1_screen	39047.0	7268.0	23073.0	3174.0	2165.0	571.0	527.0	126.0	3.0	0.0	162179.0	2214308.0
Sor-ACan_034-Ex1-10C-lcwgs-1-T.clmp.fp2_r2_screen	39104.0	7315.0	22964.0	3142.0	2041.0	543.0	502.0	121.0	13.0	0.0	161652.0	2215044.0
Sor-ACan_035-Ex1-11C-lcwgs-1-T.clmp.fp2_r1_screen	2843.0	13754.0	365.0	154.0	107.0	23.0	21.0	13.0	0.0	0.0	12693.0	135620.0
Sor-ACan_035-Ex1-11C-lcwgs-1-T.clmp.fp2_r2_screen	2811.0	13768.0	370.0	156.0	88.0	24.0	26.0	13.0	0.0	0.0	12286.0	136051.0
Sor-ACan_036-Ex1-12C-lcwgs-1-T.clmp.fp2_r1_screen	11468.0	8697.0	1252.0	1010.0	643.0	175.0	154.0	25.0	2.0	0.0	43287.0	709920.0
Sor-ACan_036-Ex1-12C-lcwgs-1-T.clmp.fp2_r2_screen	11638.0	8571.0	1269.0	973.0	608.0	169.0	163.0	52.0	3.0	0.0	43112.0	710075.0
Sor-ACan_037-Ex1-1D-lcwgs-1-T.clmp.fp2_r1_screen	22418.0	4459.0	2517.0	1896.0	1215.0	337.0	334.0	67.0	4.0	0.0	88623.0	1258309.0
Sor-ACan_037-Ex1-1D-lcwgs-1-T.clmp.fp2_r2_screen	22545.0	4451.0	2485.0	1819.0	1202.0	335.0	327.0	85.0	6.0	0.0	88753.0	1258171.0
Sor-ACan_038-Ex1-2D-lcwgs-1-T.clmp.fp2_r1_screen	26241.0	6860.0	2839.0	2175.0	1416.0	401.0	390.0	75.0	5.0	0.0	108643.0	1494227.0
Sor-ACan_038-Ex1-2D-lcwgs-1-T.clmp.fp2_r2_screen	26116.0	6777.0	2655.0	2109.0	1465.0	345.0	334.0	81.0	4.0	0.0	108831.0	1494555.0
Sor-ACan_039-Ex1-3D-lcwgs-1-T.clmp.fp2_r1_screen	19222.0	3181.0	2077.0	1504.0	1016.0	322.0	269.0	48.0	1.0	0.0	72662.0	1170941.0
Sor-ACan_039-Ex1-3D-lcwgs-1-T.clmp.fp2_r2_screen	19182.0	3157.0	2105.0	1514.0	998.0	271.0	285.0	47.0	7.0	0.0	72736.0	1170941.0
Sor-ACan_040-Ex1-4D-lcwgs-1-T.clmp.fp2_r1_screen	20970.0	6097.0	2070.0	1602.0	1073.0	298.0	297.0	74.0	4.0	0.0	89266.0	1084897.0
Sor-ACan_040-Ex1-4D-lcwgs-1-T.clmp.fp2_r2_screen	21266.0	6094.0	2106.0	1556.0	1044.0	289.0	292.0	71.0	6.0	0.0	88665.0	1085259.0
Sor-ACan_041-Ex1-5D-lcwgs-1-T.clmp.fp2_r1_screen	16202.0	10182.0	1716.0	1305.0	855.0	248.0	246.0	50.0	6.0	0.0	66541.0	1005147.0
Sor-ACan_041-Ex1-5D-lcwgs-1-T.clmp.fp2_r2_screen	16676.0	10224.0	1764.0	1307.0	842.0	255.0	274.0	49.0	1.0	0.0	66290.0	1004816.0
Sor-ACan_042-Ex1-6D-lcwgs-1-T.clmp.fp2_r1_screen	28712.0	22438.0	3185.0	2322.0	1573.0	467.0	464.0	99.0	12.0	0.0	106040.0	1704724.0
Sor-ACan_042-Ex1-6D-lcwgs-1-T.clmp.fp2_r2_screen	28847.0	22175.0	2995.0	2268.0	1511.0	430.0	466.0	95.0	2.0	0.0	106149.0	1705098.0
Sor-ACan_043-Ex1-7D-lcwgs-1-T.clmp.fp2_r1_screen	52685.0	5050.0	6750.0	4970.0	3148.0	985.0	953.0	189.0	8.0	0.0	168268.0	2852609.0
Sor-ACan_043-Ex1-7D-lcwgs-1-T.clmp.fp2_r2_screen	52673.0	4974.0	6489.0	4796.0	3019.0	924.0	996.0	169.0	12.0	0.0	169573.0	2851990.0
Sor-ACan_044-Ex1-8D-lcwgs-1-T.clmp.fp2_r1_screen	5000.0	1873.0	524.0	446.0	298.0	72.0	78.0	22.0	1.0	0.0	19236.0	352448.0
Sor-ACan_044-Ex1-8D-lcwgs-1-T.clmp.fp2_r2_screen	5125.0	1893.0	539.0	475.0	314.0	71.0	84.0	20.0	2.0	0.0	19255.0	352220.0
Sor-ACan_045-Ex1-9D-lcwgs-1-T.clmp.fp2_r1_screen	13692.0	7041.0	1538.0	1138.0	705.0	234.0	198.0	53.0	0.0	0.0	51793.0	871398.0
Sor-ACan_045-Ex1-9D-lcwgs-1-T.clmp.fp2_r2_screen	13528.0	7098.0	1491.0	1116.0	726.0	221.0	185.0	51.0	4.0	0.0	51688.0	871682.0
Sor-ACan_046-Ex1-10D-lcwgs-1-T.clmp.fp2_r1_screen	3524.0	44441.0	681.0	187.0	23.0	10.0	4.0	19.0	1.0	0.0	19339.0	142810.0
Sor-ACan_046-Ex1-10D-lcwgs-1-T.clmp.fp2_r2_screen	3415.0	44006.0	690.0	194.0	18.0	6.0	5.0	21.0	2.0	0.0	18585.0	144097.0
Sor-ACan_047-Ex1-11D-lcwgs-1-T.clmp.fp2_r1_screen	33088.0	3381.0	3543.0	2758.0	1781.0	523.0	467.0	112.0	5.0	0.0	129046.0	1808304.0
Sor-ACan_047-Ex1-11D-lcwgs-1-T.clmp.fp2_r2_screen	33045.0	3396.0	3443.0	2689.0	1734.0	472.0	457.0	116.0	3.0	0.0	128754.0	1808899.0
Sor-ACan_048-Ex1-12D-lcwgs-1-T.clmp.fp2_r1_screen	22586.0	4018.0	2784.0	1769.0	1237.0	352.0	346.0	64.0	8.0	0.0	96962.0	1226765.0
Sor-ACan_048-Ex1-12D-lcwgs-1-T.clmp.fp2_r2_screen	22388.0	4111.0	2649.0	1800.0	1220.0	288.0	318.0	59.0	5.0	0.0	97017.0	1227036.0
Sor-ACan_049-Ex1-1E-lcwgs-1-T.clmp.fp2_r1_screen	28287.0	21003.0	2827.0	2099.0	1419.0	408.0	412.0	91.0	5.0	0.0	130323.0	1513520.0
Sor-ACan_049-Ex1-1E-lcwgs-1-T.clmp.fp2_r2_screen	28509.0	20766.0	2765.0	2107.0	1406.0	374.0	339.0	92.0	6.0	0.0	129490.0	1514540.0
Sor-ACan_050-Ex1-2E-lcwgs-1-T.clmp.fp2_r1_screen	39407.0	6653.0	4140.0	3340.0	2197.0	614.0	558.0	148.0	7.0	0.0	160328.0	2401785.0
Sor-ACan_050-Ex1-2E-lcwgs-1-T.clmp.fp2_r2_screen	39642.0	6598.0	4031.0	3167.0	2088.0	572.0	545.0	179.0	7.0	0.0	160039.0	2402309.0
Sor-ACan_051-Ex1-3E-lcwgs-1-T.clmp.fp2_r1_screen	30908.0	4063.0	3333.0	2536.0	1769.0	448.0	422.0	105.0	8.0	0.0	128148.0	1825229.0
Sor-ACan_051-Ex1-3E-lcwgs-1-T.clmp.fp2_r2_screen	30976.0	3971.0	3175.0	2580.0	1709.0	428.0	392.0	107.0	7.0	0.0	127995.0	1825629.0
Sor-ACan_052-Ex1-4E-lcwgs-1-T.clmp.fp2_r1_screen	16086.0	1723.0	1705.0	1294.0	865.0	247.0	230.0	63.0	0.0	0.0	58318.0	921098.0
Sor-ACan_052-Ex1-4E-lcwgs-1-T.clmp.fp2_r2_screen	15967.0	1676.0	1700.0	1301.0	817.0	255.0	232.0	58.0	5.0	0.0	58721.0	920897.0
Sor-ACan_053-Ex1-5E-lcwgs-1-T.clmp.fp2_r1_screen	23825.0	8941.0	3151.0	2208.0	1298.0	362.0	348.0	57.0	12.0	0.0	109315.0	1451306.0
Sor-ACan_053-Ex1-5E-lcwgs-1-T.clmp.fp2_r2_screen	23943.0	8867.0	3151.0	2165.0	1289.0	350.0	319.0	76.0	7.0	0.0	108870.0	1451786.0
Sor-ACan_054-Ex1-6E-lcwgs-1-T.clmp.fp2_r1_screen	7653.0	79162.0	342.0	188.0	79.0	11.0	19.0	44.0	0.0	0.0	37825.0	296211.0
Sor-ACan_054-Ex1-6E-lcwgs-1-T.clmp.fp2_r2_screen	7621.0	78421.0	355.0	181.0	79.0	31.0	16.0	56.0	1.0	0.0	36159.0	298614.0
Sor-ACan_055-Ex1-7E-lcwgs-1-T.clmp.fp2_r1_screen	63732.0	27864.0	6811.0	5410.0	3537.0	1021.0	1019.0	248.0	16.0	0.0	259359.0	3560866.0
Sor-ACan_055-Ex1-7E-lcwgs-1-T.clmp.fp2_r2_screen	63790.0	27279.0	6931.0	5241.0	3340.0	1034.0	1003.0	250.0	11.0	0.0	258959.0	3562045.0
Sor-ACeb_001-Ex1-8E-lcwgs-1-T.clmp.fp2_r1_screen	36099.0	50204.0	4342.0	3095.0	1824.0	642.0	545.0	116.0	4.0	0.0	124404.0	1937502.0
Sor-ACeb_001-Ex1-8E-lcwgs-1-T.clmp.fp2_r2_screen	36049.0	49743.0	4331.0	3172.0	1819.0	549.0	554.0	127.0	1.0	0.0	124067.0	1938365.0
Sor-ACeb_002-Ex1-9E-lcwgs-1-T.clmp.fp2_r1_screen	12372.0	50356.0	920.0	624.0	377.0	89.0	82.0	48.0	0.0	0.0	56355.0	705672.0
Sor-ACeb_002-Ex1-9E-lcwgs-1-T.clmp.fp2_r2_screen	12529.0	50006.0	900.0	600.0	368.0	83.0	85.0	43.0	2.0	0.0	55532.0	706747.0
Sor-ACeb_003-Ex1-10E-lcwgs-1-T.clmp.fp2_r1_screen	10094.0	2113.0	1006.0	772.0	484.0	119.0	121.0	25.0	1.0	0.0	29514.0	740306.0
Sor-ACeb_003-Ex1-10E-lcwgs-1-T.clmp.fp2_r2_screen	10242.0	2117.0	1003.0	698.0	501.0	140.0	104.0	35.0	1.0	0.0	29330.0	740384.0
Sor-ACeb_004-Ex1-11E-lcwgs-1-T.clmp.fp2_r1_screen	12536.0	23983.0	1489.0	966.0	483.0	106.0	89.0	38.0	1.0	0.0	57717.0	819797.0
Sor-ACeb_004-Ex1-11E-lcwgs-1-T.clmp.fp2_r2_screen	12558.0	23548.0	1536.0	928.0	452.0	93.0	91.0	48.0	2.0	0.0	57418.0	820531.0
Sor-ACeb_005-Ex1-12E-lcwgs-1-T.clmp.fp2_r1_screen	3778.0	39517.0	9228.0	388.0	27.0	9.0	4.0	24.0	0.0	0.0	21249.0	124234.0
Sor-ACeb_005-Ex1-12E-lcwgs-1-T.clmp.fp2_r2_screen	3670.0	39308.0	9298.0	407.0	37.0	7.0	7.0	25.0	2.0	0.0	20411.0	125286.0
Sor-ACeb_006-Ex1-1F-lcwgs-1-T.clmp.fp2_r1_screen	3425.0	7418.0	286.0	150.0	102.0	20.0	11.0	13.0	0.0	0.0	16669.0	182188.0
Sor-ACeb_006-Ex1-1F-lcwgs-1-T.clmp.fp2_r2_screen	3406.0	7452.0	294.0	176.0	107.0	19.0	21.0	10.0	1.0	0.0	16419.0	182377.0
Sor-ACeb_007-Ex1-2F-lcwgs-1-T.clmp.fp2_r1_screen	9200.0	25032.0	640.0	423.0	279.0	66.0	62.0	27.0	1.0	0.0	46048.0	540575.0
Sor-ACeb_007-Ex1-2F-lcwgs-1-T.clmp.fp2_r2_screen	9178.0	24557.0	649.0	460.0	271.0	64.0	68.0	31.0	1.0	0.0	45876.0	541198.0
Sor-ACeb_008-Ex1-3F-lcwgs-1-T.clmp.fp2_r1_screen	5912.0	2384.0	622.0	458.0	289.0	93.0	90.0	22.0	0.0	0.0	18267.0	415659.0
Sor-ACeb_008-Ex1-3F-lcwgs-1-T.clmp.fp2_r2_screen	5979.0	2405.0	565.0	501.0	322.0	96.0	83.0	22.0	1.0	0.0	18163.0	415659.0
Sor-ACeb_009-Ex1-4F-lcwgs-1-T.clmp.fp2_r1_screen	6831.0	892.0	606.0	482.0	292.0	84.0	76.0	18.0	0.0	0.0	22854.0	472330.0
Sor-ACeb_009-Ex1-4F-lcwgs-1-T.clmp.fp2_r2_screen	6925.0	883.0	578.0	493.0	305.0	84.0	72.0	15.0	1.0	0.0	22829.0	472280.0
Sor-ACeb_010-Ex1-5F-lcwgs-1-T.clmp.fp2_r1_screen	3001.0	5248.0	345.0	184.0	124.0	21.0	20.0	13.0	0.0	0.0	13493.0	197854.0
Sor-ACeb_010-Ex1-5F-lcwgs-1-T.clmp.fp2_r2_screen	3060.0	5153.0	342.0	172.0	114.0	32.0	30.0	7.0	2.0	0.0	13493.0	197898.0
Sor-ACeb_011-Ex1-6F-lcwgs-1-T.clmp.fp2_r1_screen	2438.0	24241.0	1456.0	63.0	20.0	5.0	8.0	24.0	0.0	0.0	12019.0	93749.0
Sor-ACeb_011-Ex1-6F-lcwgs-1-T.clmp.fp2_r2_screen	2402.0	24093.0	1487.0	69.0	17.0	8.0	5.0	23.0	1.0	0.0	11633.0	94285.0
Sor-ACeb_012-Ex1-7F-lcwgs-1-T.clmp.fp2_r1_screen	11735.0	15075.0	951.0	680.0	434.0	93.0	92.0	48.0	3.0	0.0	56339.0	696340.0
Sor-ACeb_012-Ex1-7F-lcwgs-1-T.clmp.fp2_r2_screen	12109.0	14892.0	980.0	675.0	407.0	107.0	84.0	38.0	2.0	0.0	56078.0	696418.0
Sor-ACeb_013-Ex1-8F-lcwgs-1-T.clmp.fp2_r1_screen	1095.0	9248.0	92.0	36.0	18.0	5.0	7.0	6.0	0.0	0.0	5336.0	49140.0
Sor-ACeb_013-Ex1-8F-lcwgs-1-T.clmp.fp2_r2_screen	1159.0	9158.0	96.0	31.0	16.0	3.0	5.0	6.0	0.0	0.0	5031.0	49478.0
Sor-ACeb_014-Ex1-9F-lcwgs-1-T.clmp.fp2_r1_screen	1301.0	7749.0	68.0	55.0	37.0	3.0	6.0	12.0	0.0	0.0	5730.0	65342.0
Sor-ACeb_014-Ex1-9F-lcwgs-1-T.clmp.fp2_r2_screen	1232.0	7648.0	63.0	49.0	35.0	6.0	4.0	8.0	1.0	0.0	5602.0	65655.0
Sor-ACeb_015-Ex1-10F-lcwgs-1-T.clmp.fp2_r1_screen	8337.0	18110.0	620.0	422.0	285.0	56.0	40.0	25.0	0.0	0.0	39423.0	491337.0
Sor-ACeb_015-Ex1-10F-lcwgs-1-T.clmp.fp2_r2_screen	8310.0	17789.0	620.0	399.0	285.0	70.0	63.0	30.0	1.0	0.0	39360.0	491728.0
Sor-ACeb_016-Ex1-11F-lcwgs-1-T.clmp.fp2_r1_screen	20666.0	53412.0	1220.0	929.0	595.0	117.0	101.0	61.0	1.0	0.0	105882.0	1077236.0
Sor-ACeb_016-Ex1-11F-lcwgs-1-T.clmp.fp2_r2_screen	20425.0	52725.0	1171.0	964.0	591.0	113.0	92.0	64.0	2.0	0.0	105073.0	1079000.0
Sor-ACeb_017-Ex1-12F-lcwgs-1-T.clmp.fp2_r1_screen	13627.0	26191.0	2151.0	653.0	431.0	97.0	74.0	29.0	2.0	0.0	66751.0	748069.0
Sor-ACeb_017-Ex1-12F-lcwgs-1-T.clmp.fp2_r2_screen	13818.0	25831.0	2178.0	669.0	413.0	82.0	69.0	42.0	2.0	0.0	66129.0	748842.0
Sor-ACeb_018-Ex1-1G-lcwgs-1-T.clmp.fp2_r1_screen	3399.0	7330.0	418.0	196.0	125.0	27.0	24.0	13.0	1.0	0.0	15572.0	203772.0
Sor-ACeb_018-Ex1-1G-lcwgs-1-T.clmp.fp2_r2_screen	3409.0	7161.0	445.0	211.0	137.0	28.0	22.0	13.0	1.0	0.0	15448.0	204002.0
Sor-ACeb_019-Ex1-3G-lcwgs-1-T.clmp.fp2_r1_screen	655.0	81.0	69.0	50.0	37.0	16.0	14.0	3.0	0.0	0.0	2145.0	41542.0
Sor-ACeb_019-Ex1-3G-lcwgs-1-T.clmp.fp2_r2_screen	655.0	78.0	71.0	50.0	36.0	13.0	9.0	4.0	1.0	0.0	2162.0	41533.0
Sor-ACeb_020-Ex1-2G-lcwgs-1-T.clmp.fp2_r1_screen	622.0	244.0	79.0	52.0	35.0	7.0	10.0	3.0	0.0	0.0	2411.0	41622.0
Sor-ACeb_020-Ex1-2G-lcwgs-1-T.clmp.fp2_r2_screen	612.0	239.0	79.0	64.0	45.0	6.0	14.0	2.0	0.0	0.0	2434.0	41590.0
Sor-ACeb_021-Ex1-4G-lcwgs-1-T.clmp.fp2_r1_screen	610.0	69.0	65.0	42.0	33.0	8.0	8.0	0.0	0.0	0.0	1962.0	36700.0
Sor-ACeb_021-Ex1-4G-lcwgs-1-T.clmp.fp2_r2_screen	569.0	66.0	49.0	58.0	32.0	9.0	11.0	2.0	0.0	0.0	1938.0	36763.0
Sor-ACeb_022-Ex1-5G-lcwgs-1-T.clmp.fp2_r1_screen	3142.0	29605.0	456.0	129.0	62.0	14.0	13.0	31.0	1.0	0.0	15311.0	136860.0
Sor-ACeb_022-Ex1-5G-lcwgs-1-T.clmp.fp2_r2_screen	3102.0	29342.0	479.0	143.0	59.0	21.0	22.0	41.0	0.0	0.0	14924.0	137491.0
Sor-CBur_001-Ex1-2C-lcwgs-1-T.clmp.fp2_r1_screen	44513.0	1059.0	4581.0	3671.0	2332.0	706.0	647.0	145.0	14.0	0.0	166877.0	2432781.0
Sor-CBur_001-Ex1-2C-lcwgs-1-T.clmp.fp2_r2_screen	44460.0	1057.0	4595.0	3522.0	2412.0	668.0	625.0	144.0	11.0	0.0	166519.0	2433313.0
Sor-CBur_003-Ex1-1G-lcwgs-1-T.clmp.fp2_r1_screen	15850.0	509.0	1781.0	1375.0	958.0	270.0	231.0	74.0	1.0	0.0	58582.0	1117814.0
Sor-CBur_003-Ex1-1G-lcwgs-1-T.clmp.fp2_r2_screen	15990.0	516.0	1733.0	1357.0	945.0	242.0	239.0	59.0	6.0	0.0	58663.0	1117695.0
Sor-CBur_004-Ex1-1H-lcwgs-1-T.clmp.fp2_r1_screen	18368.0	497.0	2078.0	1602.0	1137.0	311.0	295.0	63.0	2.0	0.0	65688.0	1232144.0
Sor-CBur_004-Ex1-1H-lcwgs-1-T.clmp.fp2_r2_screen	18421.0	499.0	2035.0	1512.0	1114.0	274.0	268.0	61.0	5.0	0.0	65720.0	1232276.0
Sor-CBur_005-Ex1-8H-lcwgs-1-T.clmp.fp2_r1_screen	40629.0	1108.0	4436.0	3365.0	2339.0	671.0	626.0	141.0	13.0	0.0	148368.0	2516567.0
Sor-CBur_005-Ex1-8H-lcwgs-1-T.clmp.fp2_r2_screen	40604.0	1202.0	4301.0	3326.0	2298.0	637.0	606.0	119.0	17.0	0.0	148857.0	2516296.0
Sor-CBur_009-Ex1-3H-lcwgs-1-T.clmp.fp2_r1_screen	46816.0	1197.0	4864.0	3943.0	2676.0	747.0	671.0	161.0	10.0	0.0	180859.0	2628080.0
Sor-CBur_009-Ex1-3H-lcwgs-1-T.clmp.fp2_r2_screen	47038.0	1155.0	4848.0	3780.0	2568.0	668.0	681.0	159.0	9.0	0.0	181038.0	2628080.0
Sor-CBur_010-Ex1-2H-lcwgs-1-T.clmp.fp2_r1_screen	46119.0	1085.0	4810.0	3931.0	2696.0	713.0	693.0	158.0	12.0	0.0	175306.0	2704828.0
Sor-CBur_010-Ex1-2H-lcwgs-1-T.clmp.fp2_r2_screen	46308.0	1025.0	4707.0	3781.0	2601.0	673.0	723.0	157.0	14.0	0.0	175240.0	2705122.0
Sor-CBur_011-Ex1-5F-lcwgs-1-T.clmp.fp2_r1_screen	86957.0	2276.0	9058.0	6905.0	4772.0	1304.0	1206.0	330.0	22.0	0.0	333892.0	5265831.0
Sor-CBur_011-Ex1-5F-lcwgs-1-T.clmp.fp2_r2_screen	87034.0	2284.0	8877.0	6861.0	4652.0	1238.0	1191.0	282.0	21.0	0.0	333140.0	5266973.0
Sor-CBur_012-Ex1-3E-lcwgs-1-T.clmp.fp2_r1_screen	61632.0	1758.0	6598.0	5178.0	3666.0	930.0	917.0	221.0	14.0	0.0	232422.0	3853355.0
Sor-CBur_012-Ex1-3E-lcwgs-1-T.clmp.fp2_r2_screen	61673.0	1764.0	6532.0	5057.0	3532.0	943.0	869.0	217.0	16.0	0.0	232733.0	3853355.0
Sor-CBur_013-Ex1-6B-lcwgs-1-T.clmp.fp2_r1_screen	43285.0	1260.0	4422.0	3521.0	2515.0	661.0	614.0	127.0	17.0	0.0	160396.0	2479914.0
Sor-CBur_013-Ex1-6B-lcwgs-1-T.clmp.fp2_r2_screen	42923.0	1231.0	4444.0	3411.0	2341.0	644.0	605.0	122.0	14.0	0.0	160813.0	2480184.0
Sor-CBur_014-Ex1-6H-lcwgs-1-T.clmp.fp2_r1_screen	71918.0	1742.0	7725.0	6019.0	4174.0	1188.0	1078.0	208.0	15.0	0.0	272815.0	3736937.0
Sor-CBur_014-Ex1-6H-lcwgs-1-T.clmp.fp2_r2_screen	72076.0	1760.0	7602.0	5797.0	3949.0	1111.0	983.0	206.0	9.0	0.0	272979.0	3737347.0
Sor-CBur_015-Ex1-2D-lcwgs-1-T.clmp.fp2_r1_screen	39736.0	869.0	4291.0	3449.0	2430.0	670.0	634.0	150.0	13.0	0.0	146771.0	2656255.0
Sor-CBur_015-Ex1-2D-lcwgs-1-T.clmp.fp2_r2_screen	40151.0	880.0	4418.0	3250.0	2361.0	629.0	551.0	134.0	14.0	0.0	147481.0	2655399.0
Sor-CBur_016-Ex1-6G-lcwgs-1-T.clmp.fp2_r1_screen	82328.0	2044.0	8816.0	6795.0	4521.0	1313.0	1276.0	272.0	20.0	0.0	314031.0	4736665.0
Sor-CBur_016-Ex1-6G-lcwgs-1-T.clmp.fp2_r2_screen	81477.0	2076.0	8730.0	6750.0	4801.0	1272.0	1242.0	261.0	17.0	0.0	314790.0	4736665.0
Sor-CBur_020-Ex1-7D-lcwgs-1-T.clmp.fp2_r1_screen	12350.0	364.0	1278.0	1037.0	716.0	187.0	161.0	27.0	4.0	0.0	46216.0	670206.0
Sor-CBur_020-Ex1-7D-lcwgs-1-T.clmp.fp2_r2_screen	12214.0	342.0	1257.0	1009.0	685.0	181.0	157.0	34.0	0.0	0.0	46461.0	670206.0
Sor-CBur_021-Ex1-5C-lcwgs-1-T.clmp.fp2_r1_screen	34231.0	1105.0	3630.0	2783.0	2040.0	490.0	466.0	109.0	7.0	0.0	133137.0	2224124.0
Sor-CBur_021-Ex1-5C-lcwgs-1-T.clmp.fp2_r2_screen	34436.0	1097.0	3558.0	2720.0	1961.0	491.0	462.0	121.0	8.0	0.0	132663.0	2224605.0
Sor-CBur_022-Ex1-1A-lcwgs-1-T.clmp.fp2_r1_screen	13206.0	492.0	1444.0	1171.0	813.0	190.0	177.0	40.0	2.0	0.0	48489.0	1009273.0
Sor-CBur_022-Ex1-1A-lcwgs-1-T.clmp.fp2_r2_screen	13116.0	517.0	1400.0	1096.0	842.0	184.0	180.0	52.0	6.0	0.0	48093.0	1009811.0
Sor-CBur_023-Ex1-5E-lcwgs-1-T.clmp.fp2_r1_screen	58023.0	1819.0	6221.0	4816.0	3524.0	896.0	871.0	173.0	10.0	0.0	216765.0	3882347.0
Sor-CBur_023-Ex1-5E-lcwgs-1-T.clmp.fp2_r2_screen	57832.0	1771.0	6176.0	4759.0	3381.0	846.0	813.0	209.0	15.0	0.0	216899.0	3882764.0
Sor-CBur_025-Ex1-8B-lcwgs-1-T.clmp.fp2_r1_screen	30442.0	777.0	3267.0	2490.0	1758.0	507.0	472.0	106.0	5.0	0.0	115160.0	1719063.0
Sor-CBur_025-Ex1-8B-lcwgs-1-T.clmp.fp2_r2_screen	30703.0	744.0	3167.0	2546.0	1693.0	402.0	400.0	89.0	6.0	0.0	114859.0	1719438.0
Sor-CBur_028-Ex1-2E-lcwgs-1-T.clmp.fp2_r1_screen	53869.0	1155.0	5939.0	4486.0	3194.0	891.0	822.0	200.0	18.0	0.0	200832.0	3551207.0
Sor-CBur_028-Ex1-2E-lcwgs-1-T.clmp.fp2_r2_screen	54496.0	1282.0	5658.0	4471.0	3168.0	796.0	806.0	157.0	15.0	0.0	200557.0	3551207.0
Sor-CBur_033-Ex1-3A-lcwgs-1-T.clmp.fp2_r1_screen	30962.0	726.0	3290.0	2554.0	1788.0	465.0	467.0	92.0	4.0	0.0	113849.0	1848361.0
Sor-CBur_033-Ex1-3A-lcwgs-1-T.clmp.fp2_r2_screen	30920.0	763.0	3097.0	2416.0	1704.0	424.0	420.0	88.0	9.0	0.0	113555.0	1849162.0
Sor-CBur_034-Ex1-3C-lcwgs-1-T.clmp.fp2_r1_screen	30118.0	771.0	3155.0	2544.0	1744.0	452.0	447.0	105.0	3.0	0.0	110951.0	1861624.0
Sor-CBur_034-Ex1-3C-lcwgs-1-T.clmp.fp2_r2_screen	30257.0	848.0	3214.0	2574.0	1754.0	448.0	408.0	94.0	8.0	0.0	110887.0	1861422.0
Sor-CBur_036-Ex1-3F-lcwgs-1-T.clmp.fp2_r1_screen	59329.0	1748.0	6573.0	5108.0	3536.0	874.0	856.0	207.0	12.0	1.0	222468.0	4019854.0
Sor-CBur_036-Ex1-3F-lcwgs-1-T.clmp.fp2_r2_screen	59199.0	1730.0	6452.0	5116.0	3421.0	845.0	873.0	200.0	14.0	0.0	221134.0	4021582.0
Sor-CBur_037-Ex1-5A-lcwgs-1-T.clmp.fp2_r1_screen	33650.0	770.0	3339.0	2728.0	1732.0	492.0	446.0	86.0	8.0	0.0	127639.0	1674568.0
Sor-CBur_037-Ex1-5A-lcwgs-1-T.clmp.fp2_r2_screen	33630.0	823.0	3347.0	2622.0	1827.0	476.0	427.0	102.0	4.0	0.0	128001.0	1674199.0
Sor-CBur_040-Ex1-4B-lcwgs-1-T.clmp.fp2_r1_screen	29388.0	794.0	3060.0	2332.0	1652.0	405.0	412.0	87.0	7.0	0.0	106188.0	1897043.0
Sor-CBur_040-Ex1-4B-lcwgs-1-T.clmp.fp2_r2_screen	29185.0	731.0	2971.0	2334.0	1696.0	413.0	423.0	97.0	6.0	0.0	106469.0	1897043.0
Sor-CBur_041-Ex1-7F-lcwgs-1-T.clmp.fp2_r1_screen	14007.0	432.0	1538.0	1224.0	886.0	210.0	189.0	47.0	2.0	0.0	51119.0	935446.0
Sor-CBur_041-Ex1-7F-lcwgs-1-T.clmp.fp2_r2_screen	13874.0	421.0	1488.0	1190.0	806.0	219.0	167.0	39.0	4.0	0.0	51144.0	935748.0
Sor-CBur_042-Ex1-6C-lcwgs-1-T.clmp.fp2_r1_screen	40694.0	1118.0	4234.0	3361.0	2223.0	599.0	582.0	107.0	13.0	0.0	152720.0	2228086.0
Sor-CBur_042-Ex1-6C-lcwgs-1-T.clmp.fp2_r2_screen	40503.0	1144.0	4147.0	3162.0	2178.0	552.0	519.0	115.0	7.0	0.0	152838.0	2228572.0
Sor-CBur_043-Ex1-1B-lcwgs-1-T.clmp.fp2_r1_screen	7044.0	288.0	778.0	596.0	421.0	102.0	101.0	27.0	2.0	0.0	25479.0	541950.0
Sor-CBur_043-Ex1-1B-lcwgs-1-T.clmp.fp2_r2_screen	7020.0	298.0	759.0	621.0	473.0	91.0	86.0	33.0	2.0	0.0	25513.0	541892.0
Sor-CBur_044-Ex1-6A-lcwgs-1-T.clmp.fp2_r1_screen	38161.0	978.0	3946.0	3172.0	2142.0	560.0	532.0	107.0	10.0	0.0	141126.0	2152426.0
Sor-CBur_044-Ex1-6A-lcwgs-1-T.clmp.fp2_r2_screen	38286.0	954.0	4039.0	3017.0	2089.0	541.0	519.0	113.0	7.0	0.0	141403.0	2152192.0
Sor-CBur_046-Ex1-2A-lcwgs-1-T.clmp.fp2_r1_screen	37664.0	1166.0	4076.0	3023.0	2223.0	553.0	547.0	122.0	5.0	0.0	138253.0	2625436.0
Sor-CBur_046-Ex1-2A-lcwgs-1-T.clmp.fp2_r2_screen	37612.0	1098.0	3905.0	2961.0	2155.0	476.0	528.0	123.0	4.0	0.0	137926.0	2626280.0
Sor-CBur_049-Ex1-7B-lcwgs-1-T.clmp.fp2_r1_screen	8848.0	287.0	896.0	765.0	512.0	112.0	107.0	32.0	5.0	0.0	32691.0	561973.0
Sor-CBur_049-Ex1-7B-lcwgs-1-T.clmp.fp2_r2_screen	8953.0	307.0	959.0	750.0	527.0	113.0	120.0	22.0	7.0	0.0	32618.0	561852.0
Sor-CBur_050-Ex1-6D-lcwgs-1-T.clmp.fp2_r1_screen	83428.0	2177.0	8874.0	6993.0	4791.0	1324.0	1248.0	237.0	13.0	0.0	319957.0	4660422.0
Sor-CBur_050-Ex1-6D-lcwgs-1-T.clmp.fp2_r2_screen	84085.0	2060.0	8789.0	6816.0	4670.0	1318.0	1141.0	253.0	19.0	0.0	320400.0	4659913.0
Sor-CBur_051-Ex1-8D-lcwgs-1-T.clmp.fp2_r1_screen	77170.0	1809.0	8105.0	6422.0	4403.0	1228.0	1151.0	227.0	19.0	0.0	289776.0	4116733.0
Sor-CBur_051-Ex1-8D-lcwgs-1-T.clmp.fp2_r2_screen	77075.0	1798.0	8042.0	6365.0	4264.0	1166.0	1052.0	241.0	14.0	0.0	288941.0	4118085.0
Sor-CBur_052-Ex1-5B-lcwgs-1-T.clmp.fp2_r1_screen	15500.0	537.0	1601.0	1267.0	902.0	186.0	191.0	59.0	4.0	0.0	60300.0	1065203.0
Sor-CBur_052-Ex1-5B-lcwgs-1-T.clmp.fp2_r2_screen	15771.0	563.0	1505.0	1166.0	803.0	211.0	177.0	67.0	3.0	0.0	59937.0	1065547.0
Sor-CBur_053-Ex1-8F-lcwgs-1-T.clmp.fp2_r1_screen	74221.0	2157.0	8028.0	6269.0	4396.0	1180.0	1089.0	256.0	30.0	0.0	274424.0	4238227.0
Sor-CBur_053-Ex1-8F-lcwgs-1-T.clmp.fp2_r2_screen	74194.0	2149.0	7895.0	5997.0	4192.0	1151.0	1081.0	248.0	15.0	0.0	274667.0	4238688.0
Sor-CBur_054-Ex1-7A-lcwgs-1-T.clmp.fp2_r1_screen	7517.0	291.0	632.0	555.0	399.0	81.0	60.0	21.0	1.0	0.0	26141.0	589482.0
Sor-CBur_054-Ex1-7A-lcwgs-1-T.clmp.fp2_r2_screen	7509.0	282.0	596.0	551.0	427.0	74.0	74.0	22.0	3.0	0.0	26223.0	589419.0
Sor-CBur_055-Ex1-2G-lcwgs-1-T.clmp.fp2_r1_screen	46324.0	1095.0	5002.0	3980.0	2870.0	791.0	758.0	151.0	10.0	0.0	172501.0	3083017.0
Sor-CBur_055-Ex1-2G-lcwgs-1-T.clmp.fp2_r2_screen	46298.0	1130.0	4893.0	3917.0	2847.0	702.0	715.0	163.0	11.0	0.0	173469.0	3082354.0
Sor-CBur_058-Ex1-8C-lcwgs-1-T.clmp.fp2_r1_screen	35311.0	819.0	3698.0	2879.0	1966.0	517.0	514.0	104.0	8.0	0.0	130486.0	1968491.0
Sor-CBur_058-Ex1-8C-lcwgs-1-T.clmp.fp2_r2_screen	35284.0	758.0	3707.0	2927.0	1847.0	529.0	440.0	98.0	8.0	0.0	130704.0	1968491.0
Sor-CBur_059-Ex1-3G-lcwgs-1-T.clmp.fp2_r1_screen	16910.0	497.0	1830.0	1380.0	895.0	253.0	214.0	63.0	3.0	0.0	61964.0	1042116.0
Sor-CBur_059-Ex1-3G-lcwgs-1-T.clmp.fp2_r2_screen	17134.0	504.0	1764.0	1399.0	989.0	205.0	233.0	52.0	3.0	0.0	62064.0	1041778.0
Sor-CBur_062-Ex1-6E-lcwgs-1-T.clmp.fp2_r1_screen	95038.0	2506.0	10361.0	8013.0	5545.0	1467.0	1447.0	298.0	29.0	0.0	356775.0	5675541.0
Sor-CBur_062-Ex1-6E-lcwgs-1-T.clmp.fp2_r2_screen	95513.0	2371.0	10146.0	7883.0	5429.0	1399.0	1354.0	295.0	20.0	0.0	357685.0	5674925.0
Sor-CBur_064-Ex1-4D-lcwgs-1-T.clmp.fp2_r1_screen	32891.0	921.0	3444.0	2839.0	1905.0	541.0	467.0	86.0	12.0	0.0	122252.0	1938427.0
Sor-CBur_064-Ex1-4D-lcwgs-1-T.clmp.fp2_r2_screen	33024.0	890.0	3340.0	2619.0	1773.0	498.0	398.0	114.0	7.0	0.0	122485.0	1938637.0
Sor-CBur_065-Ex1-1F-lcwgs-1-T.clmp.fp2_r1_screen	8747.0	276.0	922.0	756.0	576.0	113.0	145.0	29.0	1.0	0.0	30890.0	614742.0
Sor-CBur_065-Ex1-1F-lcwgs-1-T.clmp.fp2_r2_screen	8750.0	271.0	944.0	721.0	567.0	118.0	137.0	30.0	1.0	0.0	30719.0	614939.0
Sor-CBur_066-Ex1-3B-lcwgs-1-T.clmp.fp2_r1_screen	34709.0	966.0	3803.0	2977.0	2142.0	501.0	518.0	104.0	7.0	0.0	129515.0	2459964.0
Sor-CBur_066-Ex1-3B-lcwgs-1-T.clmp.fp2_r2_screen	34735.0	983.0	3760.0	2870.0	2074.0	516.0	469.0	120.0	8.0	0.0	128916.0	2460755.0
Sor-CBur_067-Ex1-4H-lcwgs-1-T.clmp.fp2_r1_screen	26482.0	621.0	2749.0	2122.0	1427.0	407.0	348.0	93.0	9.0	0.0	96560.0	1439618.0
Sor-CBur_067-Ex1-4H-lcwgs-1-T.clmp.fp2_r2_screen	26114.0	640.0	2648.0	2135.0	1403.0	378.0	348.0	91.0	4.0	0.0	97214.0	1439461.0
Sor-CBur_068-Ex1-6F-lcwgs-1-T.clmp.fp2_r1_screen	90533.0	2629.0	9917.0	7609.0	5258.0	1456.0	1391.0	297.0	21.0	0.0	337017.0	5521947.0
Sor-CBur_068-Ex1-6F-lcwgs-1-T.clmp.fp2_r2_screen	90690.0	2548.0	9871.0	7480.0	5112.0	1366.0	1280.0	287.0	20.0	0.0	338669.0	5520752.0
Sor-CBur_069-Ex1-5D-lcwgs-1-T.clmp.fp2_r1_screen	31222.0	778.0	3289.0	2559.0	1745.0	481.0	440.0	86.0	10.0	0.0	113194.0	1872599.0
Sor-CBur_069-Ex1-5D-lcwgs-1-T.clmp.fp2_r2_screen	31194.0	747.0	3197.0	2600.0	1676.0	422.0	441.0	104.0	5.0	0.0	113418.0	1872599.0
Sor-CBur_070-Ex1-1E-lcwgs-1-T.clmp.fp2_r1_screen	11888.0	437.0	1253.0	1053.0	740.0	189.0	162.0	35.0	7.0	0.0	42508.0	866666.0
Sor-CBur_070-Ex1-1E-lcwgs-1-T.clmp.fp2_r2_screen	11854.0	392.0	1227.0	1047.0	736.0	182.0	162.0	52.0	3.0	0.0	42617.0	866666.0
Sor-CBur_071-Ex1-4G-lcwgs-1-T.clmp.fp2_r1_screen	59885.0	1531.0	6494.0	5144.0	3564.0	924.0	936.0	187.0	17.0	0.0	221352.0	3721868.0
Sor-CBur_071-Ex1-4G-lcwgs-1-T.clmp.fp2_r2_screen	59927.0	1618.0	6548.0	4994.0	3451.0	992.0	835.0	190.0	17.0	0.0	222669.0	3720661.0
Sor-CBur_073-Ex1-7H-lcwgs-1-T.clmp.fp2_r1_screen	10426.0	276.0	1071.0	909.0	609.0	160.0	152.0	29.0	1.0	0.0	38938.0	617971.0
Sor-CBur_073-Ex1-7H-lcwgs-1-T.clmp.fp2_r2_screen	10536.0	285.0	1135.0	868.0	628.0	156.0	144.0	35.0	0.0	0.0	38851.0	617904.0
Sor-CBur_075-Ex1-5H-lcwgs-1-T.clmp.fp2_r1_screen	29622.0	656.0	3131.0	2517.0	1708.0	480.0	447.0	103.0	8.0	0.0	111392.0	1728079.0
Sor-CBur_075-Ex1-5H-lcwgs-1-T.clmp.fp2_r2_screen	29816.0	668.0	3082.0	2372.0	1585.0	412.0	434.0	102.0	10.0	0.0	111395.0	1728267.0
Sor-CBur_076-Ex1-2B-lcwgs-1-T.clmp.fp2_r1_screen	14857.0	440.0	1686.0	1220.0	937.0	205.0	229.0	64.0	8.0	0.0	54653.0	1120208.0
Sor-CBur_076-Ex1-2B-lcwgs-1-T.clmp.fp2_r2_screen	15003.0	404.0	1586.0	1150.0	855.0	207.0	214.0	54.0	1.0	0.0	54586.0	1120447.0
Sor-CBur_077-Ex1-8E-lcwgs-1-T.clmp.fp2_r1_screen	63560.0	1643.0	6922.0	5197.0	3681.0	994.0	922.0	214.0	12.0	0.0	237662.0	3453385.0
Sor-CBur_077-Ex1-8E-lcwgs-1-T.clmp.fp2_r2_screen	63617.0	1609.0	6967.0	5113.0	3488.0	924.0	864.0	218.0	11.0	0.0	238373.0	3453008.0
Sor-CBur_078-Ex1-5G-lcwgs-1-T.clmp.fp2_r1_screen	56598.0	1537.0	6142.0	4868.0	3385.0	895.0	952.0	219.0	10.0	0.0	213993.0	3692068.0
Sor-CBur_078-Ex1-5G-lcwgs-1-T.clmp.fp2_r2_screen	57540.0	1568.0	6129.0	4699.0	3238.0	861.0	833.0	193.0	16.0	0.0	214716.0	3690874.0
Sor-CBur_079-Ex1-8G-lcwgs-1-T.clmp.fp2_r1_screen	91306.0	3060.0	9618.0	7715.0	5186.0	1468.0	1426.0	308.0	24.0	0.0	350903.0	4863230.0
Sor-CBur_079-Ex1-8G-lcwgs-1-T.clmp.fp2_r2_screen	91567.0	2972.0	9507.0	7377.0	5012.0	1375.0	1345.0	340.0	10.0	0.0	352043.0	4862696.0
Sor-CBur_080-Ex1-2F-lcwgs-1-T.clmp.fp2_r1_screen	40280.0	1186.0	4410.0	3426.0	2492.0	668.0	592.0	144.0	13.0	0.0	150978.0	2908436.0
Sor-CBur_080-Ex1-2F-lcwgs-1-T.clmp.fp2_r2_screen	40772.0	1191.0	4315.0	3436.0	2432.0	604.0	601.0	144.0	6.0	0.0	150688.0	2908436.0
Sor-CBur_081-Ex1-8A-lcwgs-1-T.clmp.fp2_r1_screen	26184.0	613.0	2644.0	2074.0	1494.0	386.0	353.0	70.0	0.0	0.0	92150.0	1491074.0
Sor-CBur_081-Ex1-8A-lcwgs-1-T.clmp.fp2_r2_screen	26125.0	635.0	2681.0	2059.0	1394.0	364.0	353.0	61.0	3.0	0.0	92455.0	1490912.0
Sor-CBur_082-Ex1-4C-lcwgs-1-T.clmp.fp2_r1_screen	30233.0	763.0	3126.0	2413.0	1756.0	440.0	421.0	88.0	6.0	0.0	110742.0	1808067.0
Sor-CBur_082-Ex1-4C-lcwgs-1-T.clmp.fp2_r2_screen	30064.0	768.0	2978.0	2404.0	1659.0	376.0	419.0	83.0	6.0	0.0	111231.0	1808067.0
Sor-CBur_084-Ex1-4A-lcwgs-1-T.clmp.fp2_r1_screen	27516.0	677.0	2743.0	2302.0	1530.0	416.0	379.0	86.0	6.0	0.0	102304.0	1633016.0
Sor-CBur_084-Ex1-4A-lcwgs-1-T.clmp.fp2_r2_screen	27710.0	685.0	2731.0	2204.0	1570.0	382.0	346.0	64.0	3.0	0.0	102264.0	1633016.0
Sor-CBur_085-Ex1-7E-lcwgs-1-T.clmp.fp2_r1_screen	11407.0	349.0	1189.0	1042.0	724.0	183.0	173.0	46.0	4.0	0.0	42136.0	710213.0
Sor-CBur_085-Ex1-7E-lcwgs-1-T.clmp.fp2_r2_screen	11572.0	350.0	1198.0	1026.0	636.0	172.0	177.0	32.0	6.0	0.0	42084.0	710213.0
Sor-CBur_086-Ex1-1D-lcwgs-1-T.clmp.fp2_r1_screen	4958.0	161.0	472.0	424.0	261.0	56.0	61.0	12.0	1.0	0.0	17642.0	313697.0
Sor-CBur_086-Ex1-1D-lcwgs-1-T.clmp.fp2_r2_screen	4865.0	155.0	488.0	425.0	249.0	67.0	65.0	22.0	1.0	0.0	17373.0	314035.0
Sor-CBur_087-Ex1-1C-lcwgs-1-T.clmp.fp2_r1_screen	4907.0	159.0	483.0	423.0	268.0	70.0	73.0	17.0	0.0	0.0	18238.0	321397.0
Sor-CBur_087-Ex1-1C-lcwgs-1-T.clmp.fp2_r2_screen	4973.0	153.0	514.0	386.0	251.0	74.0	62.0	21.0	0.0	0.0	18170.0	321431.0
Sor-CBur_088-Ex1-4F-lcwgs-1-T.clmp.fp2_r1_screen	32193.0	871.0	3305.0	2634.0	1793.0	450.0	436.0	111.0	11.0	0.0	121914.0	1845091.0
Sor-CBur_088-Ex1-4F-lcwgs-1-T.clmp.fp2_r2_screen	31990.0	832.0	3336.0	2636.0	1728.0	417.0	417.0	95.0	5.0	0.0	122262.0	1845091.0
Sor-CBur_089-Ex1-4E-lcwgs-1-T.clmp.fp2_r1_screen	38927.0	1022.0	4188.0	3303.0	2259.0	606.0	538.0	139.0	10.0	0.0	146443.0	2327300.0
Sor-CBur_089-Ex1-4E-lcwgs-1-T.clmp.fp2_r2_screen	39125.0	969.0	3991.0	3212.0	2146.0	546.0	550.0	126.0	7.0	0.0	147015.0	2327048.0
Sor-CBur_091-Ex1-7C-lcwgs-1-T.clmp.fp2_r1_screen	11668.0	318.0	1202.0	963.0	653.0	171.0	180.0	27.0	4.0	0.0	42991.0	666309.0
Sor-CBur_091-Ex1-7C-lcwgs-1-T.clmp.fp2_r2_screen	11618.0	295.0	1172.0	919.0	631.0	158.0	154.0	31.0	2.0	0.0	43269.0	666237.0
Sor-CBur_093-Ex1-7G-lcwgs-1-T.clmp.fp2_r1_screen	12842.0	360.0	1397.0	1058.0	805.0	240.0	168.0	37.0	2.0	0.0	46160.0	876849.0
Sor-CBur_093-Ex1-7G-lcwgs-1-T.clmp.fp2_r2_screen	13109.0	362.0	1452.0	1090.0	746.0	193.0	161.0	42.0	3.0	0.0	46099.0	876661.0
Sor-CBur_096-Ex1-3D-lcwgs-1-T.clmp.fp2_r1_screen	36805.0	945.0	3763.0	3097.0	2147.0	535.0	506.0	126.0	7.0	0.0	138037.0	2400511.0
Sor-CBur_096-Ex1-3D-lcwgs-1-T.clmp.fp2_r2_screen	37187.0	973.0	3788.0	3031.0	2025.0	519.0	535.0	110.0	9.0	0.0	137791.0	2400511.0
Sor-CPnd_001-Ex1-3E-lcwgs-1-T.clmp.fp2_r1_screen	37968.0	924.0	4131.0	3250.0	2235.0	639.0	588.0	141.0	7.0	0.0	139140.0	2077431.0
Sor-CPnd_001-Ex1-3E-lcwgs-1-T.clmp.fp2_r2_screen	37314.0	971.0	4059.0	3161.0	2119.0	577.0	575.0	137.0	5.0	0.0	139878.0	2077658.0
Sor-CPnd_002-Ex1-5E-lcwgs-1-T.clmp.fp2_r1_screen	41928.0	1344.0	4342.0	3420.0	2274.0	628.0	588.0	129.0	11.0	0.0	157522.0	2166580.0
Sor-CPnd_002-Ex1-5E-lcwgs-1-T.clmp.fp2_r2_screen	42233.0	1350.0	4326.0	3341.0	2142.0	649.0	570.0	128.0	14.0	0.0	157196.0	2166817.0
Sor-CPnd_003-Ex1-2B-lcwgs-1-T.clmp.fp2_r1_screen	45770.0	1735.0	4826.0	3847.0	2674.0	684.0	611.0	151.0	5.0	0.0	167999.0	2861033.0
Sor-CPnd_003-Ex1-2B-lcwgs-1-T.clmp.fp2_r2_screen	45727.0	1653.0	4747.0	3727.0	2609.0	666.0	612.0	146.0	9.0	0.0	168406.0	2861033.0
Sor-CPnd_004-Ex1-1G-lcwgs-1-T.clmp.fp2_r1_screen	54808.0	1793.0	6041.0	4657.0	3136.0	911.0	839.0	168.0	18.0	0.0	203900.0	3052287.0
Sor-CPnd_004-Ex1-1G-lcwgs-1-T.clmp.fp2_r2_screen	55376.0	1764.0	5944.0	4559.0	3095.0	846.0	793.0	159.0	18.0	0.0	204383.0	3051621.0
Sor-CPnd_005-Ex1-3D-lcwgs-1-T.clmp.fp2_r1_screen	31356.0	809.0	3370.0	2761.0	1794.0	480.0	497.0	112.0	8.0	0.0	119417.0	1760496.0
Sor-CPnd_005-Ex1-3D-lcwgs-1-T.clmp.fp2_r2_screen	31446.0	875.0	3260.0	2589.0	1770.0	471.0	461.0	89.0	11.0	0.0	120017.0	1760111.0
Sor-CPnd_006-Ex1-2D-lcwgs-1-T.clmp.fp2_r1_screen	43582.0	1481.0	4628.0	3743.0	2474.0	709.0	693.0	145.0	11.0	0.0	159324.0	2439943.0
Sor-CPnd_006-Ex1-2D-lcwgs-1-T.clmp.fp2_r2_screen	43045.0	1465.0	4515.0	3652.0	2399.0	686.0	618.0	134.0	12.0	0.0	160264.0	2439943.0
Sor-CPnd_007-Ex1-1C-lcwgs-1-T.clmp.fp2_r1_screen	36217.0	1633.0	3751.0	3029.0	2024.0	514.0	472.0	142.0	5.0	0.0	139653.0	2359295.0
Sor-CPnd_007-Ex1-1C-lcwgs-1-T.clmp.fp2_r2_screen	36648.0	1633.0	3696.0	3208.0	1995.0	489.0	467.0	122.0	6.0	0.0	138922.0	2359549.0
Sor-CPnd_008-Ex1-1A-lcwgs-1-T.clmp.fp2_r1_screen	44782.0	3307.0	5302.0	4016.0	2943.0	709.0	693.0	151.0	12.0	0.0	157045.0	4169012.0
Sor-CPnd_008-Ex1-1A-lcwgs-1-T.clmp.fp2_r2_screen	44634.0	3305.0	4948.0	3806.0	2734.0	666.0	661.0	171.0	8.0	0.0	153639.0	4173400.0
Sor-CPnd_009-Ex1-6A-lcwgs-1-T.clmp.fp2_r1_screen	53802.0	1750.0	5530.0	4328.0	3204.0	739.0	650.0	191.0	14.0	0.0	189459.0	3862019.0
Sor-CPnd_009-Ex1-6A-lcwgs-1-T.clmp.fp2_r2_screen	53623.0	1767.0	5555.0	4249.0	3030.0	743.0	668.0	173.0	9.0	0.0	188613.0	3863256.0
Sor-CPnd_010-Ex1-1H-lcwgs-1-T.clmp.fp2_r1_screen	58555.0	1702.0	6600.0	5063.0	3478.0	937.0	927.0	185.0	12.0	0.0	218219.0	3788263.0
Sor-CPnd_010-Ex1-1H-lcwgs-1-T.clmp.fp2_r2_screen	58981.0	1675.0	6418.0	5013.0	3492.0	920.0	885.0	188.0	11.0	0.0	218503.0	3787855.0
Sor-CPnd_011-Ex1-8D-lcwgs-1-T.clmp.fp2_r1_screen	28580.0	1010.0	2970.0	2420.0	1629.0	419.0	415.0	97.0	7.0	0.0	105704.0	1522447.0
Sor-CPnd_011-Ex1-8D-lcwgs-1-T.clmp.fp2_r2_screen	28575.0	975.0	2871.0	2269.0	1497.0	444.0	393.0	87.0	10.0	0.0	105630.0	1522947.0
Sor-CPnd_012-Ex1-5B-lcwgs-1-T.clmp.fp2_r1_screen	29500.0	851.0	3036.0	2370.0	1629.0	451.0	417.0	96.0	8.0	0.0	104232.0	1766239.0
Sor-CPnd_012-Ex1-5B-lcwgs-1-T.clmp.fp2_r2_screen	29577.0	890.0	2882.0	2354.0	1600.0	419.0	426.0	102.0	10.0	0.0	103948.0	1766621.0
Sor-CPnd_013-Ex1-7F-lcwgs-1-T.clmp.fp2_r1_screen	29878.0	983.0	3169.0	2483.0	1669.0	475.0	431.0	100.0	7.0	0.0	108746.0	1845864.0
Sor-CPnd_013-Ex1-7F-lcwgs-1-T.clmp.fp2_r2_screen	30142.0	1007.0	3056.0	2526.0	1623.0	429.0	408.0	92.0	10.0	0.0	109047.0	1845465.0
Sor-CPnd_014-Ex1-1F-lcwgs-1-T.clmp.fp2_r1_screen	44630.0	1413.0	4662.0	3771.0	2443.0	656.0	660.0	123.0	5.0	0.0	162305.0	2486914.0
Sor-CPnd_014-Ex1-1F-lcwgs-1-T.clmp.fp2_r2_screen	44953.0	1417.0	4673.0	3729.0	2240.0	655.0	604.0	110.0	5.0	0.0	162824.0	2486372.0
Sor-CPnd_015-Ex1-5F-lcwgs-1-T.clmp.fp2_r1_screen	37700.0	1138.0	3850.0	3143.0	2059.0	615.0	549.0	111.0	12.0	0.0	138613.0	2159579.0
Sor-CPnd_015-Ex1-5F-lcwgs-1-T.clmp.fp2_r2_screen	37401.0	1144.0	3923.0	3121.0	1929.0	538.0	532.0	122.0	17.0	0.0	138594.0	2160048.0
Sor-CPnd_016-Ex1-1B-lcwgs-1-T.clmp.fp2_r1_screen	31431.0	1293.0	3228.0	2633.0	1869.0	449.0	431.0	113.0	6.0	0.0	108520.0	2591758.0
Sor-CPnd_016-Ex1-1B-lcwgs-1-T.clmp.fp2_r2_screen	31486.0	1343.0	3107.0	2544.0	1732.0	417.0	419.0	108.0	10.0	0.0	107162.0	2593403.0
Sor-CPnd_017-Ex1-3G-lcwgs-1-T.clmp.fp2_r1_screen	44350.0	1139.0	4677.0	3735.0	2496.0	723.0	678.0	124.0	12.0	0.0	163156.0	2426690.0
Sor-CPnd_017-Ex1-3G-lcwgs-1-T.clmp.fp2_r2_screen	44565.0	1141.0	4830.0	3606.0	2366.0	633.0	694.0	136.0	11.0	0.0	163902.0	2425896.0
Sor-CPnd_018-Ex1-1E-lcwgs-1-T.clmp.fp2_r1_screen	57435.0	1952.0	6114.0	4734.0	3148.0	944.0	895.0	206.0	15.0	0.0	211127.0	3387393.0
Sor-CPnd_018-Ex1-1E-lcwgs-1-T.clmp.fp2_r2_screen	57855.0	1921.0	6193.0	4747.0	3062.0	858.0	870.0	198.0	9.0	0.0	211959.0	3386291.0
Sor-CPnd_019-Ex1-6G-lcwgs-1-T.clmp.fp2_r1_screen	42632.0	1596.0	4303.0	3370.0	2200.0	720.0	598.0	140.0	9.0	0.0	160647.0	2180837.0
Sor-CPnd_019-Ex1-6G-lcwgs-1-T.clmp.fp2_r2_screen	42476.0	1529.0	4272.0	3406.0	2214.0	621.0	530.0	122.0	17.0	0.0	161028.0	2180837.0
Sor-CPnd_020-Ex1-2E-lcwgs-1-T.clmp.fp2_r1_screen	53829.0	1666.0	5787.0	4633.0	2965.0	937.0	805.0	165.0	14.0	0.0	199871.0	2858482.0
Sor-CPnd_020-Ex1-2E-lcwgs-1-T.clmp.fp2_r2_screen	53520.0	1616.0	5680.0	4567.0	2874.0	850.0	752.0	167.0	16.0	0.0	200317.0	2858795.0
Sor-CPnd_021-Ex1-4D-lcwgs-1-T.clmp.fp2_r1_screen	23953.0	655.0	2432.0	1954.0	1310.0	385.0	316.0	58.0	10.0	0.0	87241.0	1214050.0
Sor-CPnd_021-Ex1-4D-lcwgs-1-T.clmp.fp2_r2_screen	23849.0	636.0	2323.0	1826.0	1207.0	325.0	375.0	62.0	7.0	0.0	87171.0	1214583.0
Sor-CPnd_022-Ex1-7C-lcwgs-1-T.clmp.fp2_r1_screen	41394.0	1266.0	4272.0	3308.0	2393.0	639.0	629.0	127.0	6.0	0.0	151981.0	2462564.0
Sor-CPnd_022-Ex1-7C-lcwgs-1-T.clmp.fp2_r2_screen	41703.0	1247.0	4233.0	3211.0	2285.0	620.0	572.0	131.0	9.0	0.0	152271.0	2462297.0
Sor-CPnd_023-Ex1-4A-lcwgs-1-T.clmp.fp2_r1_screen	26651.0	746.0	2720.0	2176.0	1529.0	415.0	376.0	97.0	7.0	0.0	96250.0	1638848.0
Sor-CPnd_023-Ex1-4A-lcwgs-1-T.clmp.fp2_r2_screen	26916.0	783.0	2774.0	2088.0	1427.0	369.0	359.0	98.0	6.0	0.0	95970.0	1639025.0
Sor-CPnd_024-Ex1-5G-lcwgs-1-T.clmp.fp2_r1_screen	32497.0	1159.0	3505.0	2632.0	1847.0	534.0	470.0	90.0	7.0	0.0	121002.0	1735827.0
Sor-CPnd_024-Ex1-5G-lcwgs-1-T.clmp.fp2_r2_screen	32525.0	1179.0	3407.0	2621.0	1736.0	502.0	434.0	84.0	11.0	0.0	122004.0	1735067.0
Sor-CPnd_025-Ex1-4B-lcwgs-1-T.clmp.fp2_r1_screen	24222.0	698.0	2482.0	1911.0	1291.0	354.0	313.0	81.0	6.0	0.0	88476.0	1436439.0
Sor-CPnd_025-Ex1-4B-lcwgs-1-T.clmp.fp2_r2_screen	24152.0	712.0	2459.0	1899.0	1247.0	356.0	318.0	67.0	5.0	0.0	88463.0	1436595.0
Sor-CPnd_026-Ex1-3H-lcwgs-1-T.clmp.fp2_r1_screen	30264.0	757.0	3154.0	2521.0	1741.0	481.0	474.0	97.0	6.0	0.0	111531.0	1765545.0
Sor-CPnd_026-Ex1-3H-lcwgs-1-T.clmp.fp2_r2_screen	30104.0	738.0	3134.0	2440.0	1649.0	500.0	452.0	98.0	13.0	0.0	111707.0	1765736.0
Sor-CPnd_027-Ex1-3C-lcwgs-1-T.clmp.fp2_r1_screen	30826.0	820.0	3403.0	2612.0	1835.0	447.0	432.0	102.0	11.0	0.0	113491.0	1912848.0
Sor-CPnd_027-Ex1-3C-lcwgs-1-T.clmp.fp2_r2_screen	30655.0	832.0	3248.0	2492.0	1742.0	469.0	446.0	93.0	8.0	0.0	113374.0	1913468.0
Sor-CPnd_028-Ex1-3A-lcwgs-1-T.clmp.fp2_r1_screen	31954.0	830.0	3390.0	2573.0	1913.0	489.0	460.0	103.0	5.0	0.0	118986.0	2055880.0
Sor-CPnd_028-Ex1-3A-lcwgs-1-T.clmp.fp2_r2_screen	32196.0	887.0	3373.0	2500.0	1796.0	464.0	428.0	113.0	6.0	0.0	118496.0	2056324.0
Sor-CPnd_029-Ex1-8E-lcwgs-1-T.clmp.fp2_r1_screen	56915.0	1551.0	6097.0	4730.0	3122.0	920.0	915.0	177.0	15.0	0.0	207885.0	3135675.0
Sor-CPnd_029-Ex1-8E-lcwgs-1-T.clmp.fp2_r2_screen	56880.0	1585.0	6084.0	4435.0	3167.0	837.0	865.0	177.0	17.0	0.0	207597.0	3136358.0
Sor-CPnd_030-Ex1-2H-lcwgs-1-T.clmp.fp2_r1_screen	33923.0	1068.0	3699.0	2898.0	1947.0	572.0	532.0	111.0	4.0	0.0	127959.0	1898181.0
Sor-CPnd_030-Ex1-2H-lcwgs-1-T.clmp.fp2_r2_screen	33852.0	1061.0	3480.0	2772.0	1823.0	531.0	512.0	97.0	12.0	0.0	128159.0	1898595.0
Sor-CPnd_031-Ex1-5D-lcwgs-1-T.clmp.fp2_r1_screen	41656.0	1347.0	4440.0	3293.0	2330.0	646.0	604.0	145.0	8.0	0.0	150756.0	2516587.0
Sor-CPnd_031-Ex1-5D-lcwgs-1-T.clmp.fp2_r2_screen	41631.0	1352.0	4377.0	3343.0	2247.0	622.0	562.0	131.0	13.0	0.0	151491.0	2516043.0
Sor-CPnd_032-Ex1-4F-lcwgs-1-T.clmp.fp2_r1_screen	26364.0	703.0	2944.0	2264.0	1617.0	415.0	394.0	91.0	7.0	0.0	96415.0	1557510.0
Sor-CPnd_032-Ex1-4F-lcwgs-1-T.clmp.fp2_r2_screen	26450.0	745.0	2954.0	2206.0	1553.0	413.0	398.0	95.0	12.0	0.0	96388.0	1557510.0
Sor-CPnd_033-Ex1-2F-lcwgs-1-T.clmp.fp2_r1_screen	46463.0	1454.0	5288.0	3994.0	2805.0	776.0	769.0	136.0	6.0	0.0	170307.0	2625114.0
Sor-CPnd_033-Ex1-2F-lcwgs-1-T.clmp.fp2_r2_screen	46259.0	1443.0	5055.0	3848.0	2693.0	740.0	682.0	163.0	11.0	0.0	169961.0	2626257.0
Sor-CPnd_034-Ex1-4G-lcwgs-1-T.clmp.fp2_r1_screen	38100.0	1116.0	4142.0	3139.0	2201.0	561.0	581.0	123.0	8.0	0.0	142892.0	2114100.0
Sor-CPnd_034-Ex1-4G-lcwgs-1-T.clmp.fp2_r2_screen	38335.0	1115.0	4042.0	3127.0	2107.0	537.0	531.0	114.0	10.0	0.0	143175.0	2113870.0
Sor-CPnd_035-Ex1-4C-lcwgs-1-T.clmp.fp2_r1_screen	25699.0	639.0	2735.0	2125.0	1490.0	382.0	306.0	92.0	3.0	0.0	96229.0	1414340.0
Sor-CPnd_035-Ex1-4C-lcwgs-1-T.clmp.fp2_r2_screen	25603.0	667.0	2630.0	2116.0	1405.0	374.0	334.0	79.0	6.0	0.0	96331.0	1414495.0
Sor-CPnd_036-Ex1-5C-lcwgs-1-T.clmp.fp2_r1_screen	39355.0	1046.0	4147.0	3193.0	2290.0	593.0	531.0	116.0	7.0	0.0	140648.0	2109339.0
Sor-CPnd_036-Ex1-5C-lcwgs-1-T.clmp.fp2_r2_screen	39120.0	1029.0	4031.0	3096.0	2116.0	545.0	532.0	126.0	11.0	0.0	141320.0	2109339.0
Sor-CPnd_037-Ex1-6C-lcwgs-1-T.clmp.fp2_r1_screen	43877.0	1661.0	4515.0	3497.0	2397.0	689.0	681.0	136.0	17.0	0.0	165493.0	2489473.0
Sor-CPnd_037-Ex1-6C-lcwgs-1-T.clmp.fp2_r2_screen	43650.0	1634.0	4506.0	3497.0	2359.0	633.0	568.0	148.0	10.0	0.0	165144.0	2490287.0
Sor-CPnd_038-Ex1-2A-lcwgs-1-T.clmp.fp2_r1_screen	28869.0	1047.0	3061.0	2360.0	1743.0	461.0	413.0	83.0	4.0	0.0	104014.0	2040037.0
Sor-CPnd_038-Ex1-2A-lcwgs-1-T.clmp.fp2_r2_screen	29086.0	1051.0	3101.0	2349.0	1723.0	436.0	382.0	94.0	4.0	0.0	103829.0	2040037.0
Sor-CPnd_039-Ex1-5H-lcwgs-1-T.clmp.fp2_r1_screen	28891.0	972.0	2972.0	2347.0	1621.0	446.0	368.0	94.0	7.0	0.0	108311.0	1573972.0
Sor-CPnd_039-Ex1-5H-lcwgs-1-T.clmp.fp2_r2_screen	28573.0	956.0	2872.0	2250.0	1520.0	412.0	386.0	108.0	11.0	0.0	108941.0	1573972.0
Sor-CPnd_040-Ex1-6F-lcwgs-1-T.clmp.fp2_r1_screen	8567.0	794.0	902.0	726.0	463.0	126.0	120.0	26.0	4.0	0.0	30604.0	525117.0
Sor-CPnd_040-Ex1-6F-lcwgs-1-T.clmp.fp2_r2_screen	8535.0	786.0	960.0	726.0	471.0	132.0	124.0	29.0	3.0	0.0	30736.0	524947.0
Sor-CPnd_041-Ex1-7A-lcwgs-1-T.clmp.fp2_r1_screen	27153.0	995.0	2654.0	2057.0	1579.0	350.0	343.0	80.0	2.0	0.0	91070.0	2144978.0
Sor-CPnd_041-Ex1-7A-lcwgs-1-T.clmp.fp2_r2_screen	27387.0	1003.0	2578.0	2043.0	1593.0	366.0	297.0	79.0	8.0	0.0	90701.0	2145206.0
Sor-CPnd_042-Ex1-4E-lcwgs-1-T.clmp.fp2_r1_screen	29975.0	795.0	3267.0	2467.0	1665.0	508.0	436.0	112.0	6.0	0.0	109307.0	1584689.0
Sor-CPnd_042-Ex1-4E-lcwgs-1-T.clmp.fp2_r2_screen	29992.0	775.0	3196.0	2418.0	1634.0	427.0	391.0	98.0	8.0	0.0	109946.0	1584342.0
Sor-CPnd_043-Ex1-1D-lcwgs-1-T.clmp.fp2_r1_screen	39022.0	1396.0	4414.0	3367.0	2311.0	638.0	626.0	139.0	6.0	0.0	143930.0	2408523.0
Sor-CPnd_043-Ex1-1D-lcwgs-1-T.clmp.fp2_r2_screen	39255.0	1376.0	4161.0	3209.0	2247.0	615.0	603.0	135.0	10.0	0.0	143978.0	2408783.0
Sor-CPnd_044-Ex1-8G-lcwgs-1-T.clmp.fp2_r1_screen	42900.0	1428.0	4595.0	3643.0	2426.0	663.0	587.0	118.0	9.0	0.0	157035.0	2342330.0
Sor-CPnd_044-Ex1-8G-lcwgs-1-T.clmp.fp2_r2_screen	42675.0	1442.0	4445.0	3452.0	2284.0	595.0	666.0	108.0	15.0	0.0	156956.0	2343096.0
Sor-CPnd_045-Ex1-7B-lcwgs-1-T.clmp.fp2_r1_screen	38803.0	1097.0	4068.0	3042.0	2220.0	547.0	588.0	120.0	11.0	0.0	137302.0	2506570.0
Sor-CPnd_045-Ex1-7B-lcwgs-1-T.clmp.fp2_r2_screen	38907.0	1079.0	4007.0	2939.0	2181.0	518.0	514.0	114.0	10.0	0.0	136990.0	2507109.0
Sor-CPnd_046-Ex1-5A-lcwgs-1-T.clmp.fp2_r1_screen	36468.0	1225.0	3920.0	2938.0	2149.0	520.0	545.0	121.0	8.0	0.0	125471.0	2402635.0
Sor-CPnd_046-Ex1-5A-lcwgs-1-T.clmp.fp2_r2_screen	36379.0	1179.0	3815.0	2801.0	2129.0	567.0	496.0	108.0	5.0	0.0	125886.0	2402635.0
Sor-CPnd_047-Ex1-4H-lcwgs-1-T.clmp.fp2_r1_screen	29956.0	783.0	3231.0	2375.0	1604.0	465.0	386.0	102.0	2.0	0.0	111118.0	1529946.0
Sor-CPnd_047-Ex1-4H-lcwgs-1-T.clmp.fp2_r2_screen	29803.0	797.0	3142.0	2382.0	1554.0	436.0	420.0	72.0	12.0	0.0	110900.0	1530450.0
Sor-CPnd_048-Ex1-8A-lcwgs-1-T.clmp.fp2_r1_screen	18762.0	685.0	1907.0	1449.0	989.0	264.0	259.0	62.0	4.0	0.0	64533.0	1264406.0
Sor-CPnd_048-Ex1-8A-lcwgs-1-T.clmp.fp2_r2_screen	18668.0	648.0	1845.0	1459.0	1039.0	256.0	249.0	65.0	4.0	0.0	64545.0	1264542.0
Sor-CPnd_049-Ex1-3B-lcwgs-1-T.clmp.fp2_r1_screen	29642.0	862.0	3225.0	2509.0	1691.0	500.0	453.0	96.0	7.0	0.0	108824.0	1860456.0
Sor-CPnd_049-Ex1-3B-lcwgs-1-T.clmp.fp2_r2_screen	29894.0	847.0	3129.0	2465.0	1695.0	456.0	446.0	95.0	10.0	0.0	109173.0	1860055.0
Sor-CPnd_050-Ex1-3F-lcwgs-1-T.clmp.fp2_r1_screen	44712.0	1244.0	4842.0	3729.0	2533.0	748.0	652.0	136.0	11.0	0.0	167074.0	2709052.0
Sor-CPnd_050-Ex1-3F-lcwgs-1-T.clmp.fp2_r2_screen	44881.0	1232.0	4738.0	3627.0	2523.0	727.0	665.0	131.0	11.0	0.0	166560.0	2709638.0
Sor-CPnd_051-Ex1-6H-lcwgs-1-T.clmp.fp2_r1_screen	18152.0	957.0	1933.0	1519.0	1034.0	287.0	262.0	63.0	6.0	0.0	66599.0	1102502.0
Sor-CPnd_051-Ex1-6H-lcwgs-1-T.clmp.fp2_r2_screen	18471.0	940.0	1858.0	1517.0	1045.0	294.0	269.0	58.0	4.0	0.0	66714.0	1102144.0
Sor-CPnd_052-Ex1-6D-lcwgs-1-T.clmp.fp2_r1_screen	61497.0	2102.0	6619.0	5220.0	3603.0	975.0	909.0	205.0	14.0	0.0	223679.0	3439925.0
Sor-CPnd_052-Ex1-6D-lcwgs-1-T.clmp.fp2_r2_screen	61163.0	2170.0	6706.0	4920.0	3486.0	967.0	886.0	156.0	11.0	0.0	224358.0	3439925.0
Sor-CPnd_053-Ex1-2C-lcwgs-1-T.clmp.fp2_r1_screen	29912.0	1018.0	3201.0	2440.0	1716.0	472.0	448.0	98.0	8.0	0.0	111375.0	1773801.0
Sor-CPnd_053-Ex1-2C-lcwgs-1-T.clmp.fp2_r2_screen	29831.0	999.0	3203.0	2398.0	1672.0	434.0	416.0	102.0	6.0	0.0	111050.0	1774378.0
Sor-CPnd_054-Ex1-8F-lcwgs-1-T.clmp.fp2_r1_screen	46849.0	1571.0	5181.0	4026.0	2923.0	719.0	678.0	167.0	10.0	0.0	170883.0	3016741.0
Sor-CPnd_054-Ex1-8F-lcwgs-1-T.clmp.fp2_r2_screen	47005.0	1608.0	5143.0	3934.0	2840.0	733.0	643.0	147.0	6.0	0.0	171598.0	3016091.0
Sor-CPnd_055-Ex1-7G-lcwgs-1-T.clmp.fp2_r1_screen	40331.0	1237.0	4324.0	3276.0	2216.0	708.0	574.0	118.0	7.0	0.0	149223.0	2144252.0
Sor-CPnd_055-Ex1-7G-lcwgs-1-T.clmp.fp2_r2_screen	40259.0	1211.0	4289.0	3153.0	2136.0	634.0	600.0	124.0	12.0	0.0	149596.0	2144252.0
Sor-CPnd_056-Ex1-7E-lcwgs-1-T.clmp.fp2_r1_screen	18477.0	623.0	1927.0	1502.0	1025.0	297.0	261.0	61.0	3.0	0.0	68651.0	965625.0
Sor-CPnd_056-Ex1-7E-lcwgs-1-T.clmp.fp2_r2_screen	18498.0	596.0	1911.0	1484.0	951.0	278.0	285.0	68.0	5.0	0.0	68857.0	965519.0
Sor-CPnd_057-Ex1-6E-lcwgs-1-T.clmp.fp2_r1_screen	15938.0	821.0	1613.0	1355.0	870.0	277.0	232.0	67.0	2.0	0.0	57812.0	854654.0
Sor-CPnd_057-Ex1-6E-lcwgs-1-T.clmp.fp2_r2_screen	16072.0	821.0	1620.0	1292.0	887.0	223.0	218.0	51.0	8.0	0.0	57888.0	854561.0
Sor-CPnd_058-Ex1-2G-lcwgs-1-T.clmp.fp2_r1_screen	50791.0	1409.0	5877.0	4315.0	3115.0	891.0	825.0	183.0	13.0	0.0	186859.0	2854251.0
Sor-CPnd_058-Ex1-2G-lcwgs-1-T.clmp.fp2_r2_screen	51037.0	1466.0	5671.0	4256.0	2920.0	799.0	786.0	144.0	9.0	0.0	187501.0	2853940.0
Sor-CPnd_060-Ex1-7H-lcwgs-1-T.clmp.fp2_r1_screen	13921.0	561.0	1470.0	1164.0	819.0	208.0	232.0	41.0	4.0	0.0	52071.0	826337.0
Sor-CPnd_060-Ex1-7H-lcwgs-1-T.clmp.fp2_r2_screen	14065.0	528.0	1426.0	1114.0	733.0	215.0	198.0	39.0	4.0	0.0	51810.0	826696.0
Sor-CPnd_063-Ex1-7D-lcwgs-1-T.clmp.fp2_r1_screen	37915.0	1081.0	4095.0	3075.0	2202.0	588.0	553.0	112.0	11.0	0.0	137147.0	2180500.0
Sor-CPnd_063-Ex1-7D-lcwgs-1-T.clmp.fp2_r2_screen	37887.0	1105.0	3916.0	3045.0	1995.0	568.0	557.0	123.0	7.0	0.0	136866.0	2181210.0
Sor-CPnd_066-Ex1-8B-lcwgs-1-T.clmp.fp2_r1_screen	27984.0	843.0	2964.0	2233.0	1586.0	414.0	402.0	88.0	6.0	0.0	101433.0	1703863.0
Sor-CPnd_066-Ex1-8B-lcwgs-1-T.clmp.fp2_r2_screen	27930.0	796.0	2941.0	2259.0	1592.0	362.0	401.0	78.0	10.0	0.0	101031.0	1704416.0
Sor-CPnd_068-Ex1-8H-lcwgs-1-T.clmp.fp2_r1_screen	21851.0	713.0	2321.0	1760.0	1221.0	326.0	310.0	67.0	7.0	0.0	82008.0	1185821.0
Sor-CPnd_068-Ex1-8H-lcwgs-1-T.clmp.fp2_r2_screen	21754.0	726.0	2333.0	1738.0	1184.0	350.0	327.0	60.0	3.0	0.0	81979.0	1185951.0
Sor-CPnd_069-Ex1-6B-lcwgs-1-T.clmp.fp2_r1_screen	28020.0	1042.0	2993.0	2398.0	1677.0	434.0	430.0	123.0	8.0	0.0	105511.0	1835660.0
Sor-CPnd_069-Ex1-6B-lcwgs-1-T.clmp.fp2_r2_screen	28538.0	1114.0	2970.0	2282.0	1670.0	408.0	379.0	113.0	10.0	0.0	105943.0	1834869.0
Sor-CPnd_072-Ex1-8C-lcwgs-1-T.clmp.fp2_r1_screen	46011.0	1451.0	4739.0	3538.0	2577.0	702.0	632.0	140.0	11.0	0.0	168445.0	2790877.0
Sor-CPnd_072-Ex1-8C-lcwgs-1-T.clmp.fp2_r2_screen	46261.0	1482.0	4608.0	3487.0	2424.0	620.0	609.0	141.0	10.0	0.0	167397.0	2792084.0
