Sample	FastQC_mqc-generalstats-fastqc-percent_duplicates	FastQC_mqc-generalstats-fastqc-percent_gc	FastQC_mqc-generalstats-fastqc-avg_sequence_length	FastQC_mqc-generalstats-fastqc-percent_fails	FastQC_mqc-generalstats-fastqc-total_sequences
Sor-ABur_001-Ex1-6G-lcwgs-1-T.clmp.fp2_repr.R1	1.9188974036564446	35.0	101.83600160234838	0.0	1225701.0
Sor-ABur_001-Ex1-6G-lcwgs-1-T.clmp.fp2_repr.R2	1.8600350827043144	35.0	101.16241726163233	0.0	1225701.0
Sor-ABur_002-Ex1-7G-lcwgs-1-T.clmp.fp2_repr.R1	2.04653151360624	34.0	104.08184821077468	0.0	635750.0
Sor-ABur_002-Ex1-7G-lcwgs-1-T.clmp.fp2_repr.R2	1.8617884654200623	34.0	103.44766968147857	0.0	635750.0
Sor-ABur_003-Ex1-8G-lcwgs-1-T.clmp.fp2_repr.R1	1.122628435352297	34.0	94.93746791375843	0.0	2563404.0
Sor-ABur_003-Ex1-8G-lcwgs-1-T.clmp.fp2_repr.R2	1.0630712118389596	34.0	94.48077205153773	0.0	2563404.0
Sor-ABur_004-Ex1-9G-lcwgs-1-T.clmp.fp2_repr.R1	1.6111527961996757	35.0	99.87635347486949	0.0	1380613.0
Sor-ABur_004-Ex1-9G-lcwgs-1-T.clmp.fp2_repr.R2	1.5382334185016333	35.0	99.24254950518356	0.0	1380613.0
Sor-ABur_005-Ex1-10G-lcwgs-1-T.clmp.fp2_repr.R1	1.6544408440091303	35.0	94.69657822845765	0.0	1274223.0
Sor-ABur_005-Ex1-10G-lcwgs-1-T.clmp.fp2_repr.R2	1.5621619081163516	35.0	94.09937742451675	0.0	1274223.0
Sor-ABur_006-Ex1-11G-lcwgs-1-T.clmp.fp2_repr.R1	2.4893148783728947	35.0	97.53274879226815	0.0	2026319.0
Sor-ABur_006-Ex1-11G-lcwgs-1-T.clmp.fp2_repr.R2	2.424331305330128	35.0	96.90697516037702	0.0	2026319.0
Sor-ABur_007-Ex1-12G-lcwgs-1-T.clmp.fp2_repr.R1	1.2880141687600997	35.0	97.14403499915868	0.0	1248030.0
Sor-ABur_007-Ex1-12G-lcwgs-1-T.clmp.fp2_repr.R2	1.2187012019231958	35.0	96.56286787977854	0.0	1248030.0
Sor-ABur_008-Ex1-1H-lcwgs-1-T.clmp.fp2_repr.R1	1.7338158248482074	35.0	100.83453535793137	0.0	1760086.0
Sor-ABur_008-Ex1-1H-lcwgs-1-T.clmp.fp2_repr.R2	1.644086238212168	35.0	100.11708007449636	0.0	1760086.0
Sor-ABur_009-Ex1-2H-lcwgs-1-T.clmp.fp2_repr.R1	1.5139367387180158	35.0	97.75914830106512	0.0	1516921.0
Sor-ABur_009-Ex1-2H-lcwgs-1-T.clmp.fp2_repr.R2	1.471223365455515	35.0	97.20403369720638	0.0	1516921.0
Sor-ABur_010-Ex1-3H-lcwgs-1-T.clmp.fp2_repr.R1	1.5460698899487824	35.0	96.59275653965985	0.0	948138.0
Sor-ABur_010-Ex1-3H-lcwgs-1-T.clmp.fp2_repr.R2	1.421457536289921	35.0	96.07168787665931	0.0	948138.0
Sor-ABur_011-Ex1-4H-lcwgs-1-T.clmp.fp2_repr.R1	1.329002194897697	35.0	92.93435280537655	0.0	628953.0
Sor-ABur_011-Ex1-4H-lcwgs-1-T.clmp.fp2_repr.R2	1.2023569925935647	35.0	92.53352158269378	0.0	628953.0
Sor-ABur_012-Ex1-5H-lcwgs-1-T.clmp.fp2_repr.R1	2.2158379408451623	34.0	105.78155573208463	0.0	574032.0
Sor-ABur_012-Ex1-5H-lcwgs-1-T.clmp.fp2_repr.R2	2.080228140391654	34.0	105.05088043872118	0.0	574032.0
Sor-ABur_013-Ex1-6H-lcwgs-1-T.clmp.fp2_repr.R1	2.2855460742190843	34.0	111.27391388985849	0.0	595888.0
Sor-ABur_013-Ex1-6H-lcwgs-1-T.clmp.fp2_repr.R2	2.1714050121280053	34.0	110.27215013559595	0.0	595888.0
Sor-ABur_014-Ex1-7H-lcwgs-1-T.clmp.fp2_repr.R1	2.80535297996461	35.0	106.34238422369134	0.0	1198151.0
Sor-ABur_014-Ex1-7H-lcwgs-1-T.clmp.fp2_repr.R2	2.604755257351485	35.0	105.55123686413482	0.0	1198151.0
Sor-ABur_015-Ex1-8H-lcwgs-1-T.clmp.fp2_repr.R1	0.7032637632177057	35.0	90.76434046978703	0.0	715388.0
Sor-ABur_015-Ex1-8H-lcwgs-1-T.clmp.fp2_repr.R2	0.7106737813866033	35.0	90.40465593496117	0.0	715388.0
Sor-ABur_016-Ex1-9H-lcwgs-1-T.clmp.fp2_repr.R1	2.296184718025927	34.0	101.10591880585422	0.0	710667.0
Sor-ABur_016-Ex1-9H-lcwgs-1-T.clmp.fp2_repr.R2	2.0966063809372315	34.0	100.50844910485502	0.0	710667.0
Sor-ACan_001-Ex1-1A-lcwgs-1-T.clmp.fp2_repr.R1	2.1866367391498898	34.0	119.14436830103294	0.0	848545.0
Sor-ACan_001-Ex1-1A-lcwgs-1-T.clmp.fp2_repr.R2	2.039585891543055	34.0	117.63758433553907	0.0	848545.0
Sor-ACan_002-Ex1-2A-lcwgs-1-T.clmp.fp2_repr.R1	1.9304344798710389	34.0	98.08001553869288	0.0	916422.0
Sor-ACan_002-Ex1-2A-lcwgs-1-T.clmp.fp2_repr.R2	1.7869627772706878	34.0	97.46685478960566	0.0	916422.0
Sor-ACan_003-Ex1-3A-lcwgs-1-T.clmp.fp2_repr.R1	2.7265058309360484	34.0	107.31549346860068	0.0	931883.0
Sor-ACan_003-Ex1-3A-lcwgs-1-T.clmp.fp2_repr.R2	2.480371059970736	34.0	106.41440395414446	0.0	931883.0
Sor-ACan_004-Ex1-4A-lcwgs-1-T.clmp.fp2_repr.R1	2.8113166449125373	35.0	103.47097056619452	0.0	2291209.0
Sor-ACan_004-Ex1-4A-lcwgs-1-T.clmp.fp2_repr.R2	2.653661230502806	35.0	102.80546253091708	0.0	2291209.0
Sor-ACan_005-Ex1-5A-lcwgs-1-T.clmp.fp2_repr.R1	2.6786063247163554	34.0	104.46859505092429	0.0	2237832.0
Sor-ACan_005-Ex1-5A-lcwgs-1-T.clmp.fp2_repr.R2	2.529903402960926	34.0	103.82250946451744	0.0	2237832.0
Sor-ACan_006-Ex1-6A-lcwgs-1-T.clmp.fp2_repr.R1	4.819286345616121	34.0	112.48962301085524	0.0	4357526.0
Sor-ACan_006-Ex1-6A-lcwgs-1-T.clmp.fp2_repr.R2	4.5022210278195445	34.0	111.62750583702771	0.0	4357526.0
Sor-ACan_007-Ex1-7A-lcwgs-1-T.clmp.fp2_repr.R1	3.573742525056389	34.0	105.10826548769973	0.0	2725550.0
Sor-ACan_007-Ex1-7A-lcwgs-1-T.clmp.fp2_repr.R2	3.401575789646756	34.0	104.38007154519272	0.0	2725550.0
Sor-ACan_008-Ex1-8A-lcwgs-1-T.clmp.fp2_repr.R1	3.320210067429656	34.0	105.02102587383303	0.0	2215984.0
Sor-ACan_008-Ex1-8A-lcwgs-1-T.clmp.fp2_repr.R2	3.142676961030361	34.0	104.24987860923184	0.0	2215984.0
Sor-ACan_009-Ex1-9A-lcwgs-1-T.clmp.fp2_repr.R1	2.348264211016428	35.0	102.36641046550702	0.0	1401633.0
Sor-ACan_009-Ex1-9A-lcwgs-1-T.clmp.fp2_repr.R2	2.2206616855758483	35.0	101.64712588816046	0.0	1401633.0
Sor-ACan_010-Ex1-10A-lcwgs-1-T.clmp.fp2_repr.R1	2.6856730628696255	34.0	99.05792783731202	0.0	1149292.0
Sor-ACan_010-Ex1-10A-lcwgs-1-T.clmp.fp2_repr.R2	2.4490806398403038	34.0	98.34055749104667	0.0	1149292.0
Sor-ACan_011-Ex1-11A-lcwgs-1-T.clmp.fp2_repr.R1	2.1046481010449014	35.0	99.55316348241608	0.0	825783.0
Sor-ACan_011-Ex1-11A-lcwgs-1-T.clmp.fp2_repr.R2	1.9330316800774199	35.0	98.88195809310679	0.0	825783.0
Sor-ACan_012-Ex1-12A-lcwgs-1-T.clmp.fp2_repr.R1	2.512477026610455	34.0	99.94790279075625	0.0	603564.0
Sor-ACan_012-Ex1-12A-lcwgs-1-T.clmp.fp2_repr.R2	2.277276825238019	34.0	99.28070428322431	0.0	603564.0
Sor-ACan_013-Ex1-1B-lcwgs-1-T.clmp.fp2_repr.R1	0.2178597646167333	36.0	107.08965402922162	0.0	42229.0
Sor-ACan_013-Ex1-1B-lcwgs-1-T.clmp.fp2_repr.R2	0.20128347817851022	36.0	105.40327736863293	9.090909090909092	42229.0
Sor-ACan_014-Ex1-2B-lcwgs-1-T.clmp.fp2_repr.R1	1.0601560924056344	35.0	95.35542774350307	0.0	978694.0
Sor-ACan_014-Ex1-2B-lcwgs-1-T.clmp.fp2_repr.R2	1.0282005522794577	35.0	94.88430704592038	0.0	978694.0
Sor-ACan_015-Ex1-3B-lcwgs-1-T.clmp.fp2_repr.R1	1.0490499438130172	35.0	96.03741427056492	0.0	1257007.0
Sor-ACan_015-Ex1-3B-lcwgs-1-T.clmp.fp2_repr.R2	1.067449878138703	35.0	95.55974151297487	0.0	1257007.0
Sor-ACan_016-Ex1-4B-lcwgs-1-T.clmp.fp2_repr.R1	1.0669511513163883	35.0	93.43154655113376	0.0	1463133.0
Sor-ACan_016-Ex1-4B-lcwgs-1-T.clmp.fp2_repr.R2	0.9911291373089881	35.0	93.03621953711658	0.0	1463133.0
Sor-ACan_017-Ex1-5B-lcwgs-1-T.clmp.fp2_repr.R1	0.9472818322094696	35.0	93.87042847819042	0.0	876404.0
Sor-ACan_017-Ex1-5B-lcwgs-1-T.clmp.fp2_repr.R2	0.9488881068150619	35.0	93.46746135343973	0.0	876404.0
Sor-ACan_018-Ex1-6B-lcwgs-1-T.clmp.fp2_repr.R1	4.564293569796632	35.0	127.73785392341993	0.0	1081378.0
Sor-ACan_018-Ex1-6B-lcwgs-1-T.clmp.fp2_repr.R2	4.311482961068265	35.0	125.98490999447002	0.0	1081378.0
Sor-ACan_019-Ex1-7B-lcwgs-1-T.clmp.fp2_repr.R1	0.4447755307727732	37.0	106.1252820928551	0.0	45641.0
Sor-ACan_019-Ex1-7B-lcwgs-1-T.clmp.fp2_repr.R2	0.3264608575622816	37.0	104.88613308209723	0.0	45641.0
Sor-ACan_020-Ex1-8B-lcwgs-1-T.clmp.fp2_repr.R1	1.5045436477381315	36.0	92.59979383451568	0.0	1232020.0
Sor-ACan_020-Ex1-8B-lcwgs-1-T.clmp.fp2_repr.R2	1.376076318232478	36.0	92.15889514780604	0.0	1232020.0
Sor-ACan_021-Ex1-9B-lcwgs-1-T.clmp.fp2_repr.R1	3.6351660098300727	54.0	140.11650695041087	9.090909090909092	226965.0
Sor-ACan_021-Ex1-9B-lcwgs-1-T.clmp.fp2_repr.R2	3.2095748015931918	54.0	135.56462009560946	9.090909090909092	226965.0
Sor-ACan_022-Ex1-10B-lcwgs-1-T.clmp.fp2_repr.R1	2.2771155022055893	35.0	101.7178331882648	0.0	917957.0
Sor-ACan_022-Ex1-10B-lcwgs-1-T.clmp.fp2_repr.R2	2.0813052005726007	35.0	100.89917937332577	0.0	917957.0
Sor-ACan_023-Ex1-11B-lcwgs-1-T.clmp.fp2_repr.R1	3.111462838788441	35.0	103.61029316482457	0.0	1473949.0
Sor-ACan_023-Ex1-11B-lcwgs-1-T.clmp.fp2_repr.R2	2.8532923147560183	35.0	102.77750722718358	0.0	1473949.0
Sor-ACan_024-Ex1-12B-lcwgs-1-T.clmp.fp2_repr.R1	2.1226771452181765	35.0	107.70751432313422	0.0	371078.0
Sor-ACan_024-Ex1-12B-lcwgs-1-T.clmp.fp2_repr.R2	2.013039104890339	35.0	106.70673012143	0.0	371078.0
Sor-ACan_025-Ex1-1C-lcwgs-1-T.clmp.fp2_repr.R1	2.673685768345166	35.0	102.29978719445587	0.0	2628221.0
Sor-ACan_025-Ex1-1C-lcwgs-1-T.clmp.fp2_repr.R2	2.428716595173924	35.0	101.48607746456634	0.0	2628221.0
Sor-ACan_026-Ex1-2C-lcwgs-1-T.clmp.fp2_repr.R1	3.4086851471365094	52.0	137.62575925201156	9.090909090909092	324497.0
Sor-ACan_026-Ex1-2C-lcwgs-1-T.clmp.fp2_repr.R2	3.063876854868113	52.0	133.31399365787667	9.090909090909092	324497.0
Sor-ACan_027-Ex1-3C-lcwgs-1-T.clmp.fp2_repr.R1	2.143252590716827	35.0	96.37143844510797	0.0	1600214.0
Sor-ACan_027-Ex1-3C-lcwgs-1-T.clmp.fp2_repr.R2	1.9785108716464492	35.0	95.79745271569928	0.0	1600214.0
Sor-ACan_028-Ex1-4C-lcwgs-1-T.clmp.fp2_repr.R1	0.991501774966622	35.0	96.43690504232143	0.0	1417958.0
Sor-ACan_028-Ex1-4C-lcwgs-1-T.clmp.fp2_repr.R2	1.0210112771599569	35.0	96.01633264172845	0.0	1417958.0
Sor-ACan_029-Ex1-5C-lcwgs-1-T.clmp.fp2_repr.R1	2.8785215950041874	35.0	105.52235928733823	0.0	2776296.0
Sor-ACan_029-Ex1-5C-lcwgs-1-T.clmp.fp2_repr.R2	2.852654795719687	35.0	104.78287545708383	0.0	2776296.0
Sor-ACan_030-Ex1-6C-lcwgs-1-T.clmp.fp2_repr.R1	4.05915756947725	35.0	115.6898324319537	0.0	3398679.0
Sor-ACan_030-Ex1-6C-lcwgs-1-T.clmp.fp2_repr.R2	3.809569944121151	35.0	114.56464938289258	0.0	3398679.0
Sor-ACan_031-Ex1-7C-lcwgs-1-T.clmp.fp2_repr.R1	3.8806596360608836	34.0	127.64879597031516	0.0	2249903.0
Sor-ACan_031-Ex1-7C-lcwgs-1-T.clmp.fp2_repr.R2	3.698946935011932	34.0	125.98870529085032	0.0	2249903.0
Sor-ACan_032-Ex1-8C-lcwgs-1-T.clmp.fp2_repr.R1	1.2883084036436259	43.0	118.71611768657749	9.090909090909092	101218.0
Sor-ACan_032-Ex1-8C-lcwgs-1-T.clmp.fp2_repr.R2	0.99303981069869	43.0	116.4112904819301	9.090909090909092	101218.0
Sor-ACan_033-Ex1-9C-lcwgs-1-T.clmp.fp2_repr.R1	2.2845812070378315	35.0	106.68047441475036	0.0	1544640.0
Sor-ACan_033-Ex1-9C-lcwgs-1-T.clmp.fp2_repr.R2	2.17624329353292	35.0	105.80730137766729	0.0	1544640.0
Sor-ACan_034-Ex1-10C-lcwgs-1-T.clmp.fp2_repr.R1	2.7266555781767465	35.0	97.00584083460767	0.0	2170409.0
Sor-ACan_034-Ex1-10C-lcwgs-1-T.clmp.fp2_repr.R2	2.502655173787815	35.0	96.29998216925934	0.0	2170409.0
Sor-ACan_035-Ex1-11C-lcwgs-1-T.clmp.fp2_repr.R1	3.1196136583937317	39.0	123.42483358698827	9.090909090909092	130098.0
Sor-ACan_035-Ex1-11C-lcwgs-1-T.clmp.fp2_repr.R2	2.702103316423816	39.0	121.2686974434657	9.090909090909092	130098.0
Sor-ACan_036-Ex1-12C-lcwgs-1-T.clmp.fp2_repr.R1	1.7498647986422355	34.0	101.93129474682998	0.0	695580.0
Sor-ACan_036-Ex1-12C-lcwgs-1-T.clmp.fp2_repr.R2	1.5917465630392371	34.0	101.20389027861641	0.0	695580.0
Sor-ACan_037-Ex1-1D-lcwgs-1-T.clmp.fp2_repr.R1	2.6223749934408005	34.0	107.80330850813831	0.0	1229799.0
Sor-ACan_037-Ex1-1D-lcwgs-1-T.clmp.fp2_repr.R2	2.454027880619549	34.0	106.79411188332402	0.0	1229799.0
Sor-ACan_038-Ex1-2D-lcwgs-1-T.clmp.fp2_repr.R1	2.7602499220447214	35.0	100.6798430288892	0.0	1463454.0
Sor-ACan_038-Ex1-2D-lcwgs-1-T.clmp.fp2_repr.R2	2.538974698857004	35.0	99.95810186039328	0.0	1463454.0
Sor-ACan_039-Ex1-3D-lcwgs-1-T.clmp.fp2_repr.R1	1.7983475019437378	36.0	96.03328292048751	0.0	1149178.0
Sor-ACan_039-Ex1-3D-lcwgs-1-T.clmp.fp2_repr.R2	1.6851499532491658	36.0	95.454073259321	0.0	1149178.0
Sor-ACan_040-Ex1-4D-lcwgs-1-T.clmp.fp2_repr.R1	2.8732844191967217	35.0	101.23299245908709	0.0	1062073.0
Sor-ACan_040-Ex1-4D-lcwgs-1-T.clmp.fp2_repr.R2	2.59374887077702	35.0	100.61778898437301	0.0	1062073.0
Sor-ACan_041-Ex1-5D-lcwgs-1-T.clmp.fp2_repr.R1	2.8891172795797075	35.0	110.1105555109585	0.0	984121.0
Sor-ACan_041-Ex1-5D-lcwgs-1-T.clmp.fp2_repr.R2	2.6431485161471926	35.0	109.28374762859445	0.0	984121.0
Sor-ACan_042-Ex1-6D-lcwgs-1-T.clmp.fp2_repr.R1	3.9469983585586306	35.0	116.39020198971352	0.0	1663154.0
Sor-ACan_042-Ex1-6D-lcwgs-1-T.clmp.fp2_repr.R2	3.736821769356851	35.0	115.15730233039153	0.0	1663154.0
Sor-ACan_043-Ex1-7D-lcwgs-1-T.clmp.fp2_repr.R1	1.8574694796029547	34.0	111.54468539153594	0.0	2785351.0
Sor-ACan_043-Ex1-7D-lcwgs-1-T.clmp.fp2_repr.R2	1.736375817519388	34.0	110.66954900836555	0.0	2785351.0
Sor-ACan_044-Ex1-8D-lcwgs-1-T.clmp.fp2_repr.R1	2.084060122412936	35.0	105.8834260977118	0.0	346038.0
Sor-ACan_044-Ex1-8D-lcwgs-1-T.clmp.fp2_repr.R2	1.9520588294042653	35.0	105.13175431599997	0.0	346038.0
Sor-ACan_045-Ex1-9D-lcwgs-1-T.clmp.fp2_repr.R1	2.9033155415353775	35.0	110.66927146822196	0.0	853168.0
Sor-ACan_045-Ex1-9D-lcwgs-1-T.clmp.fp2_repr.R2	2.7354868769481726	35.0	109.701288609043	0.0	853168.0
Sor-ACan_046-Ex1-10D-lcwgs-1-T.clmp.fp2_repr.R1	3.768413038650138	52.0	137.8158903656483	0.0	133024.0
Sor-ACan_046-Ex1-10D-lcwgs-1-T.clmp.fp2_repr.R2	2.957619593750522	52.0	133.12736047630503	0.0	133024.0
Sor-ACan_047-Ex1-11D-lcwgs-1-T.clmp.fp2_repr.R1	2.075945174882932	35.0	90.9268652743976	0.0	1773412.0
Sor-ACan_047-Ex1-11D-lcwgs-1-T.clmp.fp2_repr.R2	1.854957166313639	35.0	90.47907705598023	0.0	1773412.0
Sor-ACan_048-Ex1-12D-lcwgs-1-T.clmp.fp2_repr.R1	3.068341622905308	34.0	102.64362485037647	0.0	1200513.0
Sor-ACan_048-Ex1-12D-lcwgs-1-T.clmp.fp2_repr.R2	2.783099637320589	34.0	101.87221712717813	0.0	1200513.0
Sor-ACan_049-Ex1-1E-lcwgs-1-T.clmp.fp2_repr.R1	3.451203356067438	35.0	108.09060583765888	0.0	1478812.0
Sor-ACan_049-Ex1-1E-lcwgs-1-T.clmp.fp2_repr.R2	3.099755728182629	35.0	107.04981431040592	0.0	1478812.0
Sor-ACan_050-Ex1-2E-lcwgs-1-T.clmp.fp2_repr.R1	2.8832422894810605	35.0	104.19729659574305	0.0	2353847.0
Sor-ACan_050-Ex1-2E-lcwgs-1-T.clmp.fp2_repr.R2	2.8092896652150756	35.0	103.34583641162743	0.0	2353847.0
Sor-ACan_051-Ex1-3E-lcwgs-1-T.clmp.fp2_repr.R1	2.9845372140108424	36.0	100.95346319620869	0.0	1790196.0
Sor-ACan_051-Ex1-3E-lcwgs-1-T.clmp.fp2_repr.R2	2.632877141954637	36.0	100.1963097895426	0.0	1790196.0
Sor-ACan_052-Ex1-4E-lcwgs-1-T.clmp.fp2_repr.R1	1.788813796864261	36.0	97.07044840865832	0.0	903640.0
Sor-ACan_052-Ex1-4E-lcwgs-1-T.clmp.fp2_repr.R2	1.5962095649140906	36.0	96.53460891505466	0.0	903640.0
Sor-ACan_053-Ex1-5E-lcwgs-1-T.clmp.fp2_repr.R1	2.6870709990793387	37.0	100.41284695088014	0.0	1422968.0
Sor-ACan_053-Ex1-5E-lcwgs-1-T.clmp.fp2_repr.R2	2.2746537275661325	37.0	99.7998928999106	0.0	1422968.0
Sor-ACan_054-Ex1-6E-lcwgs-1-T.clmp.fp2_repr.R1	2.903686043541015	50.0	136.5496757795953	0.0	276201.0
Sor-ACan_054-Ex1-6E-lcwgs-1-T.clmp.fp2_repr.R2	2.4839505626104312	50.0	132.1602709620892	0.0	276201.0
Sor-ACan_055-Ex1-7E-lcwgs-1-T.clmp.fp2_repr.R1	4.980000158662918	34.0	117.84917390612863	0.0	3470792.0
Sor-ACan_055-Ex1-7E-lcwgs-1-T.clmp.fp2_repr.R2	4.846691758704495	34.0	116.49086375674486	0.0	3470792.0
Sor-ACeb_001-Ex1-8E-lcwgs-1-T.clmp.fp2_repr.R1	1.8921055729656047	34.0	98.62334830569456	0.0	1888591.0
Sor-ACeb_001-Ex1-8E-lcwgs-1-T.clmp.fp2_repr.R2	1.8512640367323456	34.0	97.83737505897254	0.0	1888591.0
Sor-ACeb_002-Ex1-9E-lcwgs-1-T.clmp.fp2_repr.R1	2.440416371147194	41.0	107.72881650208932	9.090909090909092	685392.0
Sor-ACeb_002-Ex1-9E-lcwgs-1-T.clmp.fp2_repr.R2	2.2210603289256596	41.0	106.30759915493616	9.090909090909092	685392.0
Sor-ACeb_003-Ex1-10E-lcwgs-1-T.clmp.fp2_repr.R1	0.4206399256334663	36.0	76.58622085359383	0.0	731308.0
Sor-ACeb_003-Ex1-10E-lcwgs-1-T.clmp.fp2_repr.R2	0.47397988250257583	36.0	76.39983290214246	0.0	731308.0
Sor-ACeb_004-Ex1-11E-lcwgs-1-T.clmp.fp2_repr.R1	1.6260538359404677	38.0	89.49519578674035	0.0	805647.0
Sor-ACeb_004-Ex1-11E-lcwgs-1-T.clmp.fp2_repr.R2	1.5226105180653633	38.0	88.9514737844242	0.0	805647.0
Sor-ACeb_005-Ex1-12E-lcwgs-1-T.clmp.fp2_repr.R1	2.901511732783021	51.0	127.5706005140856	9.090909090909092	115934.0
Sor-ACeb_005-Ex1-12E-lcwgs-1-T.clmp.fp2_repr.R2	2.417599234839656	51.0	124.24488933358636	9.090909090909092	115934.0
Sor-ACeb_006-Ex1-1F-lcwgs-1-T.clmp.fp2_repr.R1	2.224192353108762	41.0	95.1496841018505	0.0	178222.0
Sor-ACeb_006-Ex1-1F-lcwgs-1-T.clmp.fp2_repr.R2	1.9895450198862932	40.0	94.28343302173694	0.0	178222.0
Sor-ACeb_007-Ex1-2F-lcwgs-1-T.clmp.fp2_repr.R1	1.1023044125484773	40.0	88.85211113706754	0.0	530804.0
Sor-ACeb_007-Ex1-2F-lcwgs-1-T.clmp.fp2_repr.R2	1.0452418827544392	40.0	88.32255973956488	0.0	530804.0
Sor-ACeb_008-Ex1-3F-lcwgs-1-T.clmp.fp2_repr.R1	0.5178479496405544	35.0	81.2238296064215	0.0	409499.0
Sor-ACeb_008-Ex1-3F-lcwgs-1-T.clmp.fp2_repr.R2	0.5357459211719515	35.0	80.98324293832219	0.0	409499.0
Sor-ACeb_009-Ex1-4F-lcwgs-1-T.clmp.fp2_repr.R1	0.4895581504524529	36.0	79.5230537047994	0.0	466476.0
Sor-ACeb_009-Ex1-4F-lcwgs-1-T.clmp.fp2_repr.R2	0.5350855520637907	36.0	79.37466021831777	0.0	466476.0
Sor-ACeb_010-Ex1-5F-lcwgs-1-T.clmp.fp2_repr.R1	2.2100632021760305	39.0	93.23348391174974	0.0	194583.0
Sor-ACeb_010-Ex1-5F-lcwgs-1-T.clmp.fp2_repr.R2	2.059962612393278	39.0	92.73768006454829	0.0	194583.0
Sor-ACeb_011-Ex1-6F-lcwgs-1-T.clmp.fp2_repr.R1	2.820442494057417	49.0	130.88542238069118	0.0	87504.0
Sor-ACeb_011-Ex1-6F-lcwgs-1-T.clmp.fp2_repr.R2	2.2204699213750274	49.0	127.14411912598281	0.0	87504.0
Sor-ACeb_012-Ex1-7F-lcwgs-1-T.clmp.fp2_repr.R1	2.0261444032716582	36.0	91.91509380217623	0.0	684579.0
Sor-ACeb_012-Ex1-7F-lcwgs-1-T.clmp.fp2_repr.R2	1.847781601046833	36.0	91.51686218829383	0.0	684579.0
Sor-ACeb_013-Ex1-8F-lcwgs-1-T.clmp.fp2_repr.R1	1.8685180423416483	46.0	119.27136367532356	9.090909090909092	46668.0
Sor-ACeb_013-Ex1-8F-lcwgs-1-T.clmp.fp2_repr.R2	1.4635296134396185	46.0	116.16634524727866	9.090909090909092	46668.0
Sor-ACeb_014-Ex1-9F-lcwgs-1-T.clmp.fp2_repr.R1	1.9461315864788418	43.0	112.94695837440773	9.090909090909092	62894.0
Sor-ACeb_014-Ex1-9F-lcwgs-1-T.clmp.fp2_repr.R2	1.712404998887024	43.0	111.00697999809202	9.090909090909092	62894.0
Sor-ACeb_015-Ex1-10F-lcwgs-1-T.clmp.fp2_repr.R1	1.6143263760916398	39.0	94.12720151269583	0.0	481260.0
Sor-ACeb_015-Ex1-10F-lcwgs-1-T.clmp.fp2_repr.R2	1.4527211439913827	39.0	93.33704650292981	0.0	481260.0
Sor-ACeb_016-Ex1-11F-lcwgs-1-T.clmp.fp2_repr.R1	1.7106807164448838	42.0	94.46411368244239	0.0	1052546.0
Sor-ACeb_016-Ex1-11F-lcwgs-1-T.clmp.fp2_repr.R2	1.6074295847075604	42.0	93.58489605204903	0.0	1052546.0
Sor-ACeb_017-Ex1-12F-lcwgs-1-T.clmp.fp2_repr.R1	1.4765207651969376	40.0	89.20262236737942	0.0	733917.0
Sor-ACeb_017-Ex1-12F-lcwgs-1-T.clmp.fp2_repr.R2	1.4129845514988233	40.0	88.61656835854735	0.0	733917.0
Sor-ACeb_018-Ex1-1G-lcwgs-1-T.clmp.fp2_repr.R1	1.3778200111539007	39.0	105.69386619894763	0.0	199550.0
Sor-ACeb_018-Ex1-1G-lcwgs-1-T.clmp.fp2_repr.R2	1.2567880896572774	39.0	104.61641192683538	0.0	199550.0
Sor-ACeb_019-Ex1-3G-lcwgs-1-T.clmp.fp2_repr.R1	0.20373597780995567	36.0	103.59625911288937	0.0	40739.0
Sor-ACeb_019-Ex1-3G-lcwgs-1-T.clmp.fp2_repr.R2	0.13991506909840723	36.0	102.54716610618817	0.0	40739.0
Sor-ACeb_020-Ex1-2G-lcwgs-1-T.clmp.fp2_repr.R1	0.23294590750822408	36.0	103.90206463635919	0.0	40782.0
Sor-ACeb_020-Ex1-2G-lcwgs-1-T.clmp.fp2_repr.R2	0.1912608503751585	36.0	102.82649207983914	0.0	40782.0
Sor-ACeb_021-Ex1-4G-lcwgs-1-T.clmp.fp2_repr.R1	0.17766427004968932	36.0	100.4836632151681	9.090909090909092	36023.0
Sor-ACeb_021-Ex1-4G-lcwgs-1-T.clmp.fp2_repr.R2	0.14712822363489408	36.0	99.73050551036837	9.090909090909092	36023.0
Sor-ACeb_022-Ex1-5G-lcwgs-1-T.clmp.fp2_repr.R1	2.6505506820950586	47.0	121.29335542000806	9.090909090909092	129188.0
Sor-ACeb_022-Ex1-5G-lcwgs-1-T.clmp.fp2_repr.R2	2.3115437236390903	47.0	118.67354553054463	9.090909090909092	129188.0
Sor-CBur_001-Ex1-2C-lcwgs-1-T.clmp.fp2_repr.R1	1.7587651481455424	39.0	123.78786109240197	0.0	2366638.0
Sor-CBur_001-Ex1-2C-lcwgs-1-T.clmp.fp2_repr.R2	1.7472703351838845	39.0	121.56165412707816	0.0	2366638.0
Sor-CBur_003-Ex1-1G-lcwgs-1-T.clmp.fp2_repr.R1	1.6035761083541615	39.0	129.12728067059678	0.0	1089537.0
Sor-CBur_003-Ex1-1G-lcwgs-1-T.clmp.fp2_repr.R2	1.5645870398992798	39.0	126.5452416944078	0.0	1089537.0
Sor-CBur_004-Ex1-1H-lcwgs-1-T.clmp.fp2_repr.R1	1.4535166686042373	39.0	122.45791832193446	0.0	1203481.0
Sor-CBur_004-Ex1-1H-lcwgs-1-T.clmp.fp2_repr.R2	1.4562333555520581	39.0	120.53046205133276	0.0	1203481.0
Sor-CBur_005-Ex1-8H-lcwgs-1-T.clmp.fp2_repr.R1	1.8980067241832472	38.0	126.30236169209549	0.0	2445323.0
Sor-CBur_005-Ex1-8H-lcwgs-1-T.clmp.fp2_repr.R2	1.8762126079379442	38.0	123.70960278049158	0.0	2445323.0
Sor-CBur_009-Ex1-3H-lcwgs-1-T.clmp.fp2_repr.R1	1.7277841622607326	39.0	117.45482662685438	0.0	2561354.0
Sor-CBur_009-Ex1-3H-lcwgs-1-T.clmp.fp2_repr.R2	1.7626690228127586	39.0	115.7036403402263	0.0	2561354.0
Sor-CBur_010-Ex1-2H-lcwgs-1-T.clmp.fp2_repr.R1	1.9433761283174107	38.0	127.47945544893606	0.0	2627412.0
Sor-CBur_010-Ex1-2H-lcwgs-1-T.clmp.fp2_repr.R2	1.9312980941982403	38.0	125.03576218727783	0.0	2627412.0
Sor-CBur_011-Ex1-5F-lcwgs-1-T.clmp.fp2_repr.R1	2.8221210524502993	39.0	128.39684010327446	0.0	5114914.0
Sor-CBur_011-Ex1-5F-lcwgs-1-T.clmp.fp2_repr.R2	2.9032749338947923	39.0	125.47173930979093	0.0	5114914.0
Sor-CBur_012-Ex1-3E-lcwgs-1-T.clmp.fp2_repr.R1	2.5249454077592333	39.0	125.07809348722269	0.0	3749967.0
Sor-CBur_012-Ex1-3E-lcwgs-1-T.clmp.fp2_repr.R2	2.5990897896618748	38.0	122.70948064342966	0.0	3749967.0
Sor-CBur_013-Ex1-6B-lcwgs-1-T.clmp.fp2_repr.R1	1.6679390847364743	38.0	120.11099459409799	0.0	2416433.0
Sor-CBur_013-Ex1-6B-lcwgs-1-T.clmp.fp2_repr.R2	1.7106178345657668	38.0	118.16760530914782	0.0	2416433.0
Sor-CBur_014-Ex1-6H-lcwgs-1-T.clmp.fp2_repr.R1	1.4482460894890892	38.0	104.08519616200246	0.0	3646068.0
Sor-CBur_014-Ex1-6H-lcwgs-1-T.clmp.fp2_repr.R2	1.5065555286873291	38.0	103.08172337981628	0.0	3646068.0
Sor-CBur_015-Ex1-2D-lcwgs-1-T.clmp.fp2_repr.R1	1.8734752730167088	38.0	128.77860273038942	0.0	2585199.0
Sor-CBur_015-Ex1-2D-lcwgs-1-T.clmp.fp2_repr.R2	1.852965676024695	38.0	126.26992158050503	0.0	2585199.0
Sor-CBur_016-Ex1-6G-lcwgs-1-T.clmp.fp2_repr.R1	2.0471763044778584	38.0	119.8624514427089	0.0	4611048.0
Sor-CBur_016-Ex1-6G-lcwgs-1-T.clmp.fp2_repr.R2	2.151336863228508	38.0	118.04947638801418	0.0	4611048.0
Sor-CBur_020-Ex1-7D-lcwgs-1-T.clmp.fp2_repr.R1	1.1063423219414972	39.0	115.85019186563134	0.0	653843.0
Sor-CBur_020-Ex1-7D-lcwgs-1-T.clmp.fp2_repr.R2	1.087223169560943	39.0	114.33328031346974	0.0	653843.0
Sor-CBur_021-Ex1-5C-lcwgs-1-T.clmp.fp2_repr.R1	1.974529502418747	39.0	131.836181289725	0.0	2160321.0
Sor-CBur_021-Ex1-5C-lcwgs-1-T.clmp.fp2_repr.R2	2.0000135336067757	39.0	128.48704474936827	0.0	2160321.0
Sor-CBur_022-Ex1-1A-lcwgs-1-T.clmp.fp2_repr.R1	1.744338155128247	39.0	130.4481040251445	0.0	986300.0
Sor-CBur_022-Ex1-1A-lcwgs-1-T.clmp.fp2_repr.R2	1.6671350460814978	39.0	127.42189597485552	0.0	986300.0
Sor-CBur_023-Ex1-5E-lcwgs-1-T.clmp.fp2_repr.R1	2.3477225528235834	39.0	129.5722410759342	0.0	3777034.0
Sor-CBur_023-Ex1-5E-lcwgs-1-T.clmp.fp2_repr.R2	2.389402564897111	39.0	126.72732863935035	0.0	3777034.0
Sor-CBur_025-Ex1-8B-lcwgs-1-T.clmp.fp2_repr.R1	1.2986360898522804	38.0	114.55472206319804	0.0	1675147.0
Sor-CBur_025-Ex1-8B-lcwgs-1-T.clmp.fp2_repr.R2	1.3217696637386211	38.0	112.82187593088845	0.0	1675147.0
Sor-CBur_028-Ex1-2E-lcwgs-1-T.clmp.fp2_repr.R1	2.1636769444402404	38.0	130.26220887964826	0.0	3455272.0
Sor-CBur_028-Ex1-2E-lcwgs-1-T.clmp.fp2_repr.R2	2.238215843367442	38.0	127.57660641477719	0.0	3455272.0
Sor-CBur_033-Ex1-3A-lcwgs-1-T.clmp.fp2_repr.R1	1.766232526703405	38.0	121.91275783430278	0.0	1803096.0
Sor-CBur_033-Ex1-3A-lcwgs-1-T.clmp.fp2_repr.R2	1.8051649685042293	38.0	119.69591524799567	0.0	1803096.0
Sor-CBur_034-Ex1-3C-lcwgs-1-T.clmp.fp2_repr.R1	1.7230251738978382	39.0	124.43814045207311	0.0	1814441.0
Sor-CBur_034-Ex1-3C-lcwgs-1-T.clmp.fp2_repr.R2	1.6825112683768708	39.0	122.05288240289984	0.0	1814441.0
Sor-CBur_036-Ex1-3F-lcwgs-1-T.clmp.fp2_repr.R1	2.5176049009034074	39.0	127.60690385935054	0.0	3915607.0
Sor-CBur_036-Ex1-3F-lcwgs-1-T.clmp.fp2_repr.R2	2.5615580010083647	39.0	124.89114637909269	0.0	3915607.0
Sor-CBur_037-Ex1-5A-lcwgs-1-T.clmp.fp2_repr.R1	1.434891412392787	39.0	117.19353318574296	0.0	1629736.0
Sor-CBur_037-Ex1-5A-lcwgs-1-T.clmp.fp2_repr.R2	1.4269300610394424	39.0	115.49767753795707	0.0	1629736.0
Sor-CBur_040-Ex1-4B-lcwgs-1-T.clmp.fp2_repr.R1	1.7893997009998799	39.0	128.74585986433735	0.0	1847524.0
Sor-CBur_040-Ex1-4B-lcwgs-1-T.clmp.fp2_repr.R2	1.810227565368308	39.0	125.86466752258698	0.0	1847524.0
Sor-CBur_041-Ex1-7F-lcwgs-1-T.clmp.fp2_repr.R1	1.3694798979296792	39.0	124.65920184284528	0.0	912502.0
Sor-CBur_041-Ex1-7F-lcwgs-1-T.clmp.fp2_repr.R2	1.357294367309791	39.0	122.38764189009997	0.0	912502.0
Sor-CBur_042-Ex1-6C-lcwgs-1-T.clmp.fp2_repr.R1	1.4925056125321987	38.0	118.2248944072827	0.0	2170841.0
Sor-CBur_042-Ex1-6C-lcwgs-1-T.clmp.fp2_repr.R2	1.536129744832209	38.0	116.3635531114439	0.0	2170841.0
Sor-CBur_043-Ex1-1B-lcwgs-1-T.clmp.fp2_repr.R1	1.5025652402390222	40.0	128.94196660958258	0.0	530212.0
Sor-CBur_043-Ex1-1B-lcwgs-1-T.clmp.fp2_repr.R2	1.477912950082171	40.0	126.28199097719403	0.0	530212.0
Sor-CBur_044-Ex1-6A-lcwgs-1-T.clmp.fp2_repr.R1	1.3864887339062335	38.0	114.26210549610582	0.0	2101215.0
Sor-CBur_044-Ex1-6A-lcwgs-1-T.clmp.fp2_repr.R2	1.4069534508230248	38.0	112.77496686440941	0.0	2101215.0
Sor-CBur_046-Ex1-2A-lcwgs-1-T.clmp.fp2_repr.R1	2.1750692334898645	38.0	130.759873292309	0.0	2558645.0
Sor-CBur_046-Ex1-2A-lcwgs-1-T.clmp.fp2_repr.R2	2.1618142219970764	38.0	127.53282577301658	0.0	2558645.0
Sor-CBur_049-Ex1-7B-lcwgs-1-T.clmp.fp2_repr.R1	1.1732397380125832	39.0	119.37340427080453	0.0	549592.0
Sor-CBur_049-Ex1-7B-lcwgs-1-T.clmp.fp2_repr.R2	1.1426522726688262	39.0	117.52207819618917	0.0	549592.0
Sor-CBur_050-Ex1-6D-lcwgs-1-T.clmp.fp2_repr.R1	2.0387124172675897	38.0	119.3279724492783	0.0	4533021.0
Sor-CBur_050-Ex1-6D-lcwgs-1-T.clmp.fp2_repr.R2	2.1585681362153935	38.0	117.42512620170963	0.0	4533021.0
Sor-CBur_051-Ex1-8D-lcwgs-1-T.clmp.fp2_repr.R1	1.6131356968181336	38.0	109.36361922165058	0.0	4014598.0
Sor-CBur_051-Ex1-8D-lcwgs-1-T.clmp.fp2_repr.R2	1.7468284959167732	38.0	107.99916255625097	0.0	4014598.0
Sor-CBur_052-Ex1-5B-lcwgs-1-T.clmp.fp2_repr.R1	1.9901931319787423	39.0	130.21224865709354	0.0	1036930.0
Sor-CBur_052-Ex1-5B-lcwgs-1-T.clmp.fp2_repr.R2	1.9364297989789918	39.0	126.59547414000946	0.0	1036930.0
Sor-CBur_053-Ex1-8F-lcwgs-1-T.clmp.fp2_repr.R1	1.6018907153389534	38.0	108.26434752167248	0.0	4136237.0
Sor-CBur_053-Ex1-8F-lcwgs-1-T.clmp.fp2_repr.R2	1.7039667568102743	38.0	106.95833169134167	0.0	4136237.0
Sor-CBur_054-Ex1-7A-lcwgs-1-T.clmp.fp2_repr.R1	0.7842015721452356	41.0	101.40636226697364	0.0	582874.0
Sor-CBur_054-Ex1-7A-lcwgs-1-T.clmp.fp2_repr.R2	0.827191113183531	41.0	100.87990371847089	0.0	582874.0
Sor-CBur_055-Ex1-2G-lcwgs-1-T.clmp.fp2_repr.R1	2.032431647301152	38.0	129.94314335228555	0.0	3000001.0
Sor-CBur_055-Ex1-2G-lcwgs-1-T.clmp.fp2_repr.R2	2.044745681145457	38.0	127.26126391291203	0.0	3000001.0
Sor-CBur_058-Ex1-8C-lcwgs-1-T.clmp.fp2_repr.R1	1.3252381032292107	38.0	112.03503612177887	0.0	1921417.0
Sor-CBur_058-Ex1-8C-lcwgs-1-T.clmp.fp2_repr.R2	1.3367445739560537	38.0	110.63492203930745	0.0	1921417.0
Sor-CBur_059-Ex1-3G-lcwgs-1-T.clmp.fp2_repr.R1	1.1153998117884356	39.0	113.76608906399727	0.0	1019559.0
Sor-CBur_059-Ex1-3G-lcwgs-1-T.clmp.fp2_repr.R2	1.1840040920419028	39.0	112.27895295907348	0.0	1019559.0
Sor-CBur_062-Ex1-6E-lcwgs-1-T.clmp.fp2_repr.R1	2.203028480570822	38.0	120.15241518650949	0.0	5529987.0
Sor-CBur_062-Ex1-6E-lcwgs-1-T.clmp.fp2_repr.R2	2.3215721286063484	38.0	118.33404960988155	0.0	5529987.0
Sor-CBur_064-Ex1-4D-lcwgs-1-T.clmp.fp2_repr.R1	1.6351652008595607	39.0	124.46627868511789	0.0	1886344.0
Sor-CBur_064-Ex1-4D-lcwgs-1-T.clmp.fp2_repr.R2	1.6519105042978168	39.0	122.10164264842467	0.0	1886344.0
Sor-CBur_065-Ex1-1F-lcwgs-1-T.clmp.fp2_repr.R1	1.4261971752313372	39.0	125.86771260889684	0.0	600798.0
Sor-CBur_065-Ex1-1F-lcwgs-1-T.clmp.fp2_repr.R2	1.3276241732951206	39.0	123.69540344674915	0.0	600798.0
Sor-CBur_066-Ex1-3B-lcwgs-1-T.clmp.fp2_repr.R1	2.051155772086929	39.0	129.14443751759222	0.0	2398075.0
Sor-CBur_066-Ex1-3B-lcwgs-1-T.clmp.fp2_repr.R2	2.040740355196732	39.0	126.08517873711206	0.0	2398075.0
Sor-CBur_067-Ex1-4H-lcwgs-1-T.clmp.fp2_repr.R1	1.2552234697201072	39.0	114.7151607690593	0.0	1404157.0
Sor-CBur_067-Ex1-4H-lcwgs-1-T.clmp.fp2_repr.R2	1.2688698232499007	39.0	113.1700123276813	0.0	1404157.0
Sor-CBur_068-Ex1-6F-lcwgs-1-T.clmp.fp2_repr.R1	2.174992386074777	38.0	117.88962391728164	0.0	5384826.0
Sor-CBur_068-Ex1-6F-lcwgs-1-T.clmp.fp2_repr.R2	2.330622752138737	38.0	116.10420058141155	0.0	5384826.0
Sor-CBur_069-Ex1-5D-lcwgs-1-T.clmp.fp2_repr.R1	1.5060677170403096	39.0	122.09721079619707	0.0	1825754.0
Sor-CBur_069-Ex1-5D-lcwgs-1-T.clmp.fp2_repr.R2	1.5431904974751376	39.0	120.00927123807479	0.0	1825754.0
Sor-CBur_070-Ex1-1E-lcwgs-1-T.clmp.fp2_repr.R1	1.4520207456549201	39.0	127.28933761960663	0.0	846734.0
Sor-CBur_070-Ex1-1E-lcwgs-1-T.clmp.fp2_repr.R2	1.4260045825181749	39.0	124.91166056872642	0.0	846734.0
Sor-CBur_071-Ex1-4G-lcwgs-1-T.clmp.fp2_repr.R1	2.0237956600683304	38.0	124.08506228075309	0.0	3622628.0
Sor-CBur_071-Ex1-4G-lcwgs-1-T.clmp.fp2_repr.R2	2.023857363955571	38.0	121.872343779157	0.0	3622628.0
Sor-CBur_073-Ex1-7H-lcwgs-1-T.clmp.fp2_repr.R1	1.0750912784349254	39.0	115.87591087211653	0.0	603268.0
Sor-CBur_073-Ex1-7H-lcwgs-1-T.clmp.fp2_repr.R2	1.061799988562825	39.0	114.39473500997899	0.0	603268.0
Sor-CBur_075-Ex1-5H-lcwgs-1-T.clmp.fp2_repr.R1	1.426404579197154	39.0	118.94819649723152	0.0	1685581.0
Sor-CBur_075-Ex1-5H-lcwgs-1-T.clmp.fp2_repr.R2	1.3969366871271092	39.0	117.17261881808112	0.0	1685581.0
Sor-CBur_076-Ex1-2B-lcwgs-1-T.clmp.fp2_repr.R1	1.6046200692587433	39.0	131.04829138624416	0.0	1092845.0
Sor-CBur_076-Ex1-2B-lcwgs-1-T.clmp.fp2_repr.R2	1.645798766039647	39.0	127.72367536109878	0.0	1092845.0
Sor-CBur_077-Ex1-8E-lcwgs-1-T.clmp.fp2_repr.R1	1.5931630368718004	38.0	113.83807280562324	0.0	3362048.0
Sor-CBur_077-Ex1-8E-lcwgs-1-T.clmp.fp2_repr.R2	1.6219176053460984	38.0	112.28899349444148	0.0	3362048.0
Sor-CBur_078-Ex1-5G-lcwgs-1-T.clmp.fp2_repr.R1	2.1755589499945813	38.0	128.9341477338614	0.0	3587424.0
Sor-CBur_078-Ex1-5G-lcwgs-1-T.clmp.fp2_repr.R2	2.301274427844575	38.0	126.26664843631531	0.0	3587424.0
Sor-CBur_079-Ex1-8G-lcwgs-1-T.clmp.fp2_repr.R1	2.1944228069364016	38.0	117.55374062272158	0.0	4723652.0
Sor-CBur_079-Ex1-8G-lcwgs-1-T.clmp.fp2_repr.R2	2.2997840297071974	38.0	115.72484298165911	0.0	4723652.0
Sor-CBur_080-Ex1-2F-lcwgs-1-T.clmp.fp2_repr.R1	2.293860398206789	39.0	132.5063958291082	0.0	2830282.0
Sor-CBur_080-Ex1-2F-lcwgs-1-T.clmp.fp2_repr.R2	2.249961378512083	39.0	129.26644624104594	0.0	2830282.0
Sor-CBur_081-Ex1-8A-lcwgs-1-T.clmp.fp2_repr.R1	1.150821821063289	39.0	109.50502823476019	0.0	1458663.0
Sor-CBur_081-Ex1-8A-lcwgs-1-T.clmp.fp2_repr.R2	1.202813456865698	39.0	108.25479154540837	0.0	1458663.0
Sor-CBur_082-Ex1-4C-lcwgs-1-T.clmp.fp2_repr.R1	1.8193504727065886	39.0	127.02359793258611	0.0	1758332.0
Sor-CBur_082-Ex1-4C-lcwgs-1-T.clmp.fp2_repr.R2	1.8639633826441724	39.0	124.30959909732633	0.0	1758332.0
Sor-CBur_084-Ex1-4A-lcwgs-1-T.clmp.fp2_repr.R1	1.5251935092659608	39.0	122.17029502560622	0.0	1592777.0
Sor-CBur_084-Ex1-4A-lcwgs-1-T.clmp.fp2_repr.R2	1.5343125315665276	39.0	120.02756883104163	0.0	1592777.0
Sor-CBur_085-Ex1-7E-lcwgs-1-T.clmp.fp2_repr.R1	1.1417328498137636	39.0	119.27477320256725	0.0	693350.0
Sor-CBur_085-Ex1-7E-lcwgs-1-T.clmp.fp2_repr.R2	1.171561439323483	39.0	117.53805581596596	0.0	693350.0
Sor-CBur_086-Ex1-1D-lcwgs-1-T.clmp.fp2_repr.R1	1.2232167022999079	39.0	124.51842271787278	0.0	306578.0
Sor-CBur_086-Ex1-1D-lcwgs-1-T.clmp.fp2_repr.R2	1.1497552519470702	39.0	122.37714056455454	0.0	306578.0
Sor-CBur_087-Ex1-1C-lcwgs-1-T.clmp.fp2_repr.R1	1.2986527509238215	39.0	125.22497744710829	0.0	313707.0
Sor-CBur_087-Ex1-1C-lcwgs-1-T.clmp.fp2_repr.R2	1.2294686364635083	39.0	122.89400619048985	0.0	313707.0
Sor-CBur_088-Ex1-4F-lcwgs-1-T.clmp.fp2_repr.R1	1.5371060930679903	39.0	118.63010912284798	0.0	1798890.0
Sor-CBur_088-Ex1-4F-lcwgs-1-T.clmp.fp2_repr.R2	1.5880502908646008	39.0	116.82169170988776	0.0	1798890.0
Sor-CBur_089-Ex1-4E-lcwgs-1-T.clmp.fp2_repr.R1	1.6020551026689702	39.0	121.54605874242829	0.0	2267322.0
Sor-CBur_089-Ex1-4E-lcwgs-1-T.clmp.fp2_repr.R2	1.659156111906654	38.0	119.47145619369459	0.0	2267322.0
Sor-CBur_091-Ex1-7C-lcwgs-1-T.clmp.fp2_repr.R1	1.2547676518225614	39.0	122.3308731344433	0.0	649270.0
Sor-CBur_091-Ex1-7C-lcwgs-1-T.clmp.fp2_repr.R2	1.2337217112288243	39.0	120.2843762995364	0.0	649270.0
Sor-CBur_093-Ex1-7G-lcwgs-1-T.clmp.fp2_repr.R1	1.2312873162289861	39.0	119.97061225918623	0.0	856990.0
Sor-CBur_093-Ex1-7G-lcwgs-1-T.clmp.fp2_repr.R2	1.209597473529115	39.0	118.0997304519306	0.0	856990.0
Sor-CBur_096-Ex1-3D-lcwgs-1-T.clmp.fp2_repr.R1	2.012429562379026	39.0	129.43530985768408	0.0	2336492.0
Sor-CBur_096-Ex1-3D-lcwgs-1-T.clmp.fp2_repr.R2	1.9426797761243506	39.0	126.65441182764589	0.0	2336492.0
Sor-CPnd_001-Ex1-3E-lcwgs-1-T.clmp.fp2_repr.R1	1.5069894881274166	38.0	119.54596928579721	0.0	2024145.0
Sor-CPnd_001-Ex1-3E-lcwgs-1-T.clmp.fp2_repr.R2	1.538947078401847	38.0	117.99694340079391	0.0	2024145.0
Sor-CPnd_002-Ex1-5E-lcwgs-1-T.clmp.fp2_repr.R1	1.4305400017319556	38.0	116.08202449902585	0.0	2108492.0
Sor-CPnd_002-Ex1-5E-lcwgs-1-T.clmp.fp2_repr.R2	1.510808926994926	38.0	114.56348044004909	0.0	2108492.0
Sor-CPnd_003-Ex1-2B-lcwgs-1-T.clmp.fp2_repr.R1	1.9788164054146336	39.0	125.53329295585048	0.0	2788683.0
Sor-CPnd_003-Ex1-2B-lcwgs-1-T.clmp.fp2_repr.R2	1.9801684156682882	39.0	123.21939281015447	0.0	2788683.0
Sor-CPnd_004-Ex1-1G-lcwgs-1-T.clmp.fp2_repr.R1	1.6822589164079886	38.0	120.36384938302672	0.0	2972414.0
Sor-CPnd_004-Ex1-1G-lcwgs-1-T.clmp.fp2_repr.R2	1.7558591926374163	38.0	118.59162586369193	0.0	2972414.0
Sor-CPnd_005-Ex1-3D-lcwgs-1-T.clmp.fp2_repr.R1	1.826035395592541	38.0	131.49519078785607	0.0	1708180.0
Sor-CPnd_005-Ex1-3D-lcwgs-1-T.clmp.fp2_repr.R2	1.8480060217807477	38.0	128.97729923076022	0.0	1708180.0
Sor-CPnd_006-Ex1-2D-lcwgs-1-T.clmp.fp2_repr.R1	1.6361611164026613	38.0	118.56911645687615	0.0	2377292.0
Sor-CPnd_006-Ex1-2D-lcwgs-1-T.clmp.fp2_repr.R2	1.66297109699957	38.0	116.81936169389373	0.0	2377292.0
Sor-CPnd_007-Ex1-1C-lcwgs-1-T.clmp.fp2_repr.R1	2.044553691653178	40.0	129.3073289580525	0.0	2298062.0
Sor-CPnd_007-Ex1-1C-lcwgs-1-T.clmp.fp2_repr.R2	2.0469517079617674	40.0	126.18532789802886	0.0	2298062.0
Sor-CPnd_008-Ex1-1A-lcwgs-1-T.clmp.fp2_repr.R1	3.272793455138725	39.0	144.78312355227825	0.0	4043422.0
Sor-CPnd_008-Ex1-1A-lcwgs-1-T.clmp.fp2_repr.R2	2.9317032247976726	39.0	137.8142249312587	0.0	4043422.0
Sor-CPnd_009-Ex1-6A-lcwgs-1-T.clmp.fp2_repr.R1	2.2801991228007523	39.0	126.38841425065569	0.0	3782647.0
Sor-CPnd_009-Ex1-6A-lcwgs-1-T.clmp.fp2_repr.R2	2.3378040506856337	39.0	123.93009392629024	0.0	3782647.0
Sor-CPnd_010-Ex1-1H-lcwgs-1-T.clmp.fp2_repr.R1	2.234779129802888	38.0	127.55022613860237	0.0	3688667.0
Sor-CPnd_010-Ex1-1H-lcwgs-1-T.clmp.fp2_repr.R2	2.223123820198097	38.0	125.05981212183154	0.0	3688667.0
Sor-CPnd_011-Ex1-8D-lcwgs-1-T.clmp.fp2_repr.R1	1.264014762491584	38.0	116.67244882951177	0.0	1482202.0
Sor-CPnd_011-Ex1-8D-lcwgs-1-T.clmp.fp2_repr.R2	1.2832140328303723	38.0	114.94749568547337	0.0	1482202.0
Sor-CPnd_012-Ex1-5B-lcwgs-1-T.clmp.fp2_repr.R1	1.6278909722574753	39.0	126.10018942621363	0.0	1719403.0
Sor-CPnd_012-Ex1-5B-lcwgs-1-T.clmp.fp2_repr.R2	1.6022591215475614	39.0	123.49097564677973	0.0	1719403.0
Sor-CPnd_013-Ex1-7F-lcwgs-1-T.clmp.fp2_repr.R1	1.325683765287451	38.0	116.68367545661904	0.0	1802323.0
Sor-CPnd_013-Ex1-7F-lcwgs-1-T.clmp.fp2_repr.R2	1.341197873065397	38.0	114.9166475709404	0.0	1802323.0
Sor-CPnd_014-Ex1-1F-lcwgs-1-T.clmp.fp2_repr.R1	1.5732055604271693	38.0	119.51192571180412	0.0	2424719.0
Sor-CPnd_014-Ex1-1F-lcwgs-1-T.clmp.fp2_repr.R2	1.6010965479161996	38.0	117.72927502114678	0.0	2424719.0
Sor-CPnd_015-Ex1-5F-lcwgs-1-T.clmp.fp2_repr.R1	1.6344996234471125	39.0	120.91225284148467	0.0	2102598.0
Sor-CPnd_015-Ex1-5F-lcwgs-1-T.clmp.fp2_repr.R2	1.688436401486726	38.0	118.8803095028151	0.0	2102598.0
Sor-CPnd_016-Ex1-1B-lcwgs-1-T.clmp.fp2_repr.R1	2.3835723996711806	39.0	139.86363537435426	0.0	2527085.0
Sor-CPnd_016-Ex1-1B-lcwgs-1-T.clmp.fp2_repr.R2	2.256663702677969	39.0	135.03994444191628	0.0	2527085.0
Sor-CPnd_017-Ex1-3G-lcwgs-1-T.clmp.fp2_repr.R1	1.5960179490647874	38.0	120.58376178017122	0.0	2362020.0
Sor-CPnd_017-Ex1-3G-lcwgs-1-T.clmp.fp2_repr.R2	1.6553967101408489	38.0	118.86124588276137	0.0	2362020.0
Sor-CPnd_018-Ex1-1E-lcwgs-1-T.clmp.fp2_repr.R1	1.7882086797592507	38.0	121.50738065340904	0.0	3300995.0
Sor-CPnd_018-Ex1-1E-lcwgs-1-T.clmp.fp2_repr.R2	1.9239587496416704	38.0	119.55026438997939	0.0	3300995.0
Sor-CPnd_019-Ex1-6G-lcwgs-1-T.clmp.fp2_repr.R1	1.5807682105025975	38.0	118.12776965491926	0.0	2119533.0
Sor-CPnd_019-Ex1-6G-lcwgs-1-T.clmp.fp2_repr.R2	1.6244302605247185	38.0	116.30617074610304	0.0	2119533.0
Sor-CPnd_020-Ex1-2E-lcwgs-1-T.clmp.fp2_repr.R1	1.7781185734912839	38.0	122.54093425503497	0.0	2780654.0
Sor-CPnd_020-Ex1-2E-lcwgs-1-T.clmp.fp2_repr.R2	1.8505678105987613	38.0	120.76029020511002	0.0	2780654.0
Sor-CPnd_021-Ex1-4D-lcwgs-1-T.clmp.fp2_repr.R1	1.2944342369927284	38.0	117.30580143484991	0.0	1181587.0
Sor-CPnd_021-Ex1-4D-lcwgs-1-T.clmp.fp2_repr.R2	1.2946475953954035	38.0	115.63395501135338	0.0	1181587.0
Sor-CPnd_022-Ex1-7C-lcwgs-1-T.clmp.fp2_repr.R1	1.7725574513329292	38.0	123.84204220570702	0.0	2396311.0
Sor-CPnd_022-Ex1-7C-lcwgs-1-T.clmp.fp2_repr.R2	1.789802138929801	38.0	121.36261278273146	0.0	2396311.0
Sor-CPnd_023-Ex1-4A-lcwgs-1-T.clmp.fp2_repr.R1	1.523624650876954	39.0	124.6039900761057	0.0	1598566.0
Sor-CPnd_023-Ex1-4A-lcwgs-1-T.clmp.fp2_repr.R2	1.5323184253422113	38.0	122.19606134498044	0.0	1598566.0
Sor-CPnd_024-Ex1-5G-lcwgs-1-T.clmp.fp2_repr.R1	1.4321681184539727	38.0	121.4706438798616	0.0	1686122.0
Sor-CPnd_024-Ex1-5G-lcwgs-1-T.clmp.fp2_repr.R2	1.470243530619669	38.0	119.62920417383795	0.0	1686122.0
Sor-CPnd_025-Ex1-4B-lcwgs-1-T.clmp.fp2_repr.R1	1.4966647069654044	39.0	124.436291461866	0.0	1400142.0
Sor-CPnd_025-Ex1-4B-lcwgs-1-T.clmp.fp2_repr.R2	1.5211863113714372	39.0	122.03288023643316	0.0	1400142.0
Sor-CPnd_026-Ex1-3H-lcwgs-1-T.clmp.fp2_repr.R1	1.6718433768304521	38.0	125.11660308663272	0.0	1718831.0
Sor-CPnd_026-Ex1-3H-lcwgs-1-T.clmp.fp2_repr.R2	1.7361397385500084	38.0	122.98946260568957	0.0	1718831.0
Sor-CPnd_027-Ex1-3C-lcwgs-1-T.clmp.fp2_repr.R1	1.8948739226418638	38.0	133.50860530934443	0.0	1860305.0
Sor-CPnd_027-Ex1-3C-lcwgs-1-T.clmp.fp2_repr.R2	1.8978534861122114	38.0	130.65179365749165	0.0	1860305.0
Sor-CPnd_028-Ex1-3A-lcwgs-1-T.clmp.fp2_repr.R1	2.0592630058698376	39.0	130.797686081449	0.0	2000589.0
Sor-CPnd_028-Ex1-3A-lcwgs-1-T.clmp.fp2_repr.R2	2.0029597622784223	39.0	127.62395674473868	0.0	2000589.0
Sor-CPnd_029-Ex1-8E-lcwgs-1-T.clmp.fp2_repr.R1	1.7038186608674835	38.0	120.66243066293043	0.0	3049415.0
Sor-CPnd_029-Ex1-8E-lcwgs-1-T.clmp.fp2_repr.R2	1.8353552118291248	38.0	118.72522565803605	0.0	3049415.0
Sor-CPnd_030-Ex1-2H-lcwgs-1-T.clmp.fp2_repr.R1	1.6726108021965729	38.0	121.69042263813893	0.0	1847325.0
Sor-CPnd_030-Ex1-2H-lcwgs-1-T.clmp.fp2_repr.R2	1.6738232647764733	38.0	119.83702434601383	0.0	1847325.0
Sor-CPnd_031-Ex1-5D-lcwgs-1-T.clmp.fp2_repr.R1	1.7264616358228153	38.0	125.09092767111507	0.0	2451289.0
Sor-CPnd_031-Ex1-5D-lcwgs-1-T.clmp.fp2_repr.R2	1.8303181104415245	38.0	122.97924806091815	0.0	2451289.0
Sor-CPnd_032-Ex1-4F-lcwgs-1-T.clmp.fp2_repr.R1	1.2130819969501374	38.0	114.39302147239263	0.0	1520464.0
Sor-CPnd_032-Ex1-4F-lcwgs-1-T.clmp.fp2_repr.R2	1.2467582914834878	38.0	112.9737744530617	0.0	1520464.0
Sor-CPnd_033-Ex1-2F-lcwgs-1-T.clmp.fp2_repr.R1	1.8511656172505013	38.0	125.86524782989305	0.0	2554252.0
Sor-CPnd_033-Ex1-2F-lcwgs-1-T.clmp.fp2_repr.R2	1.9370019259109625	38.0	123.96750398942626	0.0	2554252.0
Sor-CPnd_034-Ex1-4G-lcwgs-1-T.clmp.fp2_repr.R1	1.529731602300501	38.0	119.11988721300258	0.0	2057684.0
Sor-CPnd_034-Ex1-4G-lcwgs-1-T.clmp.fp2_repr.R2	1.5681585026118512	38.0	117.29119874577438	0.0	2057684.0
Sor-CPnd_035-Ex1-4C-lcwgs-1-T.clmp.fp2_repr.R1	1.5797686288667734	38.0	122.55069618370142	0.0	1374709.0
Sor-CPnd_035-Ex1-4C-lcwgs-1-T.clmp.fp2_repr.R2	1.647056224127553	38.0	120.25041008678927	0.0	1374709.0
Sor-CPnd_036-Ex1-5C-lcwgs-1-T.clmp.fp2_repr.R1	1.6089801535332953	38.0	119.60587608597542	0.0	2051842.0
Sor-CPnd_036-Ex1-5C-lcwgs-1-T.clmp.fp2_repr.R2	1.6569940762778543	38.0	117.72340072968582	0.0	2051842.0
Sor-CPnd_037-Ex1-6C-lcwgs-1-T.clmp.fp2_repr.R1	2.1283389171180573	38.0	126.52309509037515	0.0	2417700.0
Sor-CPnd_037-Ex1-6C-lcwgs-1-T.clmp.fp2_repr.R2	2.1438884178424615	38.0	123.7698738470447	0.0	2417700.0
Sor-CPnd_038-Ex1-2A-lcwgs-1-T.clmp.fp2_repr.R1	2.071207695868779	38.0	132.42704412766346	0.0	1987914.0
Sor-CPnd_038-Ex1-2A-lcwgs-1-T.clmp.fp2_repr.R2	2.0882703272970673	38.0	129.18028043466668	0.0	1987914.0
Sor-CPnd_039-Ex1-5H-lcwgs-1-T.clmp.fp2_repr.R1	1.5215635826012743	38.0	117.36928641615006	0.0	1531635.0
Sor-CPnd_039-Ex1-5H-lcwgs-1-T.clmp.fp2_repr.R2	1.5189948327885219	38.0	115.57665892983641	0.0	1531635.0
Sor-CPnd_040-Ex1-6F-lcwgs-1-T.clmp.fp2_repr.R1	0.8370451667587702	38.0	113.29132682791833	0.0	513111.0
Sor-CPnd_040-Ex1-6F-lcwgs-1-T.clmp.fp2_repr.R2	0.8691125278329679	38.0	111.78583971109565	0.0	513111.0
Sor-CPnd_041-Ex1-7A-lcwgs-1-T.clmp.fp2_repr.R1	1.3040145616526075	40.0	115.88292901582186	0.0	2114922.0
Sor-CPnd_041-Ex1-7A-lcwgs-1-T.clmp.fp2_repr.R2	1.377785137516824	39.0	114.69167893662272	0.0	2114922.0
Sor-CPnd_042-Ex1-4E-lcwgs-1-T.clmp.fp2_repr.R1	1.2997328522815081	38.0	116.21529515381931	0.0	1541874.0
Sor-CPnd_042-Ex1-4E-lcwgs-1-T.clmp.fp2_repr.R2	1.3577666551298933	38.0	114.58346466702208	0.0	1541874.0
Sor-CPnd_043-Ex1-1D-lcwgs-1-T.clmp.fp2_repr.R1	1.8145266285187063	38.0	127.29404580022363	0.0	2343220.0
Sor-CPnd_043-Ex1-1D-lcwgs-1-T.clmp.fp2_repr.R2	1.837924082717791	38.0	124.78501250416095	0.0	2343220.0
Sor-CPnd_044-Ex1-8G-lcwgs-1-T.clmp.fp2_repr.R1	1.4837932803293086	38.0	117.36652012213068	0.0	2279853.0
Sor-CPnd_044-Ex1-8G-lcwgs-1-T.clmp.fp2_repr.R2	1.519147665482052	38.0	115.63858897920173	0.0	2279853.0
Sor-CPnd_045-Ex1-7B-lcwgs-1-T.clmp.fp2_repr.R1	1.8710068479399808	38.0	127.61106787813652	0.0	2441552.0
Sor-CPnd_045-Ex1-7B-lcwgs-1-T.clmp.fp2_repr.R2	1.8314411367788495	38.0	124.63886740892679	0.0	2441552.0
Sor-CPnd_046-Ex1-5A-lcwgs-1-T.clmp.fp2_repr.R1	1.654132182425954	38.0	121.14911238273211	0.0	2350281.0
Sor-CPnd_046-Ex1-5A-lcwgs-1-T.clmp.fp2_repr.R2	1.6493448707357743	38.0	119.21115177291567	0.0	2350281.0
Sor-CPnd_047-Ex1-4H-lcwgs-1-T.clmp.fp2_repr.R1	1.368813260999687	38.0	117.16720280580603	0.0	1487487.0
Sor-CPnd_047-Ex1-4H-lcwgs-1-T.clmp.fp2_repr.R2	1.334820494169037	38.0	115.38708775269968	0.0	1487487.0
Sor-CPnd_048-Ex1-8A-lcwgs-1-T.clmp.fp2_repr.R1	1.3443697817474032	39.0	122.04942919385753	0.0	1237548.0
Sor-CPnd_048-Ex1-8A-lcwgs-1-T.clmp.fp2_repr.R2	1.3454510862101756	39.0	119.87092056227314	0.0	1237548.0
Sor-CPnd_049-Ex1-3B-lcwgs-1-T.clmp.fp2_repr.R1	1.7887150617617351	38.0	128.84888320258204	0.0	1809415.0
Sor-CPnd_049-Ex1-3B-lcwgs-1-T.clmp.fp2_repr.R2	1.8048244884606817	38.0	126.16735851089993	0.0	1809415.0
Sor-CPnd_050-Ex1-3F-lcwgs-1-T.clmp.fp2_repr.R1	1.7501607787507254	38.0	121.97260564956179	0.0	2641019.0
Sor-CPnd_050-Ex1-3F-lcwgs-1-T.clmp.fp2_repr.R2	1.7859190613753952	38.0	119.99874139489341	0.0	2641019.0
Sor-CPnd_051-Ex1-6H-lcwgs-1-T.clmp.fp2_repr.R1	1.3849069499749902	38.0	121.774195921682	0.0	1073776.0
Sor-CPnd_051-Ex1-6H-lcwgs-1-T.clmp.fp2_repr.R2	1.4103636498109182	38.0	119.71150314404494	0.0	1073776.0
Sor-CPnd_052-Ex1-6D-lcwgs-1-T.clmp.fp2_repr.R1	1.63466629436968	38.0	113.98586019154872	0.0	3355491.0
Sor-CPnd_052-Ex1-6D-lcwgs-1-T.clmp.fp2_repr.R2	1.703668258217121	38.0	112.52343397732254	0.0	3355491.0
Sor-CPnd_053-Ex1-2C-lcwgs-1-T.clmp.fp2_repr.R1	1.6850973176538417	38.0	127.7641278353504	0.0	1724875.0
Sor-CPnd_053-Ex1-2C-lcwgs-1-T.clmp.fp2_repr.R2	1.7630474393805713	38.0	125.16184071309515	0.0	1724875.0
Sor-CPnd_054-Ex1-8F-lcwgs-1-T.clmp.fp2_repr.R1	1.612906745210779	38.0	117.35362977857775	0.0	2945097.0
Sor-CPnd_054-Ex1-8F-lcwgs-1-T.clmp.fp2_repr.R2	1.7024884726206722	38.0	115.51031392174859	0.0	2945097.0
Sor-CPnd_055-Ex1-7G-lcwgs-1-T.clmp.fp2_repr.R1	1.3112562580675018	37.0	115.27457668535288	0.0	2087100.0
Sor-CPnd_055-Ex1-7G-lcwgs-1-T.clmp.fp2_repr.R2	1.3374337454359164	37.0	113.75207177423219	0.0	2087100.0
Sor-CPnd_056-Ex1-7E-lcwgs-1-T.clmp.fp2_repr.R1	1.0487301714317567	38.0	114.35360781093088	0.0	940016.0
Sor-CPnd_056-Ex1-7E-lcwgs-1-T.clmp.fp2_repr.R2	1.1298159403055337	38.0	112.7420682201154	0.0	940016.0
Sor-CPnd_057-Ex1-6E-lcwgs-1-T.clmp.fp2_repr.R1	1.0429018615715933	38.0	112.1750057314191	0.0	833127.0
Sor-CPnd_057-Ex1-6E-lcwgs-1-T.clmp.fp2_repr.R2	1.0355767685738897	38.0	110.80000168041607	0.0	833127.0
Sor-CPnd_058-Ex1-2G-lcwgs-1-T.clmp.fp2_repr.R1	1.8753852210147528	37.0	123.05663531689713	0.0	2775459.0
Sor-CPnd_058-Ex1-2G-lcwgs-1-T.clmp.fp2_repr.R2	1.9109319585340359	37.0	121.32449803798218	0.0	2775459.0
Sor-CPnd_060-Ex1-7H-lcwgs-1-T.clmp.fp2_repr.R1	1.3008966041165024	38.0	122.7523901548502	0.0	804132.0
Sor-CPnd_060-Ex1-7H-lcwgs-1-T.clmp.fp2_repr.R2	1.2767335850021198	38.0	120.40194893375714	0.0	804132.0
Sor-CPnd_063-Ex1-7D-lcwgs-1-T.clmp.fp2_repr.R1	1.3689197121135805	38.0	116.04445932798465	0.0	2127630.0
Sor-CPnd_063-Ex1-7D-lcwgs-1-T.clmp.fp2_repr.R2	1.41908682374941	38.0	114.45425426413428	0.0	2127630.0
Sor-CPnd_066-Ex1-8B-lcwgs-1-T.clmp.fp2_repr.R1	1.5582104110525563	38.0	124.68155365562482	0.0	1658540.0
Sor-CPnd_066-Ex1-8B-lcwgs-1-T.clmp.fp2_repr.R2	1.5706064553416041	38.0	122.10475357844851	0.0	1658540.0
Sor-CPnd_068-Ex1-8H-lcwgs-1-T.clmp.fp2_repr.R1	1.3461657104482185	38.0	121.11181641091467	0.0	1151441.0
Sor-CPnd_068-Ex1-8H-lcwgs-1-T.clmp.fp2_repr.R2	1.3606562803768867	38.0	118.92679607552623	0.0	1151441.0
Sor-CPnd_069-Ex1-6B-lcwgs-1-T.clmp.fp2_repr.R1	1.9191626230795293	39.0	127.63879174590343	0.0	1786313.0
Sor-CPnd_069-Ex1-6B-lcwgs-1-T.clmp.fp2_repr.R2	1.8588874232813595	39.0	124.63876095622659	0.0	1786313.0
Sor-CPnd_072-Ex1-8C-lcwgs-1-T.clmp.fp2_repr.R1	2.0439025792005623	39.0	129.9546083594191	0.0	2711887.0
Sor-CPnd_072-Ex1-8C-lcwgs-1-T.clmp.fp2_repr.R2	2.047319439947003	39.0	126.64478792811057	0.0	2711887.0
