Sample	FastQC_mqc-generalstats-fastqc-percent_duplicates	FastQC_mqc-generalstats-fastqc-percent_gc	FastQC_mqc-generalstats-fastqc-avg_sequence_length	FastQC_mqc-generalstats-fastqc-percent_fails	FastQC_mqc-generalstats-fastqc-total_sequences
Sor-ABur_001-Ex1-6G-lcwgs-1-T.1	14.24408879426747	40.0	150.0	18.181818181818183	1693010.0
Sor-ABur_001-Ex1-6G-lcwgs-1-T.2	13.621853904753209	40.0	150.0	18.181818181818183	1693010.0
Sor-ABur_002-Ex1-7G-lcwgs-1-T.1	13.631763470748979	39.0	150.0	18.181818181818183	867553.0
Sor-ABur_002-Ex1-7G-lcwgs-1-T.2	12.90471642922843	39.0	150.0	18.181818181818183	867553.0
Sor-ABur_003-Ex1-8G-lcwgs-1-T.1	8.277575413134116	39.0	150.0	9.090909090909092	3297482.0
Sor-ABur_003-Ex1-8G-lcwgs-1-T.2	8.020917366909003	39.0	150.0	9.090909090909092	3297482.0
Sor-ABur_004-Ex1-9G-lcwgs-1-T.1	12.47101010898372	40.0	150.0	18.181818181818183	1865980.0
Sor-ABur_004-Ex1-9G-lcwgs-1-T.2	11.956874604763712	40.0	150.0	18.181818181818183	1865980.0
Sor-ABur_005-Ex1-10G-lcwgs-1-T.1	14.936252593634208	41.0	150.0	18.181818181818183	1806165.0
Sor-ABur_005-Ex1-10G-lcwgs-1-T.2	14.107219856539203	41.0	150.0	18.181818181818183	1806165.0
Sor-ABur_006-Ex1-11G-lcwgs-1-T.1	17.758159721406457	40.0	150.0	18.181818181818183	2951471.0
Sor-ABur_006-Ex1-11G-lcwgs-1-T.2	16.860853949101255	41.0	150.0	18.181818181818183	2951471.0
Sor-ABur_007-Ex1-12G-lcwgs-1-T.1	10.681494147581958	40.0	150.0	18.181818181818183	1653429.0
Sor-ABur_007-Ex1-12G-lcwgs-1-T.2	10.174926867958007	40.0	150.0	18.181818181818183	1653429.0
Sor-ABur_008-Ex1-1H-lcwgs-1-T.1	11.176095883187912	39.0	150.0	18.181818181818183	2400207.0
Sor-ABur_008-Ex1-1H-lcwgs-1-T.2	10.662828246645333	39.0	150.0	18.181818181818183	2400207.0
Sor-ABur_009-Ex1-2H-lcwgs-1-T.1	13.728915797805499	40.0	150.0	18.181818181818183	2089584.0
Sor-ABur_009-Ex1-2H-lcwgs-1-T.2	13.197296357962543	41.0	150.0	18.181818181818183	2089584.0
Sor-ABur_010-Ex1-3H-lcwgs-1-T.1	13.876406808942704	40.0	150.0	18.181818181818183	1317371.0
Sor-ABur_010-Ex1-3H-lcwgs-1-T.2	13.223250801740889	40.0	150.0	18.181818181818183	1317371.0
Sor-ABur_011-Ex1-4H-lcwgs-1-T.1	13.875416130188228	40.0	150.0	18.181818181818183	872380.0
Sor-ABur_011-Ex1-4H-lcwgs-1-T.2	13.322333903897459	40.0	150.0	18.181818181818183	872380.0
Sor-ABur_012-Ex1-5H-lcwgs-1-T.1	15.330788256488432	39.0	150.0	18.181818181818183	808110.0
Sor-ABur_012-Ex1-5H-lcwgs-1-T.2	14.596982046458635	39.0	150.0	18.181818181818183	808110.0
Sor-ABur_013-Ex1-6H-lcwgs-1-T.1	14.425637472892959	39.0	150.0	18.181818181818183	819704.0
Sor-ABur_013-Ex1-6H-lcwgs-1-T.2	13.758711467359717	39.0	150.0	18.181818181818183	819704.0
Sor-ABur_014-Ex1-7H-lcwgs-1-T.1	14.480781115993679	39.0	150.0	18.181818181818183	1657775.0
Sor-ABur_014-Ex1-7H-lcwgs-1-T.2	13.486681751718478	39.0	150.0	18.181818181818183	1657775.0
Sor-ABur_015-Ex1-8H-lcwgs-1-T.1	7.7490394110152465	40.0	150.0	9.090909090909092	913647.0
Sor-ABur_015-Ex1-8H-lcwgs-1-T.2	7.549156243969719	40.0	150.0	9.090909090909092	913647.0
Sor-ABur_016-Ex1-9H-lcwgs-1-T.1	15.004253425262675	39.0	150.0	18.181818181818183	998386.0
Sor-ABur_016-Ex1-9H-lcwgs-1-T.2	14.270367688907626	39.0	150.0	18.181818181818183	998386.0
Sor-ACan_001-Ex1-1A-lcwgs-1-T.1	10.87849167013745	37.0	150.0	18.181818181818183	1111853.0
Sor-ACan_001-Ex1-1A-lcwgs-1-T.2	10.063071717201666	37.0	150.0	18.181818181818183	1111853.0
Sor-ACan_002-Ex1-2A-lcwgs-1-T.1	13.396709222893591	40.0	150.0	18.181818181818183	1257892.0
Sor-ACan_002-Ex1-2A-lcwgs-1-T.2	12.600805155919986	40.0	150.0	18.181818181818183	1257892.0
Sor-ACan_003-Ex1-3A-lcwgs-1-T.1	13.951833754863145	39.0	150.0	18.181818181818183	1281826.0
Sor-ACan_003-Ex1-3A-lcwgs-1-T.2	13.117116857866833	39.0	150.0	18.181818181818183	1281826.0
Sor-ACan_004-Ex1-4A-lcwgs-1-T.1	14.22463780552313	39.0	150.0	18.181818181818183	3149836.0
Sor-ACan_004-Ex1-4A-lcwgs-1-T.2	13.375409588221487	39.0	150.0	18.181818181818183	3149836.0
Sor-ACan_005-Ex1-5A-lcwgs-1-T.1	13.615704998102132	39.0	150.0	18.181818181818183	3059711.0
Sor-ACan_005-Ex1-5A-lcwgs-1-T.2	13.008224819366745	39.0	150.0	18.181818181818183	3059711.0
Sor-ACan_006-Ex1-6A-lcwgs-1-T.1	16.065926326623526	38.0	150.0	9.090909090909092	6004631.0
Sor-ACan_006-Ex1-6A-lcwgs-1-T.2	14.898860168159075	38.0	150.0	9.090909090909092	6004631.0
Sor-ACan_007-Ex1-7A-lcwgs-1-T.1	15.263470877245922	39.0	150.0	18.181818181818183	3759854.0
Sor-ACan_007-Ex1-7A-lcwgs-1-T.2	14.361591012456998	39.0	150.0	18.181818181818183	3759854.0
Sor-ACan_008-Ex1-8A-lcwgs-1-T.1	15.585873469435668	39.0	150.0	18.181818181818183	3073160.0
Sor-ACan_008-Ex1-8A-lcwgs-1-T.2	14.601665491548872	39.0	150.0	18.181818181818183	3073160.0
Sor-ACan_009-Ex1-9A-lcwgs-1-T.1	14.022218224362135	39.0	150.0	18.181818181818183	1920815.0
Sor-ACan_009-Ex1-9A-lcwgs-1-T.2	13.337897123983026	40.0	150.0	18.181818181818183	1920815.0
Sor-ACan_010-Ex1-10A-lcwgs-1-T.1	17.722244897175926	40.0	150.0	18.181818181818183	1673137.0
Sor-ACan_010-Ex1-10A-lcwgs-1-T.2	16.78010051193516	40.0	150.0	18.181818181818183	1673137.0
Sor-ACan_011-Ex1-11A-lcwgs-1-T.1	14.884254615486427	40.0	150.0	18.181818181818183	1165137.0
Sor-ACan_011-Ex1-11A-lcwgs-1-T.2	14.045851118583968	40.0	150.0	18.181818181818183	1165137.0
Sor-ACan_012-Ex1-12A-lcwgs-1-T.1	17.259520976794363	39.0	150.0	18.181818181818183	877750.0
Sor-ACan_012-Ex1-12A-lcwgs-1-T.2	16.347598270389312	40.0	150.0	18.181818181818183	877750.0
Sor-ACan_013-Ex1-1B-lcwgs-1-T.1	2.4114861885866503	40.0	150.0	9.090909090909092	52167.0
Sor-ACan_013-Ex1-1B-lcwgs-1-T.2	2.3539785688270314	40.0	150.0	18.181818181818183	52167.0
Sor-ACan_014-Ex1-2B-lcwgs-1-T.1	8.994797340312928	40.0	150.0	18.181818181818183	1235710.0
Sor-ACan_014-Ex1-2B-lcwgs-1-T.2	8.670200242832095	40.0	150.0	18.181818181818183	1235710.0
Sor-ACan_015-Ex1-3B-lcwgs-1-T.1	8.594444420922471	39.0	150.0	9.090909090909092	1605860.0
Sor-ACan_015-Ex1-3B-lcwgs-1-T.2	8.224858557998388	40.0	150.0	9.090909090909092	1605860.0
Sor-ACan_016-Ex1-4B-lcwgs-1-T.1	8.515810793273332	40.0	150.0	9.090909090909092	1885833.0
Sor-ACan_016-Ex1-4B-lcwgs-1-T.2	8.176773779654269	40.0	150.0	9.090909090909092	1885833.0
Sor-ACan_017-Ex1-5B-lcwgs-1-T.1	8.22843076254675	40.0	150.0	9.090909090909092	1108085.0
Sor-ACan_017-Ex1-5B-lcwgs-1-T.2	7.9556900719533274	40.0	150.0	9.090909090909092	1108085.0
Sor-ACan_018-Ex1-6B-lcwgs-1-T.1	15.852064302079611	38.0	150.0	27.27272727272727	1523224.0
Sor-ACan_018-Ex1-6B-lcwgs-1-T.2	14.783246104152624	38.0	150.0	27.27272727272727	1523224.0
Sor-ACan_019-Ex1-7B-lcwgs-1-T.1	3.526484180590117	41.0	150.0	18.181818181818183	56260.0
Sor-ACan_019-Ex1-7B-lcwgs-1-T.2	3.240312833274089	41.0	150.0	18.181818181818183	56260.0
Sor-ACan_020-Ex1-8B-lcwgs-1-T.1	12.46151881827592	41.0	150.0	18.181818181818183	1672779.0
Sor-ACan_020-Ex1-8B-lcwgs-1-T.2	11.834575027736989	41.0	150.0	18.181818181818183	1672779.0
Sor-ACan_021-Ex1-9B-lcwgs-1-T.1	13.031860453161343	58.0	150.0	27.27272727272727	460453.0
Sor-ACan_021-Ex1-9B-lcwgs-1-T.2	11.831959819829365	58.0	150.0	27.27272727272727	460453.0
Sor-ACan_022-Ex1-10B-lcwgs-1-T.1	16.81148373022056	40.0	150.0	18.181818181818183	1304215.0
Sor-ACan_022-Ex1-10B-lcwgs-1-T.2	15.979523952440417	40.0	150.0	18.181818181818183	1304215.0
Sor-ACan_023-Ex1-11B-lcwgs-1-T.1	17.54880925771407	40.0	150.0	18.181818181818183	2122069.0
Sor-ACan_023-Ex1-11B-lcwgs-1-T.2	16.512002471720564	40.0	150.0	18.181818181818183	2122069.0
Sor-ACan_024-Ex1-12B-lcwgs-1-T.1	11.596104387331195	39.0	150.0	18.181818181818183	492104.0
Sor-ACan_024-Ex1-12B-lcwgs-1-T.2	10.970507247196053	39.0	150.0	18.181818181818183	492104.0
Sor-ACan_025-Ex1-1C-lcwgs-1-T.1	13.535027365931697	40.0	150.0	18.181818181818183	3538555.0
Sor-ACan_025-Ex1-1C-lcwgs-1-T.2	12.79084152776403	40.0	150.0	18.181818181818183	3538555.0
Sor-ACan_026-Ex1-2C-lcwgs-1-T.1	13.474585804055934	57.0	150.0	27.27272727272727	622571.0
Sor-ACan_026-Ex1-2C-lcwgs-1-T.2	12.281003701514209	57.0	150.0	27.27272727272727	622571.0
Sor-ACan_027-Ex1-3C-lcwgs-1-T.1	14.572257590027462	40.0	150.0	18.181818181818183	2238844.0
Sor-ACan_027-Ex1-3C-lcwgs-1-T.2	13.837705210259003	40.0	150.0	18.181818181818183	2238844.0
Sor-ACan_028-Ex1-4C-lcwgs-1-T.1	8.66539087063309	40.0	150.0	18.181818181818183	1792822.0
Sor-ACan_028-Ex1-4C-lcwgs-1-T.2	8.421920650586301	40.0	150.0	9.090909090909092	1792822.0
Sor-ACan_029-Ex1-5C-lcwgs-1-T.1	14.549411998858147	40.0	150.0	18.181818181818183	3769415.0
Sor-ACan_029-Ex1-5C-lcwgs-1-T.2	13.780107724422152	40.0	150.0	18.181818181818183	3769415.0
Sor-ACan_030-Ex1-6C-lcwgs-1-T.1	15.203163821872195	38.0	150.0	18.181818181818183	4650812.0
Sor-ACan_030-Ex1-6C-lcwgs-1-T.2	14.072566175294867	38.0	150.0	18.181818181818183	4650812.0
Sor-ACan_031-Ex1-7C-lcwgs-1-T.1	12.548000043825596	37.0	150.0	18.181818181818183	2896100.0
Sor-ACan_031-Ex1-7C-lcwgs-1-T.2	11.636533493455687	37.0	150.0	18.181818181818183	2896100.0
Sor-ACan_032-Ex1-8C-lcwgs-1-T.1	8.889950075703908	48.0	150.0	27.27272727272727	147168.0
Sor-ACan_032-Ex1-8C-lcwgs-1-T.2	8.257614996320655	48.0	150.0	27.27272727272727	147168.0
Sor-ACan_033-Ex1-9C-lcwgs-1-T.1	13.887029631558647	39.0	150.0	18.181818181818183	2084371.0
Sor-ACan_033-Ex1-9C-lcwgs-1-T.2	13.16439327211451	39.0	150.0	18.181818181818183	2084371.0
Sor-ACan_034-Ex1-10C-lcwgs-1-T.1	17.663689644243547	41.0	150.0	18.181818181818183	3191239.0
Sor-ACan_034-Ex1-10C-lcwgs-1-T.2	16.67522858988832	41.0	150.0	18.181818181818183	3191239.0
Sor-ACan_035-Ex1-11C-lcwgs-1-T.1	16.293330907009434	44.0	150.0	18.181818181818183	193277.0
Sor-ACan_035-Ex1-11C-lcwgs-1-T.2	15.197061924349526	44.0	150.0	18.181818181818183	193277.0
Sor-ACan_036-Ex1-12C-lcwgs-1-T.1	13.644641280164663	40.0	150.0	18.181818181818183	950001.0
Sor-ACan_036-Ex1-12C-lcwgs-1-T.2	12.918417514540195	40.0	150.0	18.181818181818183	950001.0
Sor-ACan_037-Ex1-1D-lcwgs-1-T.1	14.93384336816655	39.0	150.0	18.181818181818183	1703195.0
Sor-ACan_037-Ex1-1D-lcwgs-1-T.2	14.06545918347679	39.0	150.0	18.181818181818183	1703195.0
Sor-ACan_038-Ex1-2D-lcwgs-1-T.1	17.733188643936813	40.0	150.0	18.181818181818183	2131003.0
Sor-ACan_038-Ex1-2D-lcwgs-1-T.2	16.95792486838357	40.0	150.0	18.181818181818183	2131003.0
Sor-ACan_039-Ex1-3D-lcwgs-1-T.1	14.767941667387177	41.0	150.0	18.181818181818183	1597765.0
Sor-ACan_039-Ex1-3D-lcwgs-1-T.2	14.013074006322782	41.0	150.0	18.181818181818183	1597765.0
Sor-ACan_040-Ex1-4D-lcwgs-1-T.1	17.904585321577713	40.0	150.0	18.181818181818183	1553187.0
Sor-ACan_040-Ex1-4D-lcwgs-1-T.2	17.098777068176602	40.0	150.0	18.181818181818183	1553187.0
Sor-ACan_041-Ex1-5D-lcwgs-1-T.1	14.601391019732006	39.0	150.0	18.181818181818183	1347606.0
Sor-ACan_041-Ex1-5D-lcwgs-1-T.2	13.756639290336935	39.0	150.0	18.181818181818183	1347606.0
Sor-ACan_042-Ex1-6D-lcwgs-1-T.1	15.669710872733475	39.0	150.0	18.181818181818183	2299180.0
Sor-ACan_042-Ex1-6D-lcwgs-1-T.2	14.758276944026747	39.0	150.0	18.181818181818183	2299180.0
Sor-ACan_043-Ex1-7D-lcwgs-1-T.1	8.544991923808936	38.0	150.0	9.090909090909092	3559735.0
Sor-ACan_043-Ex1-7D-lcwgs-1-T.2	8.117134942241904	38.0	150.0	9.090909090909092	3559735.0
Sor-ACan_044-Ex1-8D-lcwgs-1-T.1	12.637525868183587	40.0	150.0	18.181818181818183	463044.0
Sor-ACan_044-Ex1-8D-lcwgs-1-T.2	12.086584620338186	40.0	150.0	18.181818181818183	463044.0
Sor-ACan_045-Ex1-9D-lcwgs-1-T.1	13.225462414193927	39.0	150.0	18.181818181818183	1147724.0
Sor-ACan_045-Ex1-9D-lcwgs-1-T.2	12.397551398352803	39.0	150.0	18.181818181818183	1147724.0
Sor-ACan_046-Ex1-10D-lcwgs-1-T.1	10.306706239115513	56.0	150.0	27.27272727272727	248098.0
Sor-ACan_046-Ex1-10D-lcwgs-1-T.2	9.192893698352904	56.0	150.0	27.27272727272727	248098.0
Sor-ACan_047-Ex1-11D-lcwgs-1-T.1	14.745368504961505	41.0	150.0	18.181818181818183	2547474.0
Sor-ACan_047-Ex1-11D-lcwgs-1-T.2	13.938858977884365	41.0	150.0	18.181818181818183	2547474.0
Sor-ACan_048-Ex1-12D-lcwgs-1-T.1	16.97427135693323	39.0	150.0	18.181818181818183	1738533.0
Sor-ACan_048-Ex1-12D-lcwgs-1-T.2	15.875754146280556	39.0	150.0	18.181818181818183	1738533.0
Sor-ACan_049-Ex1-1E-lcwgs-1-T.1	19.447398706970233	40.0	150.0	18.181818181818183	2197987.0
Sor-ACan_049-Ex1-1E-lcwgs-1-T.2	18.217316537428147	40.0	150.0	18.181818181818183	2197987.0
Sor-ACan_050-Ex1-2E-lcwgs-1-T.1	16.112468782623807	40.0	150.0	18.181818181818183	3309261.0
Sor-ACan_050-Ex1-2E-lcwgs-1-T.2	15.241480738205908	40.0	150.0	18.181818181818183	3309261.0
Sor-ACan_051-Ex1-3E-lcwgs-1-T.1	16.673702808535538	41.0	150.0	18.181818181818183	2569772.0
Sor-ACan_051-Ex1-3E-lcwgs-1-T.2	15.677419861794647	41.0	150.0	18.181818181818183	2569772.0
Sor-ACan_052-Ex1-4E-lcwgs-1-T.1	13.21560619873371	40.0	150.0	18.181818181818183	1241157.0
Sor-ACan_052-Ex1-4E-lcwgs-1-T.2	12.587677836321816	41.0	150.0	18.181818181818183	1241157.0
Sor-ACan_053-Ex1-5E-lcwgs-1-T.1	16.971255808174263	41.0	150.0	18.181818181818183	2064049.0
Sor-ACan_053-Ex1-5E-lcwgs-1-T.2	15.84958588419758	41.0	150.0	18.181818181818183	2064049.0
Sor-ACan_054-Ex1-6E-lcwgs-1-T.1	10.8621811204046	55.0	150.0	27.27272727272727	502516.0
Sor-ACan_054-Ex1-6E-lcwgs-1-T.2	9.826653768109026	55.0	150.0	27.27272727272727	502516.0
Sor-ACan_055-Ex1-7E-lcwgs-1-T.1	16.678987488930616	38.0	150.0	18.181818181818183	4802268.0
Sor-ACan_055-Ex1-7E-lcwgs-1-T.2	15.500025127331767	38.0	150.0	18.181818181818183	4802268.0
Sor-ACeb_001-Ex1-8E-lcwgs-1-T.1	13.167427188646869	40.0	150.0	18.181818181818183	2649482.0
Sor-ACeb_001-Ex1-8E-lcwgs-1-T.2	12.580333161784779	40.0	150.0	18.181818181818183	2649482.0
Sor-ACeb_002-Ex1-9E-lcwgs-1-T.1	18.35703628143787	45.0	150.0	18.181818181818183	1079855.0
Sor-ACeb_002-Ex1-9E-lcwgs-1-T.2	17.426615921167922	46.0	150.0	18.181818181818183	1079855.0
Sor-ACeb_003-Ex1-10E-lcwgs-1-T.1	8.043101121754319	42.0	150.0	27.27272727272727	908923.0
Sor-ACeb_003-Ex1-10E-lcwgs-1-T.2	7.792735579779702	42.0	150.0	27.27272727272727	908923.0
Sor-ACeb_004-Ex1-11E-lcwgs-1-T.1	19.87993126245439	44.0	150.0	18.181818181818183	1237268.0
Sor-ACeb_004-Ex1-11E-lcwgs-1-T.2	19.0246074794902	44.0	150.0	18.181818181818183	1237268.0
Sor-ACeb_005-Ex1-12E-lcwgs-1-T.1	14.33245294144821	54.0	150.0	27.27272727272727	244448.0
Sor-ACeb_005-Ex1-12E-lcwgs-1-T.2	13.313508789874888	54.0	150.0	27.27272727272727	244448.0
Sor-ACeb_006-Ex1-1F-lcwgs-1-T.1	16.995335100076232	45.0	150.0	18.181818181818183	271229.0
Sor-ACeb_006-Ex1-1F-lcwgs-1-T.2	16.280683483195034	45.0	150.0	18.181818181818183	271229.0
Sor-ACeb_007-Ex1-2F-lcwgs-1-T.1	18.00420234627174	45.0	150.0	18.181818181818183	811227.0
Sor-ACeb_007-Ex1-2F-lcwgs-1-T.2	17.329889692639057	45.0	150.0	18.181818181818183	811227.0
Sor-ACeb_008-Ex1-3F-lcwgs-1-T.1	9.8865855933919	41.0	150.0	18.181818181818183	524385.0
Sor-ACeb_008-Ex1-3F-lcwgs-1-T.2	9.724985119226005	41.0	150.0	18.181818181818183	524385.0
Sor-ACeb_009-Ex1-4F-lcwgs-1-T.1	9.2139069815846	42.0	150.0	18.181818181818183	591489.0
Sor-ACeb_009-Ex1-4F-lcwgs-1-T.2	8.975845283479316	42.0	150.0	18.181818181818183	591489.0
Sor-ACeb_010-Ex1-5F-lcwgs-1-T.1	15.779875133084616	44.0	150.0	18.181818181818183	279472.0
Sor-ACeb_010-Ex1-5F-lcwgs-1-T.2	15.244964029757512	44.0	150.0	18.181818181818183	279472.0
Sor-ACeb_011-Ex1-6F-lcwgs-1-T.1	15.30536662866983	54.0	150.0	27.27272727272727	159192.0
Sor-ACeb_011-Ex1-6F-lcwgs-1-T.2	14.285802136628305	54.0	150.0	27.27272727272727	159192.0
Sor-ACeb_012-Ex1-7F-lcwgs-1-T.1	20.081748494492643	42.0	150.0	18.181818181818183	1062994.0
Sor-ACeb_012-Ex1-7F-lcwgs-1-T.2	19.11987242456199	42.0	150.0	18.181818181818183	1062994.0
Sor-ACeb_013-Ex1-8F-lcwgs-1-T.1	10.744757772957342	51.0	150.0	27.27272727272727	76065.0
Sor-ACeb_013-Ex1-8F-lcwgs-1-T.2	9.76664694669033	51.0	150.0	27.27272727272727	76065.0
Sor-ACeb_014-Ex1-9F-lcwgs-1-T.1	13.773118201670414	48.0	150.0	27.27272727272727	96623.0
Sor-ACeb_014-Ex1-9F-lcwgs-1-T.2	13.054862713846603	48.0	150.0	27.27272727272727	96623.0
Sor-ACeb_015-Ex1-10F-lcwgs-1-T.1	17.78551487320877	44.0	150.0	18.181818181818183	728638.0
Sor-ACeb_015-Ex1-10F-lcwgs-1-T.2	16.91268924348104	44.0	150.0	18.181818181818183	728638.0
Sor-ACeb_016-Ex1-11F-lcwgs-1-T.1	18.04540522803849	46.0	150.0	18.181818181818183	1652041.0
Sor-ACeb_016-Ex1-11F-lcwgs-1-T.2	17.247091868130198	46.0	150.0	18.181818181818183	1652041.0
Sor-ACeb_017-Ex1-12F-lcwgs-1-T.1	24.06768570220143	45.0	150.0	18.181818181818183	1213385.0
Sor-ACeb_017-Ex1-12F-lcwgs-1-T.2	23.07141055562255	45.0	150.0	18.181818181818183	1213385.0
Sor-ACeb_018-Ex1-1G-lcwgs-1-T.1	11.752676079300642	43.0	150.0	18.181818181818183	277376.0
Sor-ACeb_018-Ex1-1G-lcwgs-1-T.2	11.20213712257926	43.0	150.0	18.181818181818183	277376.0
Sor-ACeb_019-Ex1-3G-lcwgs-1-T.1	2.7036466358500206	40.0	150.0	18.181818181818183	48675.0
Sor-ACeb_019-Ex1-3G-lcwgs-1-T.2	2.6748844375963046	40.0	150.0	18.181818181818183	48675.0
Sor-ACeb_020-Ex1-2G-lcwgs-1-T.1	3.406720272213562	40.0	150.0	18.181818181818183	49373.0
Sor-ACeb_020-Ex1-2G-lcwgs-1-T.2	3.3763392947562494	41.0	150.0	18.181818181818183	49373.0
Sor-ACeb_021-Ex1-4G-lcwgs-1-T.1	2.7437747265534114	40.0	150.0	18.181818181818183	42970.0
Sor-ACeb_021-Ex1-4G-lcwgs-1-T.2	2.6367232953223123	40.0	150.0	18.181818181818183	42970.0
Sor-ACeb_022-Ex1-5G-lcwgs-1-T.1	9.686224974297247	51.0	150.0	27.27272727272727	215562.0
Sor-ACeb_022-Ex1-5G-lcwgs-1-T.2	8.998343485690953	51.0	150.0	27.27272727272727	215562.0
Sor-CBur_001-Ex1-2C-lcwgs-1-T.1	7.435690180035905	40.0	150.0	9.090909090909092	3035447.0
Sor-CBur_001-Ex1-2C-lcwgs-1-T.2	7.057830625896827	40.0	150.0	9.090909090909092	3035447.0
Sor-CBur_003-Ex1-1G-lcwgs-1-T.1	8.132064091353001	40.0	150.0	9.090909090909092	1381630.0
Sor-CBur_003-Ex1-1G-lcwgs-1-T.2	7.727200964334969	41.0	150.0	9.090909090909092	1381630.0
Sor-CBur_004-Ex1-1H-lcwgs-1-T.1	7.771425840156738	41.0	150.0	9.090909090909092	1520646.0
Sor-CBur_004-Ex1-1H-lcwgs-1-T.2	7.413025639467719	41.0	150.0	9.090909090909092	1520646.0
Sor-CBur_005-Ex1-8H-lcwgs-1-T.1	7.439727264243885	39.0	150.0	9.090909090909092	3107256.0
Sor-CBur_005-Ex1-8H-lcwgs-1-T.2	7.0444111393798465	40.0	150.0	9.090909090909092	3107256.0
Sor-CBur_009-Ex1-3H-lcwgs-1-T.1	8.289714941533376	41.0	150.0	9.090909090909092	3323902.0
Sor-CBur_009-Ex1-3H-lcwgs-1-T.2	7.908615599195642	41.0	150.0	9.090909090909092	3323902.0
Sor-CBur_010-Ex1-2H-lcwgs-1-T.1	7.469200137735328	40.0	150.0	9.090909090909092	3351853.0
Sor-CBur_010-Ex1-2H-lcwgs-1-T.2	7.0852096410019385	40.0	150.0	9.090909090909092	3351853.0
Sor-CBur_011-Ex1-5F-lcwgs-1-T.1	9.122298797150478	40.0	150.0	9.090909090909092	6623799.0
Sor-CBur_011-Ex1-5F-lcwgs-1-T.2	8.582376242257979	40.0	150.0	9.090909090909092	6623799.0
Sor-CBur_012-Ex1-3E-lcwgs-1-T.1	9.422888210785302	40.0	150.0	9.090909090909092	4839563.0
Sor-CBur_012-Ex1-3E-lcwgs-1-T.2	8.785994119943894	40.0	150.0	9.090909090909092	4839563.0
Sor-CBur_013-Ex1-6B-lcwgs-1-T.1	7.284991297821648	40.0	150.0	9.090909090909092	3078067.0
Sor-CBur_013-Ex1-6B-lcwgs-1-T.2	7.000593186520149	40.0	150.0	9.090909090909092	3078067.0
Sor-CBur_014-Ex1-6H-lcwgs-1-T.1	7.909728093299009	41.0	150.0	9.090909090909092	4771136.0
Sor-CBur_014-Ex1-6H-lcwgs-1-T.2	7.698031527262486	41.0	150.0	9.090909090909092	4771136.0
Sor-CBur_015-Ex1-2D-lcwgs-1-T.1	7.111006538746935	40.0	150.0	9.090909090909092	3244343.0
Sor-CBur_015-Ex1-2D-lcwgs-1-T.2	6.713349960665113	40.0	150.0	9.090909090909092	3244343.0
Sor-CBur_016-Ex1-6G-lcwgs-1-T.1	8.105317606411958	40.0	150.0	9.090909090909092	5927238.0
Sor-CBur_016-Ex1-6G-lcwgs-1-T.2	7.770981279545907	40.0	150.0	9.090909090909092	5927238.0
Sor-CBur_020-Ex1-7D-lcwgs-1-T.1	7.128069828170766	41.0	150.0	9.090909090909092	837261.0
Sor-CBur_020-Ex1-7D-lcwgs-1-T.2	6.871511125821357	42.0	150.0	9.090909090909092	837261.0
Sor-CBur_021-Ex1-5C-lcwgs-1-T.1	8.668336947491866	40.0	150.0	18.181818181818183	2783637.0
Sor-CBur_021-Ex1-5C-lcwgs-1-T.2	8.109336280819335	41.0	150.0	18.181818181818183	2783637.0
Sor-CBur_022-Ex1-1A-lcwgs-1-T.1	8.13010776761567	41.0	150.0	9.090909090909092	1245903.0
Sor-CBur_022-Ex1-1A-lcwgs-1-T.2	7.573264247466739	41.0	150.0	9.090909090909092	1245903.0
Sor-CBur_023-Ex1-5E-lcwgs-1-T.1	8.400405431092892	40.0	150.0	9.090909090909092	4793825.0
Sor-CBur_023-Ex1-5E-lcwgs-1-T.2	7.9068949736816165	40.0	150.0	9.090909090909092	4793825.0
Sor-CBur_025-Ex1-8B-lcwgs-1-T.1	6.942895327979642	41.0	150.0	9.090909090909092	2137993.0
Sor-CBur_025-Ex1-8B-lcwgs-1-T.2	6.67115284296294	41.0	150.0	9.090909090909092	2137993.0
Sor-CBur_028-Ex1-2E-lcwgs-1-T.1	7.53909611193032	40.0	150.0	9.090909090909092	4340771.0
Sor-CBur_028-Ex1-2E-lcwgs-1-T.2	7.038535028701162	40.0	150.0	9.090909090909092	4340771.0
Sor-CBur_033-Ex1-3A-lcwgs-1-T.1	8.338935084712958	40.0	150.0	9.090909090909092	2311191.0
Sor-CBur_033-Ex1-3A-lcwgs-1-T.2	7.935224359883435	41.0	150.0	9.090909090909092	2311191.0
Sor-CBur_034-Ex1-3C-lcwgs-1-T.1	8.07754499873225	40.0	150.0	9.090909090909092	2317605.0
Sor-CBur_034-Ex1-3C-lcwgs-1-T.2	7.619242178342816	41.0	150.0	9.090909090909092	2317605.0
Sor-CBur_036-Ex1-3F-lcwgs-1-T.1	9.492387037446974	40.0	150.0	9.090909090909092	5036929.0
Sor-CBur_036-Ex1-3F-lcwgs-1-T.2	8.910064103448647	41.0	150.0	9.090909090909092	5036929.0
Sor-CBur_037-Ex1-5A-lcwgs-1-T.1	7.631528871888548	41.0	150.0	9.090909090909092	2118276.0
Sor-CBur_037-Ex1-5A-lcwgs-1-T.2	7.3526688817492385	41.0	150.0	9.090909090909092	2118276.0
Sor-CBur_040-Ex1-4B-lcwgs-1-T.1	7.649915295799943	40.0	150.0	9.090909090909092	2342565.0
Sor-CBur_040-Ex1-4B-lcwgs-1-T.2	7.1548148577955	40.0	150.0	9.090909090909092	2342565.0
Sor-CBur_041-Ex1-7F-lcwgs-1-T.1	7.80653280566608	41.0	150.0	18.181818181818183	1157393.0
Sor-CBur_041-Ex1-7F-lcwgs-1-T.2	7.468003639017496	41.0	150.0	18.181818181818183	1157393.0
Sor-CBur_042-Ex1-6C-lcwgs-1-T.1	7.229796901103697	40.0	150.0	9.090909090909092	2777771.0
Sor-CBur_042-Ex1-6C-lcwgs-1-T.2	6.8804974344190555	41.0	150.0	9.090909090909092	2777771.0
Sor-CBur_043-Ex1-1B-lcwgs-1-T.1	8.142122530751251	41.0	150.0	18.181818181818183	667899.0
Sor-CBur_043-Ex1-1B-lcwgs-1-T.2	7.646046436541994	41.0	150.0	18.181818181818183	667899.0
Sor-CBur_044-Ex1-6A-lcwgs-1-T.1	13.327994172107935	41.0	150.0	18.181818181818183	2853432.0
Sor-CBur_044-Ex1-6A-lcwgs-1-T.2	12.89841304678147	42.0	150.0	18.181818181818183	2853432.0
Sor-CBur_046-Ex1-2A-lcwgs-1-T.1	8.047060627067097	40.0	150.0	9.090909090909092	3230085.0
Sor-CBur_046-Ex1-2A-lcwgs-1-T.2	7.478215565613809	40.0	150.0	9.090909090909092	3230085.0
Sor-CBur_049-Ex1-7B-lcwgs-1-T.1	7.501706029133146	42.0	150.0	9.090909090909092	694798.0
Sor-CBur_049-Ex1-7B-lcwgs-1-T.2	7.157511842035646	42.0	150.0	9.090909090909092	694798.0
Sor-CBur_050-Ex1-6D-lcwgs-1-T.1	8.059153771363754	40.0	150.0	9.090909090909092	5852940.0
Sor-CBur_050-Ex1-6D-lcwgs-1-T.2	7.5962096083006685	40.0	150.0	9.090909090909092	5852940.0
Sor-CBur_051-Ex1-8D-lcwgs-1-T.1	8.874596213203418	41.0	150.0	9.090909090909092	5268722.0
Sor-CBur_051-Ex1-8D-lcwgs-1-T.2	8.478255593216957	41.0	150.0	9.090909090909092	5268722.0
Sor-CBur_052-Ex1-5B-lcwgs-1-T.1	8.80594474215522	41.0	150.0	18.181818181818183	1336559.0
Sor-CBur_052-Ex1-5B-lcwgs-1-T.2	8.194982495305382	41.0	150.0	18.181818181818183	1336559.0
Sor-CBur_053-Ex1-8F-lcwgs-1-T.1	8.523104333249492	41.0	150.0	9.090909090909092	5380275.0
Sor-CBur_053-Ex1-8F-lcwgs-1-T.2	8.222885977570158	41.0	150.0	9.090909090909092	5380275.0
Sor-CBur_054-Ex1-7A-lcwgs-1-T.1	7.67457038242361	44.0	150.0	9.090909090909092	717685.0
Sor-CBur_054-Ex1-7A-lcwgs-1-T.2	7.533621925969527	44.0	150.0	9.090909090909092	717685.0
Sor-CBur_055-Ex1-2G-lcwgs-1-T.1	7.319551534717178	40.0	150.0	9.090909090909092	3777946.0
Sor-CBur_055-Ex1-2G-lcwgs-1-T.2	6.957809210460937	40.0	150.0	9.090909090909092	3777946.0
Sor-CBur_058-Ex1-8C-lcwgs-1-T.1	6.878064341621851	41.0	150.0	9.090909090909092	2442831.0
Sor-CBur_058-Ex1-8C-lcwgs-1-T.2	6.65537782168407	41.0	150.0	9.090909090909092	2442831.0
Sor-CBur_059-Ex1-3G-lcwgs-1-T.1	8.578199211842502	42.0	150.0	18.181818181818183	1306138.0
Sor-CBur_059-Ex1-3G-lcwgs-1-T.2	8.28616923715812	42.0	150.0	18.181818181818183	1306138.0
Sor-CBur_062-Ex1-6E-lcwgs-1-T.1	8.074631827151379	40.0	150.0	9.090909090909092	7063437.0
Sor-CBur_062-Ex1-6E-lcwgs-1-T.2	7.659027782450806	40.0	150.0	9.090909090909092	7063437.0
Sor-CBur_064-Ex1-4D-lcwgs-1-T.1	7.402781923792475	40.0	150.0	9.090909090909092	2406806.0
Sor-CBur_064-Ex1-4D-lcwgs-1-T.2	7.084712909709225	41.0	150.0	9.090909090909092	2406806.0
Sor-CBur_065-Ex1-1F-lcwgs-1-T.1	7.685025876745897	41.0	150.0	9.090909090909092	754989.0
Sor-CBur_065-Ex1-1F-lcwgs-1-T.2	7.251756359926063	41.0	150.0	9.090909090909092	754989.0
Sor-CBur_066-Ex1-3B-lcwgs-1-T.1	8.89780433290916	40.0	150.0	18.181818181818183	3064042.0
Sor-CBur_066-Ex1-3B-lcwgs-1-T.2	8.29648355297472	41.0	150.0	18.181818181818183	3064042.0
Sor-CBur_067-Ex1-4H-lcwgs-1-T.1	7.07755465825241	41.0	150.0	9.090909090909092	1793519.0
Sor-CBur_067-Ex1-4H-lcwgs-1-T.2	6.895789029661671	41.0	150.0	9.090909090909092	1793519.0
Sor-CBur_068-Ex1-6F-lcwgs-1-T.1	8.316251820658792	40.0	150.0	9.090909090909092	6913511.0
Sor-CBur_068-Ex1-6F-lcwgs-1-T.2	7.907494742973071	40.0	150.0	9.090909090909092	6913511.0
Sor-CBur_069-Ex1-5D-lcwgs-1-T.1	7.788902114232869	41.0	150.0	9.090909090909092	2324506.0
Sor-CBur_069-Ex1-5D-lcwgs-1-T.2	7.448815048195968	41.0	150.0	9.090909090909092	2324506.0
Sor-CBur_070-Ex1-1E-lcwgs-1-T.1	7.689036920474663	41.0	150.0	9.090909090909092	1061170.0
Sor-CBur_070-Ex1-1E-lcwgs-1-T.2	7.332556838817823	41.0	150.0	9.090909090909092	1061170.0
Sor-CBur_071-Ex1-4G-lcwgs-1-T.1	7.611686301707195	40.0	150.0	9.090909090909092	4608730.0
Sor-CBur_071-Ex1-4G-lcwgs-1-T.2	7.254594795505824	40.0	150.0	9.090909090909092	4608730.0
Sor-CBur_073-Ex1-7H-lcwgs-1-T.1	6.896453260623062	41.0	150.0	9.090909090909092	764089.0
Sor-CBur_073-Ex1-7H-lcwgs-1-T.2	6.638342330375053	41.0	150.0	9.090909090909092	764089.0
Sor-CBur_075-Ex1-5H-lcwgs-1-T.1	7.608036934063392	41.0	150.0	9.090909090909092	2153327.0
Sor-CBur_075-Ex1-5H-lcwgs-1-T.2	7.386671010158835	41.0	150.0	9.090909090909092	2153327.0
Sor-CBur_076-Ex1-2B-lcwgs-1-T.1	6.820277351405352	40.0	150.0	9.090909090909092	1361653.0
Sor-CBur_076-Ex1-2B-lcwgs-1-T.2	6.373356188084017	40.0	150.0	9.090909090909092	1361653.0
Sor-CBur_077-Ex1-8E-lcwgs-1-T.1	7.322047582754678	40.0	150.0	9.090909090909092	4313922.0
Sor-CBur_077-Ex1-8E-lcwgs-1-T.2	7.047557087782053	41.0	150.0	9.090909090909092	4313922.0
Sor-CBur_078-Ex1-5G-lcwgs-1-T.1	7.976780117676299	40.0	150.0	9.090909090909092	4567300.0
Sor-CBur_078-Ex1-5G-lcwgs-1-T.2	7.5272046880962336	40.0	150.0	9.090909090909092	4567300.0
Sor-CBur_079-Ex1-8G-lcwgs-1-T.1	8.54024674939457	40.0	150.0	9.090909090909092	6181647.0
Sor-CBur_079-Ex1-8G-lcwgs-1-T.2	8.200264707798283	40.0	150.0	9.090909090909092	6181647.0
Sor-CBur_080-Ex1-2F-lcwgs-1-T.1	8.326531470801953	40.0	150.0	9.090909090909092	3583081.0
Sor-CBur_080-Ex1-2F-lcwgs-1-T.2	7.818620378460153	40.0	150.0	9.090909090909092	3583081.0
Sor-CBur_081-Ex1-8A-lcwgs-1-T.1	7.088289572408385	41.0	150.0	9.090909090909092	1846300.0
Sor-CBur_081-Ex1-8A-lcwgs-1-T.2	6.844952398239613	41.0	150.0	9.090909090909092	1846300.0
Sor-CBur_082-Ex1-4C-lcwgs-1-T.1	7.849727457041865	40.0	150.0	9.090909090909092	2248734.0
Sor-CBur_082-Ex1-4C-lcwgs-1-T.2	7.3918895806061045	40.0	150.0	9.090909090909092	2248734.0
Sor-CBur_084-Ex1-4A-lcwgs-1-T.1	7.4219113445255545	41.0	150.0	9.090909090909092	2022467.0
Sor-CBur_084-Ex1-4A-lcwgs-1-T.2	7.038776882919265	41.0	150.0	9.090909090909092	2022467.0
Sor-CBur_085-Ex1-7E-lcwgs-1-T.1	7.395734375261284	41.0	150.0	9.090909090909092	877000.0
Sor-CBur_085-Ex1-7E-lcwgs-1-T.2	7.119574586129389	41.0	150.0	9.090909090909092	877000.0
Sor-CBur_086-Ex1-1D-lcwgs-1-T.1	7.639540778183658	41.0	150.0	18.181818181818183	386816.0
Sor-CBur_086-Ex1-1D-lcwgs-1-T.2	7.261616874977733	41.0	150.0	18.181818181818183	386816.0
Sor-CBur_087-Ex1-1C-lcwgs-1-T.1	7.755152051835111	41.0	150.0	18.181818181818183	397235.0
Sor-CBur_087-Ex1-1C-lcwgs-1-T.2	7.34628046550732	41.0	150.0	18.181818181818183	397235.0
Sor-CBur_088-Ex1-4F-lcwgs-1-T.1	7.629354811472766	41.0	150.0	9.090909090909092	2306572.0
Sor-CBur_088-Ex1-4F-lcwgs-1-T.2	7.304898997710708	41.0	150.0	9.090909090909092	2306572.0
Sor-CBur_089-Ex1-4E-lcwgs-1-T.1	8.060617943688484	41.0	150.0	9.090909090909092	2893427.0
Sor-CBur_089-Ex1-4E-lcwgs-1-T.2	7.687351748162314	41.0	150.0	9.090909090909092	2893427.0
Sor-CBur_091-Ex1-7C-lcwgs-1-T.1	7.37259293137808	41.0	150.0	9.090909090909092	829219.0
Sor-CBur_091-Ex1-7C-lcwgs-1-T.2	6.941647514719449	41.0	150.0	9.090909090909092	829219.0
Sor-CBur_093-Ex1-7G-lcwgs-1-T.1	7.674012900872313	41.0	150.0	18.181818181818183	1080340.0
Sor-CBur_093-Ex1-7G-lcwgs-1-T.2	7.334580920275727	41.0	150.0	18.181818181818183	1080340.0
Sor-CBur_096-Ex1-3D-lcwgs-1-T.1	8.194143127069466	40.0	150.0	9.090909090909092	2978247.0
Sor-CBur_096-Ex1-3D-lcwgs-1-T.2	7.660232466667637	41.0	150.0	9.090909090909092	2978247.0
Sor-CPnd_001-Ex1-3E-lcwgs-1-T.1	6.648845334990554	40.0	150.0	9.090909090909092	2558771.0
Sor-CPnd_001-Ex1-3E-lcwgs-1-T.2	6.347855929214347	40.0	150.0	9.090909090909092	2558771.0
Sor-CPnd_002-Ex1-5E-lcwgs-1-T.1	6.861922988986706	41.0	150.0	9.090909090909092	2702618.0
Sor-CPnd_002-Ex1-5E-lcwgs-1-T.2	6.714592549053279	41.0	150.0	9.090909090909092	2702618.0
Sor-CPnd_003-Ex1-2B-lcwgs-1-T.1	7.6073009425407605	40.0	150.0	9.090909090909092	3533544.0
Sor-CPnd_003-Ex1-2B-lcwgs-1-T.2	7.204249836600312	40.0	150.0	9.090909090909092	3533544.0
Sor-CPnd_004-Ex1-1G-lcwgs-1-T.1	6.839666245498819	40.0	150.0	9.090909090909092	3770967.0
Sor-CPnd_004-Ex1-1G-lcwgs-1-T.2	6.58243180596412	40.0	150.0	9.090909090909092	3770967.0
Sor-CPnd_005-Ex1-3D-lcwgs-1-T.1	7.028283837508326	39.0	150.0	9.090909090909092	2174053.0
Sor-CPnd_005-Ex1-3D-lcwgs-1-T.2	6.601465318444141	40.0	150.0	9.090909090909092	2174053.0
Sor-CPnd_006-Ex1-2D-lcwgs-1-T.1	7.331358560242705	40.0	150.0	9.090909090909092	3033256.0
Sor-CPnd_006-Ex1-2D-lcwgs-1-T.2	7.069393172801384	41.0	150.0	9.090909090909092	3033256.0
Sor-CPnd_007-Ex1-1C-lcwgs-1-T.1	7.269230582808987	41.0	150.0	9.090909090909092	2906649.0
Sor-CPnd_007-Ex1-1C-lcwgs-1-T.2	6.898152641190194	41.0	150.0	9.090909090909092	2906649.0
Sor-CPnd_008-Ex1-1A-lcwgs-1-T.1	7.796392015535915	39.0	150.0	0.0	5131572.0
Sor-CPnd_008-Ex1-1A-lcwgs-1-T.2	6.564418655067101	40.0	150.0	0.0	5131572.0
Sor-CPnd_009-Ex1-6A-lcwgs-1-T.1	8.586267188852275	41.0	150.0	9.090909090909092	4774721.0
Sor-CPnd_009-Ex1-6A-lcwgs-1-T.2	8.03392716866857	41.0	150.0	9.090909090909092	4774721.0
Sor-CPnd_010-Ex1-1H-lcwgs-1-T.1	7.231403334449311	40.0	150.0	9.090909090909092	4640231.0
Sor-CPnd_010-Ex1-1H-lcwgs-1-T.2	6.835580482615356	40.0	150.0	9.090909090909092	4640231.0
Sor-CPnd_011-Ex1-8D-lcwgs-1-T.1	6.602093758272858	41.0	150.0	9.090909090909092	1894590.0
Sor-CPnd_011-Ex1-8D-lcwgs-1-T.2	6.414360640178529	41.0	150.0	9.090909090909092	1894590.0
Sor-CPnd_012-Ex1-5B-lcwgs-1-T.1	7.291813993606439	40.0	150.0	9.090909090909092	2186356.0
Sor-CPnd_012-Ex1-5B-lcwgs-1-T.2	6.841334899942595	40.0	150.0	9.090909090909092	2186356.0
Sor-CPnd_013-Ex1-7F-lcwgs-1-T.1	6.5344992047778305	41.0	150.0	9.090909090909092	2260939.0
Sor-CPnd_013-Ex1-7F-lcwgs-1-T.2	6.257584933245681	41.0	150.0	9.090909090909092	2260939.0
Sor-CPnd_014-Ex1-1F-lcwgs-1-T.1	6.887974776042739	40.0	150.0	9.090909090909092	3071667.0
Sor-CPnd_014-Ex1-1F-lcwgs-1-T.2	6.635804864598768	41.0	150.0	9.090909090909092	3071667.0
Sor-CPnd_015-Ex1-5F-lcwgs-1-T.1	7.358228054225151	40.0	150.0	9.090909090909092	2682962.0
Sor-CPnd_015-Ex1-5F-lcwgs-1-T.2	7.0339929476107415	41.0	150.0	9.090909090909092	2682962.0
Sor-CPnd_016-Ex1-1B-lcwgs-1-T.1	6.986167807764616	40.0	150.0	9.090909090909092	3144784.0
Sor-CPnd_016-Ex1-1B-lcwgs-1-T.2	6.300228431709684	40.0	150.0	9.090909090909092	3144784.0
Sor-CPnd_017-Ex1-3G-lcwgs-1-T.1	6.842445904108473	40.0	150.0	9.090909090909092	3003366.0
Sor-CPnd_017-Ex1-3G-lcwgs-1-T.2	6.626051254280966	40.0	150.0	9.090909090909092	3003366.0
Sor-CPnd_018-Ex1-1E-lcwgs-1-T.1	6.963141376580964	40.0	150.0	9.090909090909092	4159428.0
Sor-CPnd_018-Ex1-1E-lcwgs-1-T.2	6.584967886108402	40.0	150.0	9.090909090909092	4159428.0
Sor-CPnd_019-Ex1-6G-lcwgs-1-T.1	7.657173430576634	41.0	150.0	9.090909090909092	2756447.0
Sor-CPnd_019-Ex1-6G-lcwgs-1-T.2	7.2995100678687805	41.0	150.0	9.090909090909092	2756447.0
Sor-CPnd_020-Ex1-2E-lcwgs-1-T.1	7.391812563752069	40.0	150.0	9.090909090909092	3555854.0
Sor-CPnd_020-Ex1-2E-lcwgs-1-T.2	7.096804944903596	40.0	150.0	9.090909090909092	3555854.0
Sor-CPnd_021-Ex1-4D-lcwgs-1-T.1	6.457233422318296	40.0	150.0	9.090909090909092	1507211.0
Sor-CPnd_021-Ex1-4D-lcwgs-1-T.2	6.229019065661461	40.0	150.0	9.090909090909092	1507211.0
Sor-CPnd_022-Ex1-7C-lcwgs-1-T.1	7.468795323256245	40.0	150.0	9.090909090909092	3053796.0
Sor-CPnd_022-Ex1-7C-lcwgs-1-T.2	7.1304089884394415	40.0	150.0	9.090909090909092	3053796.0
Sor-CPnd_023-Ex1-4A-lcwgs-1-T.1	7.106310841596937	40.0	150.0	9.090909090909092	2017229.0
Sor-CPnd_023-Ex1-4A-lcwgs-1-T.2	6.80856287742651	40.0	150.0	9.090909090909092	2017229.0
Sor-CPnd_024-Ex1-5G-lcwgs-1-T.1	6.782350497512809	40.0	150.0	9.090909090909092	2152596.0
Sor-CPnd_024-Ex1-5G-lcwgs-1-T.2	6.431682752537597	40.0	150.0	9.090909090909092	2152596.0
Sor-CPnd_025-Ex1-4B-lcwgs-1-T.1	6.744465839768026	40.0	150.0	9.090909090909092	1768592.0
Sor-CPnd_025-Ex1-4B-lcwgs-1-T.2	6.430915166951124	41.0	150.0	9.090909090909092	1768592.0
Sor-CPnd_026-Ex1-3H-lcwgs-1-T.1	7.0535458470218515	40.0	150.0	9.090909090909092	2178128.0
Sor-CPnd_026-Ex1-3H-lcwgs-1-T.2	6.701504123136502	40.0	150.0	9.090909090909092	2178128.0
Sor-CPnd_027-Ex1-3C-lcwgs-1-T.1	6.924590167162918	40.0	150.0	9.090909090909092	2347326.0
Sor-CPnd_027-Ex1-3C-lcwgs-1-T.2	6.5156859344568545	40.0	150.0	9.090909090909092	2347326.0
Sor-CPnd_028-Ex1-3A-lcwgs-1-T.1	7.3265494105461215	40.0	150.0	9.090909090909092	2536333.0
Sor-CPnd_028-Ex1-3A-lcwgs-1-T.2	6.847390693297626	40.0	150.0	9.090909090909092	2536333.0
Sor-CPnd_029-Ex1-8E-lcwgs-1-T.1	7.090986985823875	40.0	150.0	9.090909090909092	3882938.0
Sor-CPnd_029-Ex1-8E-lcwgs-1-T.2	6.875050166781705	40.0	150.0	9.090909090909092	3882938.0
Sor-CPnd_030-Ex1-2H-lcwgs-1-T.1	7.348629252582185	40.0	150.0	9.090909090909092	2362540.0
Sor-CPnd_030-Ex1-2H-lcwgs-1-T.2	7.081647418514365	40.0	150.0	9.090909090909092	2362540.0
Sor-CPnd_031-Ex1-5D-lcwgs-1-T.1	7.144427267488709	40.0	150.0	9.090909090909092	3093627.0
Sor-CPnd_031-Ex1-5D-lcwgs-1-T.2	6.867369097889593	40.0	150.0	9.090909090909092	3093627.0
Sor-CPnd_032-Ex1-4F-lcwgs-1-T.1	6.838204835155409	40.0	150.0	9.090909090909092	1915447.0
Sor-CPnd_032-Ex1-4F-lcwgs-1-T.2	6.599313167510388	41.0	150.0	9.090909090909092	1915447.0
Sor-CPnd_033-Ex1-2F-lcwgs-1-T.1	7.467366679353731	39.0	150.0	9.090909090909092	3250726.0
Sor-CPnd_033-Ex1-2F-lcwgs-1-T.2	7.12889214395706	39.0	150.0	9.090909090909092	3250726.0
Sor-CPnd_034-Ex1-4G-lcwgs-1-T.1	6.922804222763517	40.0	150.0	9.090909090909092	2622652.0
Sor-CPnd_034-Ex1-4G-lcwgs-1-T.2	6.7237789151238445	40.0	150.0	9.090909090909092	2622652.0
Sor-CPnd_035-Ex1-4C-lcwgs-1-T.1	7.449567040680307	40.0	150.0	9.090909090909092	1768206.0
Sor-CPnd_035-Ex1-4C-lcwgs-1-T.2	7.133496711576896	40.0	150.0	9.090909090909092	1768206.0
Sor-CPnd_036-Ex1-5C-lcwgs-1-T.1	8.07587431997112	40.0	150.0	9.090909090909092	2650410.0
Sor-CPnd_036-Ex1-5C-lcwgs-1-T.2	7.762861695545979	40.0	150.0	9.090909090909092	2650410.0
Sor-CPnd_037-Ex1-6C-lcwgs-1-T.1	9.920631834259481	40.0	150.0	18.181818181818183	3196336.0
Sor-CPnd_037-Ex1-6C-lcwgs-1-T.2	9.381644138844024	40.0	150.0	18.181818181818183	3196336.0
Sor-CPnd_038-Ex1-2A-lcwgs-1-T.1	7.396264974136358	40.0	150.0	9.090909090909092	2496677.0
Sor-CPnd_038-Ex1-2A-lcwgs-1-T.2	6.92191866485723	40.0	150.0	9.090909090909092	2496677.0
Sor-CPnd_039-Ex1-5H-lcwgs-1-T.1	7.819857412172766	40.0	150.0	9.090909090909092	1981946.0
Sor-CPnd_039-Ex1-5H-lcwgs-1-T.2	7.601456699923858	41.0	150.0	9.090909090909092	1981946.0
Sor-CPnd_040-Ex1-6F-lcwgs-1-T.1	5.284396742074009	40.0	150.0	9.090909090909092	633922.0
Sor-CPnd_040-Ex1-6F-lcwgs-1-T.2	5.147211460445305	40.0	150.0	9.090909090909092	633922.0
Sor-CPnd_041-Ex1-7A-lcwgs-1-T.1	7.900742603503829	42.0	150.0	18.181818181818183	2605050.0
Sor-CPnd_041-Ex1-7A-lcwgs-1-T.2	7.7712861689886665	42.0	150.0	18.181818181818183	2605050.0
Sor-CPnd_042-Ex1-4E-lcwgs-1-T.1	6.633489720877861	40.0	150.0	9.090909090909092	1961103.0
Sor-CPnd_042-Ex1-4E-lcwgs-1-T.2	6.4288080208501555	40.0	150.0	9.090909090909092	1961103.0
Sor-CPnd_043-Ex1-1D-lcwgs-1-T.1	6.781001326527232	40.0	150.0	9.090909090909092	2950388.0
Sor-CPnd_043-Ex1-1D-lcwgs-1-T.2	6.43976768745722	40.0	150.0	9.090909090909092	2950388.0
Sor-CPnd_044-Ex1-8G-lcwgs-1-T.1	6.937847258629276	40.0	150.0	9.090909090909092	2909760.0
Sor-CPnd_044-Ex1-8G-lcwgs-1-T.2	6.610507346816689	40.0	150.0	9.090909090909092	2909760.0
Sor-CPnd_045-Ex1-7B-lcwgs-1-T.1	7.452933231896267	40.0	150.0	9.090909090909092	3088155.0
Sor-CPnd_045-Ex1-7B-lcwgs-1-T.2	6.9588926044662	40.0	150.0	9.090909090909092	3088155.0
Sor-CPnd_046-Ex1-5A-lcwgs-1-T.1	8.25192408765409	41.0	150.0	9.090909090909092	2969999.0
Sor-CPnd_046-Ex1-5A-lcwgs-1-T.2	7.883567625197628	41.0	150.0	9.090909090909092	2969999.0
Sor-CPnd_047-Ex1-4H-lcwgs-1-T.1	7.2779694747818695	40.0	150.0	9.090909090909092	1918094.0
Sor-CPnd_047-Ex1-4H-lcwgs-1-T.2	7.003153912734575	40.0	150.0	9.090909090909092	1918094.0
Sor-CPnd_048-Ex1-8A-lcwgs-1-T.1	7.999077035996251	41.0	150.0	18.181818181818183	1558570.0
Sor-CPnd_048-Ex1-8A-lcwgs-1-T.2	7.611077656657898	41.0	150.0	18.181818181818183	1558570.0
Sor-CPnd_049-Ex1-3B-lcwgs-1-T.1	7.16145579327538	39.0	150.0	9.090909090909092	2287732.0
Sor-CPnd_049-Ex1-3B-lcwgs-1-T.2	6.698723963307572	40.0	150.0	9.090909090909092	2287732.0
Sor-CPnd_050-Ex1-3F-lcwgs-1-T.1	7.4567477258403585	40.0	150.0	9.090909090909092	3350468.0
Sor-CPnd_050-Ex1-3F-lcwgs-1-T.2	7.092917426671377	40.0	150.0	9.090909090909092	3350468.0
Sor-CPnd_051-Ex1-6H-lcwgs-1-T.1	7.191770749434184	40.0	150.0	9.090909090909092	1366294.0
Sor-CPnd_051-Ex1-6H-lcwgs-1-T.2	6.93632974486799	40.0	150.0	9.090909090909092	1366294.0
Sor-CPnd_052-Ex1-6D-lcwgs-1-T.1	7.729576552037315	40.0	150.0	9.090909090909092	4317743.0
Sor-CPnd_052-Ex1-6D-lcwgs-1-T.2	7.41688378883903	40.0	150.0	9.090909090909092	4317743.0
Sor-CPnd_053-Ex1-2C-lcwgs-1-T.1	7.160759392128412	40.0	150.0	9.090909090909092	2196604.0
Sor-CPnd_053-Ex1-2C-lcwgs-1-T.2	6.86652896686023	40.0	150.0	9.090909090909092	2196604.0
Sor-CPnd_054-Ex1-8F-lcwgs-1-T.1	7.988521647381546	41.0	150.0	9.090909090909092	3750552.0
Sor-CPnd_054-Ex1-8F-lcwgs-1-T.2	7.632141131248034	41.0	150.0	9.090909090909092	3750552.0
Sor-CPnd_055-Ex1-7G-lcwgs-1-T.1	6.61571592454203	40.0	150.0	9.090909090909092	2658281.0
Sor-CPnd_055-Ex1-7G-lcwgs-1-T.2	6.33842746994921	40.0	150.0	9.090909090909092	2658281.0
Sor-CPnd_056-Ex1-7E-lcwgs-1-T.1	5.582025418527834	40.0	150.0	9.090909090909092	1183860.0
Sor-CPnd_056-Ex1-7E-lcwgs-1-T.2	5.384506645950353	40.0	150.0	9.090909090909092	1183860.0
Sor-CPnd_057-Ex1-6E-lcwgs-1-T.1	6.088783097649937	40.0	150.0	9.090909090909092	1054189.0
Sor-CPnd_057-Ex1-6E-lcwgs-1-T.2	5.810102342145399	41.0	150.0	9.090909090909092	1054189.0
Sor-CPnd_058-Ex1-2G-lcwgs-1-T.1	7.3812849548954205	39.0	150.0	9.090909090909092	3534930.0
Sor-CPnd_058-Ex1-2G-lcwgs-1-T.2	7.054715337369757	39.0	150.0	9.090909090909092	3534930.0
Sor-CPnd_060-Ex1-7H-lcwgs-1-T.1	7.235181717632912	40.0	150.0	18.181818181818183	1024226.0
Sor-CPnd_060-Ex1-7H-lcwgs-1-T.2	6.858426591215888	40.0	150.0	18.181818181818183	1024226.0
Sor-CPnd_063-Ex1-7D-lcwgs-1-T.1	6.906096096220139	40.0	150.0	9.090909090909092	2685447.0
Sor-CPnd_063-Ex1-7D-lcwgs-1-T.2	6.593631685750765	40.0	150.0	9.090909090909092	2685447.0
Sor-CPnd_066-Ex1-8B-lcwgs-1-T.1	7.485141453355936	40.0	150.0	9.090909090909092	2114041.0
Sor-CPnd_066-Ex1-8B-lcwgs-1-T.2	7.066922828615191	40.0	150.0	9.090909090909092	2114041.0
Sor-CPnd_068-Ex1-8H-lcwgs-1-T.1	7.4839369303569185	40.0	150.0	18.181818181818183	1488310.0
Sor-CPnd_068-Ex1-8H-lcwgs-1-T.2	7.188812900211289	40.0	150.0	18.181818181818183	1488310.0
Sor-CPnd_069-Ex1-6B-lcwgs-1-T.1	8.54074963414287	40.0	150.0	9.090909090909092	2301046.0
Sor-CPnd_069-Ex1-6B-lcwgs-1-T.2	8.081995522332946	41.0	150.0	9.090909090909092	2301046.0
Sor-CPnd_072-Ex1-8C-lcwgs-1-T.1	7.697935357312062	40.0	150.0	9.090909090909092	3475585.0
Sor-CPnd_072-Ex1-8C-lcwgs-1-T.2	7.126145892524619	40.0	150.0	9.090909090909092	3475585.0
