Sample	FastQC_mqc-generalstats-fastqc-percent_duplicates	FastQC_mqc-generalstats-fastqc-percent_gc	FastQC_mqc-generalstats-fastqc-avg_sequence_length	FastQC_mqc-generalstats-fastqc-percent_fails	FastQC_mqc-generalstats-fastqc-total_sequences
Sor-ABur_001-Ex1-6G-lcwgs-1-T.clmp.r1	2.151793865131779	36.0	103.16991098295985	0.0	1367828.0
Sor-ABur_001-Ex1-6G-lcwgs-1-T.clmp.r2	2.1074825238337525	36.0	103.184802475165	0.0	1367828.0
Sor-ABur_002-Ex1-7G-lcwgs-1-T.clmp.r1	2.1889567800657517	34.0	105.44482499561173	0.0	712125.0
Sor-ABur_002-Ex1-7G-lcwgs-1-T.clmp.r2	2.0715512420836006	34.0	105.4694709496226	0.0	712125.0
Sor-ABur_003-Ex1-8G-lcwgs-1-T.clmp.r1	1.220799875879706	34.0	95.79585315321029	0.0	2838060.0
Sor-ABur_003-Ex1-8G-lcwgs-1-T.clmp.r2	1.2353436778622608	34.0	95.85154295539911	0.0	2838060.0
Sor-ABur_004-Ex1-9G-lcwgs-1-T.clmp.r1	1.7589630732854857	35.0	100.93331098693062	0.0	1533431.0
Sor-ABur_004-Ex1-9G-lcwgs-1-T.clmp.r2	1.7389850355048395	35.0	100.96569848920493	0.0	1533431.0
Sor-ABur_005-Ex1-10G-lcwgs-1-T.clmp.r1	1.840293162718993	35.0	95.70172047924392	0.0	1431171.0
Sor-ABur_005-Ex1-10G-lcwgs-1-T.clmp.r2	1.7327888419321198	35.0	95.75161738185025	0.0	1431171.0
Sor-ABur_006-Ex1-11G-lcwgs-1-T.clmp.r1	2.650061154282639	35.0	98.61098129444942	0.0	2259169.0
Sor-ABur_006-Ex1-11G-lcwgs-1-T.clmp.r2	2.6044692099318496	35.0	98.64044876678106	0.0	2259169.0
Sor-ABur_007-Ex1-12G-lcwgs-1-T.clmp.r1	1.4922722298419728	34.0	98.238024019026	0.0	1386734.0
Sor-ABur_007-Ex1-12G-lcwgs-1-T.clmp.r2	1.4555485897061402	34.0	98.2783259082131	0.0	1386734.0
Sor-ABur_008-Ex1-1H-lcwgs-1-T.clmp.r1	1.9266358942717972	35.0	102.35767688055635	0.0	2004460.0
Sor-ABur_008-Ex1-1H-lcwgs-1-T.clmp.r2	1.8416475564612256	35.0	102.37754307893398	0.0	2004460.0
Sor-ABur_009-Ex1-2H-lcwgs-1-T.clmp.r1	1.6986085812206966	35.0	98.78882850216436	0.0	1683409.0
Sor-ABur_009-Ex1-2H-lcwgs-1-T.clmp.r2	1.6952267219726735	35.0	98.82327467656404	0.0	1683409.0
Sor-ABur_010-Ex1-3H-lcwgs-1-T.clmp.r1	1.7217412320224241	35.0	97.50466985056289	0.0	1061383.0
Sor-ABur_010-Ex1-3H-lcwgs-1-T.clmp.r2	1.6007236506964517	35.0	97.55596236231408	0.0	1061383.0
Sor-ABur_011-Ex1-4H-lcwgs-1-T.clmp.r1	1.4670148111550247	34.0	93.6711451594695	0.0	699789.0
Sor-ABur_011-Ex1-4H-lcwgs-1-T.clmp.r2	1.3572456555672119	34.0	93.7221048058772	0.0	699789.0
Sor-ABur_012-Ex1-5H-lcwgs-1-T.clmp.r1	2.4780021339291523	34.0	106.76236375631467	0.0	645718.0
Sor-ABur_012-Ex1-5H-lcwgs-1-T.clmp.r2	2.3570029813730997	34.0	106.77863556537064	0.0	645718.0
Sor-ABur_013-Ex1-6H-lcwgs-1-T.clmp.r1	2.592094295265639	34.0	112.51030229120805	0.0	669123.0
Sor-ABur_013-Ex1-6H-lcwgs-1-T.clmp.r2	2.4748868833391526	34.0	112.5018315018315	0.0	669123.0
Sor-ABur_014-Ex1-7H-lcwgs-1-T.clmp.r1	3.0539189481247178	35.0	107.252111235659	0.0	1343526.0
Sor-ABur_014-Ex1-7H-lcwgs-1-T.clmp.r2	2.8705957654777166	35.0	107.27639733060619	0.0	1343526.0
Sor-ABur_015-Ex1-8H-lcwgs-1-T.clmp.r1	0.8161545327487119	35.0	91.56959666108416	0.0	793551.0
Sor-ABur_015-Ex1-8H-lcwgs-1-T.clmp.r2	0.851283304439491	35.0	91.62074145203017	0.0	793551.0
Sor-ABur_016-Ex1-9H-lcwgs-1-T.clmp.r1	2.4697590378537484	34.0	102.05301704428005	0.0	798215.0
Sor-ABur_016-Ex1-9H-lcwgs-1-T.clmp.r2	2.3657927152458456	34.0	102.09239741172492	0.0	798215.0
Sor-ACan_001-Ex1-1A-lcwgs-1-T.clmp.r1	2.502704798543249	34.0	120.4230472866312	0.0	960356.0
Sor-ACan_001-Ex1-1A-lcwgs-1-T.clmp.r2	2.3393796011605588	34.0	120.38240610773505	0.0	960356.0
Sor-ACan_002-Ex1-2A-lcwgs-1-T.clmp.r1	2.120665555834634	34.0	99.2320708436756	0.0	1024114.0
Sor-ACan_002-Ex1-2A-lcwgs-1-T.clmp.r2	2.0081162807222626	34.0	99.25886766512322	0.0	1024114.0
Sor-ACan_003-Ex1-3A-lcwgs-1-T.clmp.r1	2.896939577175516	34.0	108.33413148637807	0.0	1053265.0
Sor-ACan_003-Ex1-3A-lcwgs-1-T.clmp.r2	2.7336826911861323	34.0	108.34634588636288	0.0	1053265.0
Sor-ACan_004-Ex1-4A-lcwgs-1-T.clmp.r1	2.9243878724352896	35.0	104.3854843389496	0.0	2577988.0
Sor-ACan_004-Ex1-4A-lcwgs-1-T.clmp.r2	2.8356426022714913	35.0	104.41799147241957	0.0	2577988.0
Sor-ACan_005-Ex1-5A-lcwgs-1-T.clmp.r1	2.882181416959355	34.0	105.42424830292728	0.0	2515508.0
Sor-ACan_005-Ex1-5A-lcwgs-1-T.clmp.r2	2.7063398082836443	34.0	105.46063339889994	0.0	2515508.0
Sor-ACan_006-Ex1-6A-lcwgs-1-T.clmp.r1	5.044291938932858	33.0	113.55105062409716	0.0	4912937.0
Sor-ACan_006-Ex1-6A-lcwgs-1-T.clmp.r2	4.747734124373551	33.0	113.57693453020057	0.0	4912937.0
Sor-ACan_007-Ex1-7A-lcwgs-1-T.clmp.r1	3.675111608438627	34.0	106.07743816749145	0.0	3056968.0
Sor-ACan_007-Ex1-7A-lcwgs-1-T.clmp.r2	3.5389652264545504	34.0	106.10198274891984	0.0	3056968.0
Sor-ACan_008-Ex1-8A-lcwgs-1-T.clmp.r1	3.5303176270917334	34.0	106.13752372620858	0.0	2491970.0
Sor-ACan_008-Ex1-8A-lcwgs-1-T.clmp.r2	3.3536416145342685	34.0	106.15387223762725	0.0	2491970.0
Sor-ACan_009-Ex1-9A-lcwgs-1-T.clmp.r1	2.4964979995492627	35.0	103.44725565275009	0.0	1569590.0
Sor-ACan_009-Ex1-9A-lcwgs-1-T.clmp.r2	2.368462274280134	35.0	103.4715065717799	0.0	1569590.0
Sor-ACan_010-Ex1-10A-lcwgs-1-T.clmp.r1	2.8616947940907806	34.0	100.07117014024904	0.0	1296836.0
Sor-ACan_010-Ex1-10A-lcwgs-1-T.clmp.r2	2.6398773694835285	34.0	100.096674521682	0.0	1296836.0
Sor-ACan_011-Ex1-11A-lcwgs-1-T.clmp.r1	2.3683862737682375	35.0	100.68519796350441	0.0	934743.0
Sor-ACan_011-Ex1-11A-lcwgs-1-T.clmp.r2	2.2129795655631597	35.0	100.71705698785655	0.0	934743.0
Sor-ACan_012-Ex1-12A-lcwgs-1-T.clmp.r1	2.7106456158508507	34.0	101.03667176650582	0.0	679760.0
Sor-ACan_012-Ex1-12A-lcwgs-1-T.clmp.r2	2.523794850369484	34.0	101.04334323879016	0.0	679760.0
Sor-ACan_013-Ex1-1B-lcwgs-1-T.clmp.r1	0.30174886844174864	36.0	108.77698208631718	9.090909090909092	47059.0
Sor-ACan_013-Ex1-1B-lcwgs-1-T.clmp.r2	0.2443740835971937	36.0	108.72583352812427	9.090909090909092	47059.0
Sor-ACan_014-Ex1-2B-lcwgs-1-T.clmp.r1	1.1149051653329565	35.0	96.2111263311387	0.0	1063657.0
Sor-ACan_014-Ex1-2B-lcwgs-1-T.clmp.r2	1.1445105605856156	35.0	96.24047601811486	0.0	1063657.0
Sor-ACan_015-Ex1-3B-lcwgs-1-T.clmp.r1	1.197008083212964	34.0	97.03750630049396	0.0	1388780.0
Sor-ACan_015-Ex1-3B-lcwgs-1-T.clmp.r2	1.2414795534311196	34.0	97.0901438672792	0.0	1388780.0
Sor-ACan_016-Ex1-4B-lcwgs-1-T.clmp.r1	1.1880981051020285	35.0	94.38025380491978	0.0	1624870.0
Sor-ACan_016-Ex1-4B-lcwgs-1-T.clmp.r2	1.1246656779686077	35.0	94.45127610208817	0.0	1624870.0
Sor-ACan_017-Ex1-5B-lcwgs-1-T.clmp.r1	1.0408076756720703	35.0	94.71611019241317	0.0	960901.0
Sor-ACan_017-Ex1-5B-lcwgs-1-T.clmp.r2	1.0491443321329967	35.0	94.76096496933607	0.0	960901.0
Sor-ACan_018-Ex1-6B-lcwgs-1-T.clmp.r1	4.826077034930179	36.0	129.65565262378158	9.090909090909092	1275735.0
Sor-ACan_018-Ex1-6B-lcwgs-1-T.clmp.r2	4.501443931284072	36.0	129.58230510254873	9.090909090909092	1275735.0
Sor-ACan_019-Ex1-7B-lcwgs-1-T.clmp.r1	0.6315142906501308	38.0	108.83749544119622	0.0	52097.0
Sor-ACan_019-Ex1-7B-lcwgs-1-T.clmp.r2	0.46643760677199	38.0	108.84239015682284	0.0	52097.0
Sor-ACan_020-Ex1-8B-lcwgs-1-T.clmp.r1	1.6354679216360068	36.0	93.59734884423452	0.0	1363858.0
Sor-ACan_020-Ex1-8B-lcwgs-1-T.clmp.r2	1.5451467607456095	36.0	93.6382226008866	0.0	1363858.0
Sor-ACan_021-Ex1-9B-lcwgs-1-T.clmp.r1	4.24660604767287	59.0	142.59740771241363	9.090909090909092	391006.0
Sor-ACan_021-Ex1-9B-lcwgs-1-T.clmp.r2	3.8407099209038478	59.0	142.38083047318966	9.090909090909092	391006.0
Sor-ACan_022-Ex1-10B-lcwgs-1-T.clmp.r1	2.4884363631065014	35.0	102.83420424130723	0.0	1027089.0
Sor-ACan_022-Ex1-10B-lcwgs-1-T.clmp.r2	2.2868502852920614	35.0	102.84595687423388	0.0	1027089.0
Sor-ACan_023-Ex1-11B-lcwgs-1-T.clmp.r1	3.2142588847277693	35.0	104.85304715424428	0.0	1659893.0
Sor-ACan_023-Ex1-11B-lcwgs-1-T.clmp.r2	3.025231110031285	35.0	104.85735767305484	0.0	1659893.0
Sor-ACan_024-Ex1-12B-lcwgs-1-T.clmp.r1	2.390576641189142	35.0	108.78650233071846	0.0	414679.0
Sor-ACan_024-Ex1-12B-lcwgs-1-T.clmp.r2	2.3138262796736626	35.0	108.78687370230949	0.0	414679.0
Sor-ACan_025-Ex1-1C-lcwgs-1-T.clmp.r1	2.820925514797395	35.0	103.41880560344042	0.0	2906857.0
Sor-ACan_025-Ex1-1C-lcwgs-1-T.clmp.r2	2.598745208555144	35.0	103.43034315069507	0.0	2906857.0
Sor-ACan_026-Ex1-2C-lcwgs-1-T.clmp.r1	4.291858826271948	57.0	141.02306137693333	9.090909090909092	527462.0
Sor-ACan_026-Ex1-2C-lcwgs-1-T.clmp.r2	3.9775801613647417	57.0	140.818185954628	9.090909090909092	527462.0
Sor-ACan_027-Ex1-3C-lcwgs-1-T.clmp.r1	2.3310133043322736	35.0	97.40978808494476	0.0	1790340.0
Sor-ACan_027-Ex1-3C-lcwgs-1-T.clmp.r2	2.208215667871258	35.0	97.45063619200822	0.0	1790340.0
Sor-ACan_028-Ex1-4C-lcwgs-1-T.clmp.r1	1.0892617167867655	35.0	97.14501054528276	0.0	1549508.0
Sor-ACan_028-Ex1-4C-lcwgs-1-T.clmp.r2	1.1016931750079522	35.0	97.1955168995578	0.0	1549508.0
Sor-ACan_029-Ex1-5C-lcwgs-1-T.clmp.r1	2.9938256661279183	35.0	106.50429250010895	0.0	3074898.0
Sor-ACan_029-Ex1-5C-lcwgs-1-T.clmp.r2	2.9754089583559136	35.0	106.5210312667282	0.0	3074898.0
Sor-ACan_030-Ex1-6C-lcwgs-1-T.clmp.r1	4.3334736342302165	35.0	117.05248694717764	0.0	3848976.0
Sor-ACan_030-Ex1-6C-lcwgs-1-T.clmp.r2	4.150272205193005	35.0	117.05196888730924	0.0	3848976.0
Sor-ACan_031-Ex1-7C-lcwgs-1-T.clmp.r1	4.054117903904583	34.0	129.0193615930789	0.0	2514979.0
Sor-ACan_031-Ex1-7C-lcwgs-1-T.clmp.r2	3.9320030135197754	34.0	128.96372454799823	0.0	2514979.0
Sor-ACan_032-Ex1-8C-lcwgs-1-T.clmp.r1	2.167642237451517	47.0	124.07721724672184	9.090909090909092	132315.0
Sor-ACan_032-Ex1-8C-lcwgs-1-T.clmp.r2	1.7537867394143376	47.0	123.9902580962098	9.090909090909092	132315.0
Sor-ACan_033-Ex1-9C-lcwgs-1-T.clmp.r1	2.50087985835367	35.0	107.99574868889286	0.0	1717823.0
Sor-ACan_033-Ex1-9C-lcwgs-1-T.clmp.r2	2.470898050833611	35.0	107.9957021183207	0.0	1717823.0
Sor-ACan_034-Ex1-10C-lcwgs-1-T.clmp.r1	2.9179448315122585	35.0	98.3116681548656	0.0	2468308.0
Sor-ACan_034-Ex1-10C-lcwgs-1-T.clmp.r2	2.7134711314581494	35.0	98.33868747336231	0.0	2468308.0
Sor-ACan_035-Ex1-11C-lcwgs-1-T.clmp.r1	4.790440882958663	43.0	127.72782244904015	9.090909090909092	168515.0
Sor-ACan_035-Ex1-11C-lcwgs-1-T.clmp.r2	4.241006183520071	43.0	127.62519657003827	9.090909090909092	168515.0
Sor-ACan_036-Ex1-12C-lcwgs-1-T.clmp.r1	1.9711238998950051	35.0	103.58320183168044	0.0	781359.0
Sor-ACan_036-Ex1-12C-lcwgs-1-T.clmp.r2	1.865264466429437	35.0	103.58643466063614	0.0	781359.0
Sor-ACan_037-Ex1-1D-lcwgs-1-T.clmp.r1	2.8397453286520857	34.0	109.01422565854536	0.0	1390375.0
Sor-ACan_037-Ex1-1D-lcwgs-1-T.clmp.r2	2.683594090945846	34.0	109.02283053133148	0.0	1390375.0
Sor-ACan_038-Ex1-2D-lcwgs-1-T.clmp.r1	2.8419777914786835	35.0	101.90771694186141	0.0	1653738.0
Sor-ACan_038-Ex1-2D-lcwgs-1-T.clmp.r2	2.68494881482259	35.0	101.92630634356833	0.0	1653738.0
Sor-ACan_039-Ex1-3D-lcwgs-1-T.clmp.r1	1.9419029932736862	35.0	97.130713680306	0.0	1278948.0
Sor-ACan_039-Ex1-3D-lcwgs-1-T.clmp.r2	1.8825314871441634	35.0	97.161076134448	0.0	1278948.0
Sor-ACan_040-Ex1-4D-lcwgs-1-T.clmp.r1	2.9994849155204264	35.0	102.29045178606293	0.0	1213871.0
Sor-ACan_040-Ex1-4D-lcwgs-1-T.clmp.r2	2.759948394250344	35.0	102.31900671488157	0.0	1213871.0
Sor-ACan_041-Ex1-5D-lcwgs-1-T.clmp.r1	3.069278566245231	35.0	111.4899435048611	0.0	1109830.0
Sor-ACan_041-Ex1-5D-lcwgs-1-T.clmp.r2	2.837849054497312	35.0	111.48394618995702	0.0	1109830.0
Sor-ACan_042-Ex1-6D-lcwgs-1-T.clmp.r1	4.194579769444289	36.0	118.03540000954993	0.0	1884830.0
Sor-ACan_042-Ex1-6D-lcwgs-1-T.clmp.r2	4.009703786080237	36.0	118.00910161659142	0.0	1884830.0
Sor-ACan_043-Ex1-7D-lcwgs-1-T.clmp.r1	2.058203852309532	34.0	112.68662851398726	0.0	3115727.0
Sor-ACan_043-Ex1-7D-lcwgs-1-T.clmp.r2	1.9882673261474508	34.0	112.72372643687974	0.0	3115727.0
Sor-ACan_044-Ex1-8D-lcwgs-1-T.clmp.r1	2.165284300832184	36.0	107.08766061530984	0.0	382669.0
Sor-ACan_044-Ex1-8D-lcwgs-1-T.clmp.r2	2.060527197497919	36.0	107.09356127619431	0.0	382669.0
Sor-ACan_045-Ex1-9D-lcwgs-1-T.clmp.r1	3.104913633201278	35.0	112.04913322358252	0.0	954283.0
Sor-ACan_045-Ex1-9D-lcwgs-1-T.clmp.r2	2.898300758088851	35.0	112.04264353446514	0.0	954283.0
Sor-ACan_046-Ex1-10D-lcwgs-1-T.clmp.r1	3.2301881523497684	56.0	141.4111911885948	9.090909090909092	215902.0
Sor-ACan_046-Ex1-10D-lcwgs-1-T.clmp.r2	2.7150609647235484	56.0	141.17231429074303	9.090909090909092	215902.0
Sor-ACan_047-Ex1-11D-lcwgs-1-T.clmp.r1	2.271847452326554	35.0	92.17815395016109	0.0	1993944.0
Sor-ACan_047-Ex1-11D-lcwgs-1-T.clmp.r2	2.111892312190818	35.0	92.2151028313734	0.0	1993944.0
Sor-ACan_048-Ex1-12D-lcwgs-1-T.clmp.r1	3.3614588724750263	34.0	103.90229340027696	0.0	1365527.0
Sor-ACan_048-Ex1-12D-lcwgs-1-T.clmp.r2	3.096332118542364	34.0	103.91190946791971	0.0	1365527.0
Sor-ACan_049-Ex1-1E-lcwgs-1-T.clmp.r1	3.708787428283088	35.0	109.62942994114712	0.0	1713595.0
Sor-ACan_049-Ex1-1E-lcwgs-1-T.clmp.r2	3.382413042273427	35.0	109.61970010416697	0.0	1713595.0
Sor-ACan_050-Ex1-2E-lcwgs-1-T.clmp.r1	3.0756906295687685	35.0	105.34299769583069	0.0	2636525.0
Sor-ACan_050-Ex1-2E-lcwgs-1-T.clmp.r2	3.0004978558311137	35.0	105.35063729719991	0.0	2636525.0
Sor-ACan_051-Ex1-3E-lcwgs-1-T.clmp.r1	3.202691341938774	36.0	101.96405825105545	0.0	2010058.0
Sor-ACan_051-Ex1-3E-lcwgs-1-T.clmp.r2	2.8947392515940322	36.0	101.98579642975476	0.0	2010058.0
Sor-ACan_052-Ex1-4E-lcwgs-1-T.clmp.r1	1.9222713979120982	35.0	98.01194975483992	0.0	1007301.0
Sor-ACan_052-Ex1-4E-lcwgs-1-T.clmp.r2	1.7516434415779827	35.0	98.0585316603478	0.0	1007301.0
Sor-ACan_053-Ex1-5E-lcwgs-1-T.clmp.r1	2.8298373574295823	37.0	101.45879591830399	0.0	1610605.0
Sor-ACan_053-Ex1-5E-lcwgs-1-T.clmp.r2	2.459116999341461	37.0	101.49874177715827	0.0	1610605.0
Sor-ACan_054-Ex1-6E-lcwgs-1-T.clmp.r1	3.63321065898063	55.0	140.473730775572	9.090909090909092	430637.0
Sor-ACan_054-Ex1-6E-lcwgs-1-T.clmp.r2	3.1986420620129365	55.0	140.26898524743578	9.090909090909092	430637.0
Sor-ACan_055-Ex1-7E-lcwgs-1-T.clmp.r1	5.176858497625787	34.0	119.1653853795679	0.0	3960991.0
Sor-ACan_055-Ex1-7E-lcwgs-1-T.clmp.r2	5.0948344540946096	34.0	119.13500964783813	0.0	3960991.0
Sor-ACeb_001-Ex1-8E-lcwgs-1-T.clmp.r1	2.0602150758757176	36.0	101.20544207739079	9.090909090909092	2174574.0
Sor-ACeb_001-Ex1-8E-lcwgs-1-T.clmp.r2	2.014988626871286	36.0	101.23045065378322	9.090909090909092	2174574.0
Sor-ACeb_002-Ex1-9E-lcwgs-1-T.clmp.r1	2.8300009511148545	44.0	112.13762706832088	9.090909090909092	835279.0
Sor-ACeb_002-Ex1-9E-lcwgs-1-T.clmp.r2	2.5830210818221815	44.0	112.07647384885769	9.090909090909092	835279.0
Sor-ACeb_003-Ex1-10E-lcwgs-1-T.clmp.r1	0.4324303492500974	36.0	77.31404062002322	0.0	788035.0
Sor-ACeb_003-Ex1-10E-lcwgs-1-T.clmp.r2	0.5182339817276045	36.0	77.34275127373785	0.0	788035.0
Sor-ACeb_004-Ex1-11E-lcwgs-1-T.clmp.r1	2.0344486819513605	40.0	92.53655452898708	0.0	923032.0
Sor-ACeb_004-Ex1-11E-lcwgs-1-T.clmp.r2	1.8270104822785527	40.0	92.53173237764238	0.0	923032.0
Sor-ACeb_005-Ex1-12E-lcwgs-1-T.clmp.r1	2.897927132183284	55.0	133.94151074151074	9.090909090909092	202020.0
Sor-ACeb_005-Ex1-12E-lcwgs-1-T.clmp.r2	2.577813616554195	55.0	133.77230967230966	9.090909090909092	202020.0
Sor-ACeb_006-Ex1-1F-lcwgs-1-T.clmp.r1	1.8319093713802346	43.0	98.76044492420331	9.090909090909092	213070.0
Sor-ACeb_006-Ex1-1F-lcwgs-1-T.clmp.r2	1.5457859310468507	43.0	98.73157647721406	9.090909090909092	213070.0
Sor-ACeb_007-Ex1-2F-lcwgs-1-T.clmp.r1	1.5828891042494035	42.0	92.88566183806218	0.0	626475.0
Sor-ACeb_007-Ex1-2F-lcwgs-1-T.clmp.r2	1.455200781331584	42.0	92.87363422323317	0.0	626475.0
Sor-ACeb_008-Ex1-3F-lcwgs-1-T.clmp.r1	0.5758536551372089	35.0	82.29843427333735	0.0	445991.0
Sor-ACeb_008-Ex1-3F-lcwgs-1-T.clmp.r2	0.6017886632182865	35.0	82.33198876210507	0.0	445991.0
Sor-ACeb_009-Ex1-4F-lcwgs-1-T.clmp.r1	0.546651278151586	36.0	80.1158195269602	0.0	506469.0
Sor-ACeb_009-Ex1-4F-lcwgs-1-T.clmp.r2	0.5930744733085618	36.0	80.14273726526204	0.0	506469.0
Sor-ACeb_010-Ex1-5F-lcwgs-1-T.clmp.r1	1.4831201846003097	40.0	95.71477451276118	0.0	222119.0
Sor-ACeb_010-Ex1-5F-lcwgs-1-T.clmp.r2	1.3190507104383613	40.0	95.70686884057645	0.0	222119.0
Sor-ACeb_011-Ex1-6F-lcwgs-1-T.clmp.r1	4.383091765378026	54.0	136.3561177115701	9.090909090909092	136775.0
Sor-ACeb_011-Ex1-6F-lcwgs-1-T.clmp.r2	3.6513524410946303	54.0	136.18063242551636	9.090909090909092	136775.0
Sor-ACeb_012-Ex1-7F-lcwgs-1-T.clmp.r1	2.456888684344122	38.0	94.03039324278097	0.0	786359.0
Sor-ACeb_012-Ex1-7F-lcwgs-1-T.clmp.r2	2.1863466129838542	38.0	94.04022844527753	0.0	786359.0
Sor-ACeb_013-Ex1-8F-lcwgs-1-T.clmp.r1	2.791652205405242	51.0	126.53050445909852	9.090909090909092	66269.0
Sor-ACeb_013-Ex1-8F-lcwgs-1-T.clmp.r2	2.1729617166397475	51.0	126.37299491466598	9.090909090909092	66269.0
Sor-ACeb_014-Ex1-9F-lcwgs-1-T.clmp.r1	2.7927684835402147	47.0	119.01967325712603	9.090909090909092	81532.0
Sor-ACeb_014-Ex1-9F-lcwgs-1-T.clmp.r2	2.3315998626306254	47.0	118.92935289211597	9.090909090909092	81532.0
Sor-ACeb_015-Ex1-10F-lcwgs-1-T.clmp.r1	2.028120331891074	41.0	97.3923114090717	9.090909090909092	562938.0
Sor-ACeb_015-Ex1-10F-lcwgs-1-T.clmp.r2	1.7998692181667337	41.0	97.37367347736341	9.090909090909092	562938.0
Sor-ACeb_016-Ex1-11F-lcwgs-1-T.clmp.r1	2.201408937465743	44.0	98.52749692379273	9.090909090909092	1270233.0
Sor-ACeb_016-Ex1-11F-lcwgs-1-T.clmp.r2	2.0263644882337104	44.0	98.50233146202311	9.090909090909092	1270233.0
Sor-ACeb_017-Ex1-12F-lcwgs-1-T.clmp.r1	1.9880192955257598	42.0	92.6644243549784	0.0	863692.0
Sor-ACeb_017-Ex1-12F-lcwgs-1-T.clmp.r2	1.852241386210764	42.0	92.64931132857546	0.0	863692.0
Sor-ACeb_018-Ex1-1G-lcwgs-1-T.clmp.r1	1.737661514339905	40.0	108.5742450059509	9.090909090909092	233578.0
Sor-ACeb_018-Ex1-1G-lcwgs-1-T.clmp.r2	1.5979107871865068	40.0	108.53536291945304	0.0	233578.0
Sor-ACeb_019-Ex1-3G-lcwgs-1-T.clmp.r1	0.2525867990162425	36.0	105.16070281168989	0.0	45133.0
Sor-ACeb_019-Ex1-3G-lcwgs-1-T.clmp.r2	0.19719495712671176	36.0	105.14457270733166	0.0	45133.0
Sor-ACeb_020-Ex1-2G-lcwgs-1-T.clmp.r1	0.31587259805210977	36.0	105.32940686145477	0.0	45588.0
Sor-ACeb_020-Ex1-2G-lcwgs-1-T.clmp.r2	0.2720014038782068	36.0	105.3391243309643	0.0	45588.0
Sor-ACeb_021-Ex1-4G-lcwgs-1-T.clmp.r1	0.23263376441452976	36.0	101.93326162543462	9.090909090909092	39977.0
Sor-ACeb_021-Ex1-4G-lcwgs-1-T.clmp.r2	0.17009780623858717	36.0	101.95062160742427	0.0	39977.0
Sor-ACeb_022-Ex1-5G-lcwgs-1-T.clmp.r1	4.86655026229883	51.0	127.63185785370972	9.090909090909092	188707.0
Sor-ACeb_022-Ex1-5G-lcwgs-1-T.clmp.r2	4.419801269484822	51.0	127.52189902865288	9.090909090909092	188707.0
Sor-CBur_001-Ex1-2C-lcwgs-1-T.clmp.r1	2.089409171777973	38.0	125.0738280301552	0.0	2685308.0
Sor-CBur_001-Ex1-2C-lcwgs-1-T.clmp.r2	2.107561931420932	39.0	125.01856323371472	0.0	2685308.0
Sor-CBur_003-Ex1-1G-lcwgs-1-T.clmp.r1	1.9136697976300212	39.0	130.4601604874062	0.0	1211310.0
Sor-CBur_003-Ex1-1G-lcwgs-1-T.clmp.r2	1.9052503407035601	39.0	130.3646630507467	0.0	1211310.0
Sor-CBur_004-Ex1-1H-lcwgs-1-T.clmp.r1	1.7437599609056207	39.0	123.83917501370783	0.0	1335004.0
Sor-CBur_004-Ex1-1H-lcwgs-1-T.clmp.r2	1.7628909184316939	39.0	123.78887104458114	0.0	1335004.0
Sor-CBur_005-Ex1-8H-lcwgs-1-T.clmp.r1	2.2335331759806536	38.0	127.67118269498575	0.0	2750278.0
Sor-CBur_005-Ex1-8H-lcwgs-1-T.clmp.r2	2.2197053505784936	38.0	127.57853824231587	0.0	2750278.0
Sor-CBur_009-Ex1-3H-lcwgs-1-T.clmp.r1	2.0574234592099288	38.0	118.92162705160425	0.0	2896331.0
Sor-CBur_009-Ex1-3H-lcwgs-1-T.clmp.r2	2.157761218816418	38.0	118.9008127869363	0.0	2896331.0
Sor-CBur_010-Ex1-2H-lcwgs-1-T.clmp.r1	2.2922299734381255	38.0	128.80208361361497	0.0	2973200.0
Sor-CBur_010-Ex1-2H-lcwgs-1-T.clmp.r2	2.34129360039303	38.0	128.71645499798197	0.0	2973200.0
Sor-CBur_011-Ex1-5F-lcwgs-1-T.clmp.r1	3.2095269662808334	39.0	129.73593680792655	0.0	5781991.0
Sor-CBur_011-Ex1-5F-lcwgs-1-T.clmp.r2	3.329270237119914	39.0	129.62584220556553	0.0	5781991.0
Sor-CBur_012-Ex1-3E-lcwgs-1-T.clmp.r1	2.9151763019762598	38.0	126.45569856861849	0.0	4210338.0
Sor-CBur_012-Ex1-3E-lcwgs-1-T.clmp.r2	3.024317940869338	38.0	126.38990456348161	0.0	4210338.0
Sor-CBur_013-Ex1-6B-lcwgs-1-T.clmp.r1	1.98702387726442	38.0	121.45067793441989	0.0	2723051.0
Sor-CBur_013-Ex1-6B-lcwgs-1-T.clmp.r2	2.0660936506071153	38.0	121.40282646193553	0.0	2723051.0
Sor-CBur_014-Ex1-6H-lcwgs-1-T.clmp.r1	1.707761185965012	38.0	105.6214134369313	0.0	4133414.0
Sor-CBur_014-Ex1-6H-lcwgs-1-T.clmp.r2	1.831851786544533	38.0	105.64548046723604	0.0	4133414.0
Sor-CBur_015-Ex1-2D-lcwgs-1-T.clmp.r1	2.172781581858061	38.0	130.06624077858206	0.0	2887300.0
Sor-CBur_015-Ex1-2D-lcwgs-1-T.clmp.r2	2.1768243471248354	38.0	129.97616354379525	0.0	2887300.0
Sor-CBur_016-Ex1-6G-lcwgs-1-T.clmp.r1	2.376191856871529	38.0	121.32535148089272	0.0	5205475.0
Sor-CBur_016-Ex1-6G-lcwgs-1-T.clmp.r2	2.565322296304444	38.0	121.27993103415155	0.0	5205475.0
Sor-CBur_020-Ex1-7D-lcwgs-1-T.clmp.r1	1.3978896602185102	39.0	117.2722069435948	0.0	738868.0
Sor-CBur_020-Ex1-7D-lcwgs-1-T.clmp.r2	1.376493887498512	39.0	117.25290444301282	0.0	738868.0
Sor-CBur_021-Ex1-5C-lcwgs-1-T.clmp.r1	2.3501072923761512	39.0	133.10926170627408	0.0	2435318.0
Sor-CBur_021-Ex1-5C-lcwgs-1-T.clmp.r2	2.4007461176218925	39.0	132.97552886317106	0.0	2435318.0
Sor-CBur_022-Ex1-1A-lcwgs-1-T.clmp.r1	2.0498147442406633	39.0	131.6146145888884	0.0	1089473.0
Sor-CBur_022-Ex1-1A-lcwgs-1-T.clmp.r2	2.001216498934909	40.0	131.50639070449657	0.0	1089473.0
Sor-CBur_023-Ex1-5E-lcwgs-1-T.clmp.r1	2.735567845855158	39.0	130.88142021764088	0.0	4223747.0
Sor-CBur_023-Ex1-5E-lcwgs-1-T.clmp.r2	2.8126205703707683	39.0	130.77304156712037	0.0	4223747.0
Sor-CBur_025-Ex1-8B-lcwgs-1-T.clmp.r1	1.6034496070830215	38.0	115.96400132801703	0.0	1891542.0
Sor-CBur_025-Ex1-8B-lcwgs-1-T.clmp.r2	1.6683590966442523	38.0	115.92563421800837	0.0	1891542.0
Sor-CBur_028-Ex1-2E-lcwgs-1-T.clmp.r1	2.5202565124403264	38.0	131.45146661967564	0.0	3864567.0
Sor-CBur_028-Ex1-2E-lcwgs-1-T.clmp.r2	2.624756764832796	38.0	131.35433723881616	0.0	3864567.0
Sor-CBur_033-Ex1-3A-lcwgs-1-T.clmp.r1	2.073618088906244	38.0	123.16277879367156	0.0	2023943.0
Sor-CBur_033-Ex1-3A-lcwgs-1-T.clmp.r2	2.1644234261738973	38.0	123.11815352507458	0.0	2023943.0
Sor-CBur_034-Ex1-3C-lcwgs-1-T.clmp.r1	2.052706796212618	39.0	125.6960602551525	0.0	2034548.0
Sor-CBur_034-Ex1-3C-lcwgs-1-T.clmp.r2	2.0410663201777197	39.0	125.63237583974426	0.0	2034548.0
Sor-CBur_036-Ex1-3F-lcwgs-1-T.clmp.r1	2.9693804554490697	39.0	128.97396607110912	0.0	4371142.0
Sor-CBur_036-Ex1-3F-lcwgs-1-T.clmp.r2	3.0757121557370937	39.0	128.88619106860403	0.0	4371142.0
Sor-CBur_037-Ex1-5A-lcwgs-1-T.clmp.r1	1.80608097334553	39.0	118.64262628758016	0.0	1862020.0
Sor-CBur_037-Ex1-5A-lcwgs-1-T.clmp.r2	1.827115962708504	39.0	118.62736436772967	0.0	1862020.0
Sor-CBur_040-Ex1-4B-lcwgs-1-T.clmp.r1	2.1202688955480653	39.0	129.97072500799393	0.0	2067191.0
Sor-CBur_040-Ex1-4B-lcwgs-1-T.clmp.r2	2.1856732506930854	39.0	129.86264694457358	0.0	2067191.0
Sor-CBur_041-Ex1-7F-lcwgs-1-T.clmp.r1	1.6558177238839988	39.0	126.02694816509516	0.0	1015802.0
Sor-CBur_041-Ex1-7F-lcwgs-1-T.clmp.r2	1.6426437005171692	39.0	125.95383746044998	0.0	1015802.0
Sor-CBur_042-Ex1-6C-lcwgs-1-T.clmp.r1	1.860899851965769	38.0	119.54283366423194	0.0	2456946.0
Sor-CBur_042-Ex1-6C-lcwgs-1-T.clmp.r2	1.9116815443108237	38.0	119.50751502068015	0.0	2456946.0
Sor-CBur_043-Ex1-1B-lcwgs-1-T.clmp.r1	1.7616068398755402	40.0	130.13860160195645	0.0	583911.0
Sor-CBur_043-Ex1-1B-lcwgs-1-T.clmp.r2	1.734966371432634	40.0	130.0528933347719	0.0	583911.0
Sor-CBur_044-Ex1-6A-lcwgs-1-T.clmp.r1	1.6746025990734665	38.0	115.61425376655305	0.0	2363235.0
Sor-CBur_044-Ex1-6A-lcwgs-1-T.clmp.r2	1.6989791217927461	38.0	115.61066758066802	0.0	2363235.0
Sor-CBur_046-Ex1-2A-lcwgs-1-T.clmp.r1	2.5310042757883906	38.0	131.90758305641432	0.0	2851014.0
Sor-CBur_046-Ex1-2A-lcwgs-1-T.clmp.r2	2.5160459001453717	39.0	131.7882897102575	0.0	2851014.0
Sor-CBur_049-Ex1-7B-lcwgs-1-T.clmp.r1	1.4444208441189375	40.0	120.56776608240635	0.0	612113.0
Sor-CBur_049-Ex1-7B-lcwgs-1-T.clmp.r2	1.4408814626920048	40.0	120.53338190824243	0.0	612113.0
Sor-CBur_050-Ex1-6D-lcwgs-1-T.clmp.r1	2.3751468901094626	38.0	120.83228364192658	0.0	5136589.0
Sor-CBur_050-Ex1-6D-lcwgs-1-T.clmp.r2	2.5306132925935856	38.0	120.78165938524573	0.0	5136589.0
Sor-CBur_051-Ex1-8D-lcwgs-1-T.clmp.r1	1.9784413844129602	38.0	110.9367163628382	0.0	4542201.0
Sor-CBur_051-Ex1-8D-lcwgs-1-T.clmp.r2	2.1067586506788842	38.0	110.92179430192543	0.0	4542201.0
Sor-CBur_052-Ex1-5B-lcwgs-1-T.clmp.r1	2.3074237799499286	39.0	131.51539569706586	0.0	1162695.0
Sor-CBur_052-Ex1-5B-lcwgs-1-T.clmp.r2	2.3102947223176784	40.0	131.36634887051204	0.0	1162695.0
Sor-CBur_053-Ex1-8F-lcwgs-1-T.clmp.r1	1.8849044969420987	38.0	109.8290584089249	0.0	4646242.0
Sor-CBur_053-Ex1-8F-lcwgs-1-T.clmp.r2	2.0424683692509404	38.0	109.81519236406541	0.0	4646242.0
Sor-CBur_054-Ex1-7A-lcwgs-1-T.clmp.r1	0.8667403878537527	41.0	102.15029861283368	0.0	628908.0
Sor-CBur_054-Ex1-7A-lcwgs-1-T.clmp.r2	0.915057764844704	41.0	102.17574907617649	0.0	628908.0
Sor-CBur_055-Ex1-2G-lcwgs-1-T.clmp.r1	2.3573435287408984	38.0	131.17974428060782	0.0	3356257.0
Sor-CBur_055-Ex1-2G-lcwgs-1-T.clmp.r2	2.473635621228027	38.0	131.0819955086872	0.0	3356257.0
Sor-CBur_058-Ex1-8C-lcwgs-1-T.clmp.r1	1.5540984017293056	38.0	113.46894956813513	0.0	2162482.0
Sor-CBur_058-Ex1-8C-lcwgs-1-T.clmp.r2	1.607444422629328	38.0	113.45676865749634	0.0	2162482.0
Sor-CBur_059-Ex1-3G-lcwgs-1-T.clmp.r1	1.3239110043776918	39.0	115.06887825830557	0.0	1136135.0
Sor-CBur_059-Ex1-3G-lcwgs-1-T.clmp.r2	1.39854009172889	39.0	115.05938730872651	0.0	1136135.0
Sor-CBur_062-Ex1-6E-lcwgs-1-T.clmp.r1	2.4700920243100484	38.0	121.52627499981885	0.0	6210295.0
Sor-CBur_062-Ex1-6E-lcwgs-1-T.clmp.r2	2.604307773609378	38.0	121.47942601760464	0.0	6210295.0
Sor-CBur_064-Ex1-4D-lcwgs-1-T.clmp.r1	1.9452371371642414	39.0	125.79833483422406	0.0	2126515.0
Sor-CBur_064-Ex1-4D-lcwgs-1-T.clmp.r2	1.9789031970837243	39.0	125.72347385275908	0.0	2126515.0
Sor-CBur_065-Ex1-1F-lcwgs-1-T.clmp.r1	1.6920764773721402	39.0	127.16645009162404	0.0	664127.0
Sor-CBur_065-Ex1-1F-lcwgs-1-T.clmp.r2	1.6198242843554596	39.0	127.1004235635654	0.0	664127.0
Sor-CBur_066-Ex1-3B-lcwgs-1-T.clmp.r1	2.3938880824129853	39.0	130.4083528707117	0.0	2669669.0
Sor-CBur_066-Ex1-3B-lcwgs-1-T.clmp.r2	2.388907463735123	39.0	130.30423247226528	0.0	2669669.0
Sor-CBur_067-Ex1-4H-lcwgs-1-T.clmp.r1	1.5123475831849191	38.0	116.16447051900641	0.0	1583834.0
Sor-CBur_067-Ex1-4H-lcwgs-1-T.clmp.r2	1.5873917627121443	38.0	116.14606139279748	0.0	1583834.0
Sor-CBur_068-Ex1-6F-lcwgs-1-T.clmp.r1	2.4362856540446813	38.0	119.29047330504505	0.0	6031945.0
Sor-CBur_068-Ex1-6F-lcwgs-1-T.clmp.r2	2.6519118164539606	38.0	119.25217935508364	0.0	6031945.0
Sor-CBur_069-Ex1-5D-lcwgs-1-T.clmp.r1	1.8046730630527463	39.0	123.43969261659392	0.0	2046955.0
Sor-CBur_069-Ex1-5D-lcwgs-1-T.clmp.r2	1.869920410572206	39.0	123.37704981301493	0.0	2046955.0
Sor-CBur_070-Ex1-1E-lcwgs-1-T.clmp.r1	1.7255460234867854	39.0	128.53600102740825	0.0	934390.0
Sor-CBur_070-Ex1-1E-lcwgs-1-T.clmp.r2	1.690387109084341	39.0	128.4654512569698	0.0	934390.0
Sor-CBur_071-Ex1-4G-lcwgs-1-T.clmp.r1	2.326745462392381	38.0	125.4444990419733	0.0	4064083.0
Sor-CBur_071-Ex1-4G-lcwgs-1-T.clmp.r2	2.418192437062828	38.0	125.36924467339865	0.0	4064083.0
Sor-CBur_073-Ex1-7H-lcwgs-1-T.clmp.r1	1.344392249853783	39.0	117.28777323050718	0.0	676352.0
Sor-CBur_073-Ex1-7H-lcwgs-1-T.clmp.r2	1.362106670378779	39.0	117.2647364094436	0.0	676352.0
Sor-CBur_075-Ex1-5H-lcwgs-1-T.clmp.r1	1.7400483440614352	39.0	120.36548333949695	0.0	1895531.0
Sor-CBur_075-Ex1-5H-lcwgs-1-T.clmp.r2	1.7394789741765067	39.0	120.33196080676075	0.0	1895531.0
Sor-CBur_076-Ex1-2B-lcwgs-1-T.clmp.r1	1.865923060241343	39.0	132.1883511862851	0.0	1211471.0
Sor-CBur_076-Ex1-2B-lcwgs-1-T.clmp.r2	1.9281306089818173	39.0	132.06086484942685	0.0	1211471.0
Sor-CBur_077-Ex1-8E-lcwgs-1-T.clmp.r1	1.87886560568829	38.0	115.35943399375455	0.0	3804693.0
Sor-CBur_077-Ex1-8E-lcwgs-1-T.clmp.r2	1.9339564988111846	38.0	115.33408214539254	0.0	3804693.0
Sor-CBur_078-Ex1-5G-lcwgs-1-T.clmp.r1	2.578799610940024	38.0	130.32811495624415	0.0	4027689.0
Sor-CBur_078-Ex1-5G-lcwgs-1-T.clmp.r2	2.699736258143531	38.0	130.22396813656664	0.0	4027689.0
Sor-CBur_079-Ex1-8G-lcwgs-1-T.clmp.r1	2.6064585773907964	38.0	119.06052024244352	0.0	5384182.0
Sor-CBur_079-Ex1-8G-lcwgs-1-T.clmp.r2	2.731789872456531	38.0	119.01739948612436	0.0	5384182.0
Sor-CBur_080-Ex1-2F-lcwgs-1-T.clmp.r1	2.6371485430251767	39.0	133.7444899688058	0.0	3154111.0
Sor-CBur_080-Ex1-2F-lcwgs-1-T.clmp.r2	2.649141776222791	39.0	133.62084023041675	0.0	3154111.0
Sor-CBur_081-Ex1-8A-lcwgs-1-T.clmp.r1	1.3426014347074755	38.0	110.74148633685354	0.0	1630115.0
Sor-CBur_081-Ex1-8A-lcwgs-1-T.clmp.r2	1.4232860893429375	39.0	110.7540891286811	0.0	1630115.0
Sor-CBur_082-Ex1-4C-lcwgs-1-T.clmp.r1	2.163488765043212	38.0	128.30355264884287	0.0	1981620.0
Sor-CBur_082-Ex1-4C-lcwgs-1-T.clmp.r2	2.2093765962790286	39.0	128.20276591879372	0.0	1981620.0
Sor-CBur_084-Ex1-4A-lcwgs-1-T.clmp.r1	1.8835504827353446	39.0	123.41778766478211	0.0	1789105.0
Sor-CBur_084-Ex1-4A-lcwgs-1-T.clmp.r2	1.8860935411558444	39.0	123.36742784800221	0.0	1789105.0
Sor-CBur_085-Ex1-7E-lcwgs-1-T.clmp.r1	1.4428390812771852	39.0	120.60849875481797	0.0	774184.0
Sor-CBur_085-Ex1-7E-lcwgs-1-T.clmp.r2	1.4664158258042619	39.0	120.57415162287002	0.0	774184.0
Sor-CBur_086-Ex1-1D-lcwgs-1-T.clmp.r1	1.4712633362668583	39.0	125.75826713278107	0.0	341261.0
Sor-CBur_086-Ex1-1D-lcwgs-1-T.clmp.r2	1.4134465631218944	39.0	125.69855037639812	0.0	341261.0
Sor-CBur_087-Ex1-1C-lcwgs-1-T.clmp.r1	1.586710001123251	39.0	126.44092463551979	0.0	350019.0
Sor-CBur_087-Ex1-1C-lcwgs-1-T.clmp.r2	1.4956671296374395	39.0	126.37816518531851	0.0	350019.0
Sor-CBur_088-Ex1-4F-lcwgs-1-T.clmp.r1	1.8890151893254483	39.0	120.01632789760623	0.0	2027389.0
Sor-CBur_088-Ex1-4F-lcwgs-1-T.clmp.r2	1.9379905014297805	39.0	119.9861738423164	0.0	2027389.0
Sor-CBur_089-Ex1-4E-lcwgs-1-T.clmp.r1	1.9268598369073544	38.0	122.91895385289101	0.0	2548437.0
Sor-CBur_089-Ex1-4E-lcwgs-1-T.clmp.r2	2.039475722852117	38.0	122.85688561263237	0.0	2548437.0
Sor-CBur_091-Ex1-7C-lcwgs-1-T.clmp.r1	1.5604851770997783	39.0	123.67020157157499	0.0	731750.0
Sor-CBur_091-Ex1-7C-lcwgs-1-T.clmp.r2	1.540908653885424	39.0	123.6152429108302	0.0	731750.0
Sor-CBur_093-Ex1-7G-lcwgs-1-T.clmp.r1	1.47526302388124	39.0	121.26415907340626	0.0	949197.0
Sor-CBur_093-Ex1-7G-lcwgs-1-T.clmp.r2	1.512804333238421	39.0	121.22028830685305	0.0	949197.0
Sor-CBur_096-Ex1-3D-lcwgs-1-T.clmp.r1	2.360665022187888	39.0	130.71932237860435	0.0	2617804.0
Sor-CBur_096-Ex1-3D-lcwgs-1-T.clmp.r2	2.311951743118783	39.0	130.6222971620488	0.0	2617804.0
Sor-CPnd_001-Ex1-3E-lcwgs-1-T.clmp.r1	1.7734918047260635	38.0	120.95486705024248	0.0	2285337.0
Sor-CPnd_001-Ex1-3E-lcwgs-1-T.clmp.r2	1.845349765955305	38.0	120.93145868639942	0.0	2285337.0
Sor-CPnd_002-Ex1-5E-lcwgs-1-T.clmp.r1	1.7138921485971537	38.0	117.64639927533844	0.0	2397809.0
Sor-CPnd_002-Ex1-5E-lcwgs-1-T.clmp.r2	1.8300023595255652	38.0	117.62713293677686	0.0	2397809.0
Sor-CPnd_003-Ex1-2B-lcwgs-1-T.clmp.r1	2.2691510075117094	39.0	126.80948524325571	0.0	3122640.0
Sor-CPnd_003-Ex1-2B-lcwgs-1-T.clmp.r2	2.321721303506891	39.0	126.73833230855942	0.0	3122640.0
Sor-CPnd_004-Ex1-1G-lcwgs-1-T.clmp.r1	1.9580088784477852	38.0	121.68797597170705	0.0	3359706.0
Sor-CPnd_004-Ex1-1G-lcwgs-1-T.clmp.r2	2.073282072970585	38.0	121.64516061822076	0.0	3359706.0
Sor-CPnd_005-Ex1-3D-lcwgs-1-T.clmp.r1	2.2598630804986755	38.0	132.795654031901	0.0	1942260.0
Sor-CPnd_005-Ex1-3D-lcwgs-1-T.clmp.r2	2.3077257921286076	38.0	132.71185526139652	0.0	1942260.0
Sor-CPnd_006-Ex1-2D-lcwgs-1-T.clmp.r1	1.911952115027617	38.0	119.99291035965582	0.0	2680813.0
Sor-CPnd_006-Ex1-2D-lcwgs-1-T.clmp.r2	1.9768262309799383	38.0	119.95368494557435	0.0	2680813.0
Sor-CPnd_007-Ex1-1C-lcwgs-1-T.clmp.r1	2.3557782272793304	40.0	130.48787987749688	0.0	2580832.0
Sor-CPnd_007-Ex1-1C-lcwgs-1-T.clmp.r2	2.368668180327532	40.0	130.37464701305626	0.0	2580832.0
Sor-CPnd_008-Ex1-1A-lcwgs-1-T.clmp.r1	3.6973659341477827	39.0	145.85642891273378	0.0	4495348.0
Sor-CPnd_008-Ex1-1A-lcwgs-1-T.clmp.r2	3.3711973039001606	39.0	145.53649061207275	0.0	4495348.0
Sor-CPnd_009-Ex1-6A-lcwgs-1-T.clmp.r1	2.577160894586328	39.0	127.45219327102812	0.0	4169047.0
Sor-CPnd_009-Ex1-6A-lcwgs-1-T.clmp.r2	2.6704052383600896	39.0	127.37384706864663	0.0	4169047.0
Sor-CPnd_010-Ex1-1H-lcwgs-1-T.clmp.r1	2.524086110773908	38.0	128.8239162745212	0.0	4131120.0
Sor-CPnd_010-Ex1-1H-lcwgs-1-T.clmp.r2	2.5431158702802037	38.0	128.7379194988284	0.0	4131120.0
Sor-CPnd_011-Ex1-8D-lcwgs-1-T.clmp.r1	1.5327004780136093	38.0	118.23843022622917	0.0	1681083.0
Sor-CPnd_011-Ex1-8D-lcwgs-1-T.clmp.r2	1.6101730513077825	38.0	118.19824363222993	0.0	1681083.0
Sor-CPnd_012-Ex1-5B-lcwgs-1-T.clmp.r1	1.9296591382679225	38.0	127.38631792202897	0.0	1931461.0
Sor-CPnd_012-Ex1-5B-lcwgs-1-T.clmp.r2	1.9410605272843497	39.0	127.30021419019074	0.0	1931461.0
Sor-CPnd_013-Ex1-7F-lcwgs-1-T.clmp.r1	1.5455722558568823	38.0	118.08181748617154	0.0	2012516.0
Sor-CPnd_013-Ex1-7F-lcwgs-1-T.clmp.r2	1.5957617981148218	38.0	118.04016763096541	0.0	2012516.0
Sor-CPnd_014-Ex1-1F-lcwgs-1-T.clmp.r1	1.835132822386612	38.0	120.85948406288132	0.0	2733085.0
Sor-CPnd_014-Ex1-1F-lcwgs-1-T.clmp.r2	1.8894685985695503	38.0	120.82089250791688	0.0	2733085.0
Sor-CPnd_015-Ex1-5F-lcwgs-1-T.clmp.r1	1.8959651726678999	38.0	122.3745750062544	0.0	2370329.0
Sor-CPnd_015-Ex1-5F-lcwgs-1-T.clmp.r2	2.004465707345446	38.0	122.32252653534594	0.0	2370329.0
Sor-CPnd_016-Ex1-1B-lcwgs-1-T.clmp.r1	2.6828695949526633	39.0	140.90333464126041	0.0	2793224.0
Sor-CPnd_016-Ex1-1B-lcwgs-1-T.clmp.r2	2.5924058146114533	39.0	140.68700183014323	0.0	2793224.0
Sor-CPnd_017-Ex1-3G-lcwgs-1-T.clmp.r1	1.9047721103946316	37.0	121.94581150637276	0.0	2672154.0
Sor-CPnd_017-Ex1-3G-lcwgs-1-T.clmp.r2	1.9836914540471469	37.0	121.90544706629932	0.0	2672154.0
Sor-CPnd_018-Ex1-1E-lcwgs-1-T.clmp.r1	2.076483835215029	38.0	122.82459217988581	0.0	3708130.0
Sor-CPnd_018-Ex1-1E-lcwgs-1-T.clmp.r2	2.2037203606585365	38.0	122.76714947965687	0.0	3708130.0
Sor-CPnd_019-Ex1-6G-lcwgs-1-T.clmp.r1	1.9359608433351951	38.0	119.73107065901523	0.0	2419762.0
Sor-CPnd_019-Ex1-6G-lcwgs-1-T.clmp.r2	2.003944970938818	38.0	119.68023880034482	0.0	2419762.0
Sor-CPnd_020-Ex1-2E-lcwgs-1-T.clmp.r1	2.1162618824640163	38.0	123.89169023332578	0.0	3155588.0
Sor-CPnd_020-Ex1-2E-lcwgs-1-T.clmp.r2	2.2499139226424347	38.0	123.85516296804272	0.0	3155588.0
Sor-CPnd_021-Ex1-4D-lcwgs-1-T.clmp.r1	1.5351116078318228	38.0	118.79808377638007	0.0	1344102.0
Sor-CPnd_021-Ex1-4D-lcwgs-1-T.clmp.r2	1.596652869377607	38.0	118.76155083468367	0.0	1344102.0
Sor-CPnd_022-Ex1-7C-lcwgs-1-T.clmp.r1	2.047477737582412	38.0	125.20600647841017	0.0	2699119.0
Sor-CPnd_022-Ex1-7C-lcwgs-1-T.clmp.r2	2.0995186316936127	38.0	125.11623533456658	0.0	2699119.0
Sor-CPnd_023-Ex1-4A-lcwgs-1-T.clmp.r1	1.8289117992521255	38.0	125.8245413580885	0.0	1789795.0
Sor-CPnd_023-Ex1-4A-lcwgs-1-T.clmp.r2	1.8698265368562232	39.0	125.7595065356647	0.0	1789795.0
Sor-CPnd_024-Ex1-5G-lcwgs-1-T.clmp.r1	1.7729509980914884	38.0	122.96696264240465	0.0	1917950.0
Sor-CPnd_024-Ex1-5G-lcwgs-1-T.clmp.r2	1.82771355350404	38.0	122.91612555071822	0.0	1917950.0
Sor-CPnd_025-Ex1-4B-lcwgs-1-T.clmp.r1	1.7544990443799264	39.0	125.67089431183591	0.0	1573847.0
Sor-CPnd_025-Ex1-4B-lcwgs-1-T.clmp.r2	1.7716438736748046	39.0	125.60010979466237	0.0	1573847.0
Sor-CPnd_026-Ex1-3H-lcwgs-1-T.clmp.r1	1.9874497195231555	38.0	126.43773700435275	0.0	1936937.0
Sor-CPnd_026-Ex1-3H-lcwgs-1-T.clmp.r2	2.0434272093171444	38.0	126.37887809464118	0.0	1936937.0
Sor-CPnd_027-Ex1-3C-lcwgs-1-T.clmp.r1	2.241403384514399	38.0	134.68311127545687	0.0	2093148.0
Sor-CPnd_027-Ex1-3C-lcwgs-1-T.clmp.r2	2.2565876697678533	38.0	134.58067800270214	0.0	2093148.0
Sor-CPnd_028-Ex1-3A-lcwgs-1-T.clmp.r1	2.3788866456242204	39.0	132.00246364191628	0.0	2246268.0
Sor-CPnd_028-Ex1-3A-lcwgs-1-T.clmp.r2	2.3385114021229043	39.0	131.89065463248374	0.0	2246268.0
Sor-CPnd_029-Ex1-8E-lcwgs-1-T.clmp.r1	1.9956232554077644	38.0	122.04413596286936	0.0	3450089.0
Sor-CPnd_029-Ex1-8E-lcwgs-1-T.clmp.r2	2.137576825558469	38.0	121.99259004622779	0.0	3450089.0
Sor-CPnd_030-Ex1-2H-lcwgs-1-T.clmp.r1	1.9752788048241996	38.0	123.1357079919905	0.0	2090518.0
Sor-CPnd_030-Ex1-2H-lcwgs-1-T.clmp.r2	2.0231384476778373	38.0	123.08085173148473	0.0	2090518.0
Sor-CPnd_031-Ex1-5D-lcwgs-1-T.clmp.r1	1.9776108230379066	38.0	126.36243790141326	0.0	2749660.0
Sor-CPnd_031-Ex1-5D-lcwgs-1-T.clmp.r2	2.1135523927714672	38.0	126.29852236276486	0.0	2749660.0
Sor-CPnd_032-Ex1-4F-lcwgs-1-T.clmp.r1	1.4755343617093644	38.0	115.81583240929551	0.0	1702672.0
Sor-CPnd_032-Ex1-4F-lcwgs-1-T.clmp.r2	1.5107563831122377	38.0	115.80095579183777	0.0	1702672.0
Sor-CPnd_033-Ex1-2F-lcwgs-1-T.clmp.r1	2.1355574155569172	37.0	127.1834534195263	0.0	2883762.0
Sor-CPnd_033-Ex1-2F-lcwgs-1-T.clmp.r2	2.295134758331656	38.0	127.13780020681318	0.0	2883762.0
Sor-CPnd_034-Ex1-4G-lcwgs-1-T.clmp.r1	1.8013099391885135	38.0	120.54357807323949	0.0	2328935.0
Sor-CPnd_034-Ex1-4G-lcwgs-1-T.clmp.r2	1.845047606897893	38.0	120.49814056639623	0.0	2328935.0
Sor-CPnd_035-Ex1-4C-lcwgs-1-T.clmp.r1	1.8444393798315133	38.0	123.94334440069044	0.0	1560746.0
Sor-CPnd_035-Ex1-4C-lcwgs-1-T.clmp.r2	2.0061796944148114	38.0	123.8741800395452	0.0	1560746.0
Sor-CPnd_036-Ex1-5C-lcwgs-1-T.clmp.r1	1.8757977329940303	38.0	121.06626541022274	0.0	2323701.0
Sor-CPnd_036-Ex1-5C-lcwgs-1-T.clmp.r2	1.9459557671445253	38.0	121.01860781572155	0.0	2323701.0
Sor-CPnd_037-Ex1-6C-lcwgs-1-T.clmp.r1	2.52014681900512	38.0	127.81405751985638	0.0	2745591.0
Sor-CPnd_037-Ex1-6C-lcwgs-1-T.clmp.r2	2.5292286612369423	38.0	127.71324243122884	0.0	2745591.0
Sor-CPnd_038-Ex1-2A-lcwgs-1-T.clmp.r1	2.328174889768107	38.0	133.56260876325612	0.0	2212374.0
Sor-CPnd_038-Ex1-2A-lcwgs-1-T.clmp.r2	2.3895010370361547	38.0	133.43993465842576	0.0	2212374.0
Sor-CPnd_039-Ex1-5H-lcwgs-1-T.clmp.r1	1.8509588236690036	38.0	118.95474987760274	0.0	1736150.0
Sor-CPnd_039-Ex1-5H-lcwgs-1-T.clmp.r2	1.9077065690322002	38.0	118.91733433171098	0.0	1736150.0
Sor-CPnd_040-Ex1-6F-lcwgs-1-T.clmp.r1	1.0308060871350335	38.0	114.84299278747572	0.0	573031.0
Sor-CPnd_040-Ex1-6F-lcwgs-1-T.clmp.r2	1.0710685826299766	38.0	114.80100204002925	0.0	573031.0
Sor-CPnd_041-Ex1-7A-lcwgs-1-T.clmp.r1	1.434908602524871	40.0	116.70020602415323	0.0	2289052.0
Sor-CPnd_041-Ex1-7A-lcwgs-1-T.clmp.r2	1.5080092221195684	40.0	116.68734043612814	0.0	2289052.0
Sor-CPnd_042-Ex1-4E-lcwgs-1-T.clmp.r1	1.5943050332445523	38.0	117.71508736918652	0.0	1747813.0
Sor-CPnd_042-Ex1-4E-lcwgs-1-T.clmp.r2	1.6508883469304152	38.0	117.6866009121113	0.0	1747813.0
Sor-CPnd_043-Ex1-1D-lcwgs-1-T.clmp.r1	2.063967947693641	38.0	128.59497680844765	0.0	2634580.0
Sor-CPnd_043-Ex1-1D-lcwgs-1-T.clmp.r2	2.13640985384923	38.0	128.50331172331073	0.0	2634580.0
Sor-CPnd_044-Ex1-8G-lcwgs-1-T.clmp.r1	1.7706789362574682	38.0	118.86823437111771	0.0	2579823.0
Sor-CPnd_044-Ex1-8G-lcwgs-1-T.clmp.r2	1.8156392065574636	38.0	118.82802851203358	0.0	2579823.0
Sor-CPnd_045-Ex1-7B-lcwgs-1-T.clmp.r1	2.1356711925481022	38.0	128.8465033702235	0.0	2730086.0
Sor-CPnd_045-Ex1-7B-lcwgs-1-T.clmp.r2	2.118508422879131	38.0	128.7350365519621	0.0	2730086.0
Sor-CPnd_046-Ex1-5A-lcwgs-1-T.clmp.r1	1.852015788817738	38.0	122.26832864072782	0.0	2601966.0
Sor-CPnd_046-Ex1-5A-lcwgs-1-T.clmp.r2	1.8443017836927424	38.0	122.2331529312835	0.0	2601966.0
Sor-CPnd_047-Ex1-4H-lcwgs-1-T.clmp.r1	1.7059475011837577	38.0	118.75129637863101	0.0	1695878.0
Sor-CPnd_047-Ex1-4H-lcwgs-1-T.clmp.r2	1.6731456884203766	38.0	118.70922023872001	0.0	1695878.0
Sor-CPnd_048-Ex1-8A-lcwgs-1-T.clmp.r1	1.5565263110791392	39.0	123.16613284284388	0.0	1368429.0
Sor-CPnd_048-Ex1-8A-lcwgs-1-T.clmp.r2	1.5522945483477173	39.0	123.10751452943485	0.0	1368429.0
Sor-CPnd_049-Ex1-3B-lcwgs-1-T.clmp.r1	2.113982233477941	38.0	130.15482286941028	0.0	2032794.0
Sor-CPnd_049-Ex1-3B-lcwgs-1-T.clmp.r2	2.154054038935257	38.0	130.05585317548162	0.0	2032794.0
Sor-CPnd_050-Ex1-3F-lcwgs-1-T.clmp.r1	2.096494249008032	38.0	123.31950657023462	0.0	2963745.0
Sor-CPnd_050-Ex1-3F-lcwgs-1-T.clmp.r2	2.1443079639545743	38.0	123.26947729983517	0.0	2963745.0
Sor-CPnd_051-Ex1-6H-lcwgs-1-T.clmp.r1	1.6625647669264794	38.0	123.1921854184956	0.0	1206309.0
Sor-CPnd_051-Ex1-6H-lcwgs-1-T.clmp.r2	1.7292305501077578	38.0	123.12675193503489	0.0	1206309.0
Sor-CPnd_052-Ex1-6D-lcwgs-1-T.clmp.r1	1.902180597866007	37.0	115.37857665318003	0.0	3776086.0
Sor-CPnd_052-Ex1-6D-lcwgs-1-T.clmp.r2	2.03210883371608	37.0	115.35514445380745	0.0	3776086.0
Sor-CPnd_053-Ex1-2C-lcwgs-1-T.clmp.r1	2.019847193089035	38.0	129.0465708945776	0.0	1947053.0
Sor-CPnd_053-Ex1-2C-lcwgs-1-T.clmp.r2	2.109455636372232	38.0	128.9539863578444	0.0	1947053.0
Sor-CPnd_054-Ex1-8F-lcwgs-1-T.clmp.r1	1.8665602580656184	38.0	118.69102731223505	0.0	3281057.0
Sor-CPnd_054-Ex1-8F-lcwgs-1-T.clmp.r2	2.0145691264452665	38.0	118.64804878427897	0.0	3281057.0
Sor-CPnd_055-Ex1-7G-lcwgs-1-T.clmp.r1	1.564447588420947	37.0	116.86936798579403	0.0	2366893.0
Sor-CPnd_055-Ex1-7G-lcwgs-1-T.clmp.r2	1.611325189913586	37.0	116.8313497906327	0.0	2366893.0
Sor-CPnd_056-Ex1-7E-lcwgs-1-T.clmp.r1	1.2682018227203429	37.0	115.87590490396852	0.0	1067931.0
Sor-CPnd_056-Ex1-7E-lcwgs-1-T.clmp.r2	1.330920517349341	37.0	115.84340935884434	0.0	1067931.0
Sor-CPnd_057-Ex1-6E-lcwgs-1-T.clmp.r1	1.274108458167035	38.0	113.77168835307239	0.0	941450.0
Sor-CPnd_057-Ex1-6E-lcwgs-1-T.clmp.r2	1.2985872632384456	38.0	113.74636040150831	0.0	941450.0
Sor-CPnd_058-Ex1-2G-lcwgs-1-T.clmp.r1	2.1251176386989528	37.0	124.44469788914041	0.0	3136779.0
Sor-CPnd_058-Ex1-2G-lcwgs-1-T.clmp.r2	2.2065826025161215	37.0	124.3960266247638	0.0	3136779.0
Sor-CPnd_060-Ex1-7H-lcwgs-1-T.clmp.r1	1.5990087045019834	38.0	124.21951074314566	0.0	907090.0
Sor-CPnd_060-Ex1-7H-lcwgs-1-T.clmp.r2	1.5764817892317353	38.0	124.13999382641194	0.0	907090.0
Sor-CPnd_063-Ex1-7D-lcwgs-1-T.clmp.r1	1.645169009883361	38.0	117.49798167934328	0.0	2388124.0
Sor-CPnd_063-Ex1-7D-lcwgs-1-T.clmp.r2	1.7327374481853184	38.0	117.46240605596694	0.0	2388124.0
Sor-CPnd_066-Ex1-8B-lcwgs-1-T.clmp.r1	1.8586117121211316	38.0	126.06262917407999	0.0	1863764.0
Sor-CPnd_066-Ex1-8B-lcwgs-1-T.clmp.r2	1.890421998547069	38.0	125.97210054491877	0.0	1863764.0
Sor-CPnd_068-Ex1-8H-lcwgs-1-T.clmp.r1	1.661643437296334	38.0	122.67130069067814	0.0	1310596.0
Sor-CPnd_068-Ex1-8H-lcwgs-1-T.clmp.r2	1.6890630633685078	38.0	122.60406257916246	0.0	1310596.0
Sor-CPnd_069-Ex1-6B-lcwgs-1-T.clmp.r1	2.326760577366173	39.0	128.96062937513068	0.0	2004083.0
Sor-CPnd_069-Ex1-6B-lcwgs-1-T.clmp.r2	2.306054210263653	39.0	128.8488006734252	0.0	2004083.0
Sor-CPnd_072-Ex1-8C-lcwgs-1-T.clmp.r1	2.343417288689764	38.0	131.1036370324105	0.0	3061232.0
Sor-CPnd_072-Ex1-8C-lcwgs-1-T.clmp.r2	2.3928171077073728	39.0	130.97007250675546	0.0	3061232.0
