Sample	1	2	3	4	5	6	7	8	9	10	11	12	13	14	15	16	17	18	19	20	21	22	23	24	25	26	27	28	29	30	31
Sor-ABur_001-Ex1-6G-lcwgs-1-T.clmp.r1r2_fastp	98.77631185781183	1.1865009345875928	0.03533329989029229	0.0017448543155699893	0.00010905339472312433	0.0	0.0	0.0	0.0	0.0	0.0	0.0	0.0	0.0	0.0	0.0	0.0	0.0	0.0	0.0	0.0	0.0	0.0	0.0	0.0	0.0	0.0	0.0	0.0	0.0	0.0
Sor-ABur_002-Ex1-7G-lcwgs-1-T.clmp.r1r2_fastp	99.00589960503152	0.9679818326458103	0.024922292292631574	0.0007975133533642103	0.0	0.00019937833834105258	0.0	0.0	0.0	0.0	0.0	0.0	0.0	0.0	0.0	0.0	0.0	0.0	0.0	0.0	0.00019937833834105258	0.0	0.0	0.0	0.0	0.0	0.0	0.0	0.0	0.0	0.0
Sor-ABur_003-Ex1-8G-lcwgs-1-T.clmp.r1r2_fastp	99.07162855175413	0.902492117280371	0.02469012757320963	0.0010193171933893883	0.00011325746593215424	5.662873296607712e-05	0.0	0.0	0.0	0.0	0.0	0.0	0.0	0.0	0.0	0.0	0.0	0.0	0.0	0.0	0.0	0.0	0.0	0.0	0.0	0.0	0.0	0.0	0.0	0.0	0.0
Sor-ABur_004-Ex1-9G-lcwgs-1-T.clmp.r1r2_fastp	98.88395854647966	1.085319398272802	0.02927290169811813	0.001352543312784336	9.661023662745258e-05	0.0	0.0	0.0	0.0	0.0	0.0	0.0	0.0	0.0	0.0	0.0	0.0	0.0	0.0	0.0	0.0	0.0	0.0	0.0	0.0	0.0	0.0	0.0	0.0	0.0	0.0
Sor-ABur_005-Ex1-10G-lcwgs-1-T.clmp.r1r2_fastp	99.03662048588107	0.936858756686091	0.025376724759259124	0.0009360267329234923	0.00020800594064966494	0.0	0.0	0.0	0.0	0.0	0.0	0.0	0.0	0.0	0.0	0.0	0.0	0.0	0.0	0.0	0.0	0.0	0.0	0.0	0.0	0.0	0.0	0.0	0.0	0.0	0.0
Sor-ABur_006-Ex1-11G-lcwgs-1-T.clmp.r1r2_fastp	98.92492766639319	1.045702410922948	0.02811226856389956	0.0011836744658484024	7.397965411552515e-05	0.0	0.0	0.0	0.0	0.0	0.0	0.0	0.0	0.0	0.0	0.0	0.0	0.0	0.0	0.0	0.0	0.0	0.0	0.0	0.0	0.0	0.0	0.0	0.0	0.0	0.0
Sor-ABur_007-Ex1-12G-lcwgs-1-T.clmp.r1r2_fastp	98.87829093183649	1.085468764236348	0.034602324088643374	0.0015356060986084336	0.00010237373990722893	0.0	0.0	0.0	0.0	0.0	0.0	0.0	0.0	0.0	0.0	0.0	0.0	0.0	0.0	0.0	0.0	0.0	0.0	0.0	0.0	0.0	0.0	0.0	0.0	0.0	0.0
Sor-ABur_008-Ex1-1H-lcwgs-1-T.clmp.r1r2_fastp	98.90174434323752	1.0679557341438173	0.029523001525873026	0.0006992289835075191	7.769210927861322e-05	0.0	0.0	0.0	0.0	0.0	0.0	0.0	0.0	0.0	0.0	0.0	0.0	0.0	0.0	0.0	0.0	0.0	0.0	0.0	0.0	0.0	0.0	0.0	0.0	0.0	0.0
Sor-ABur_009-Ex1-2H-lcwgs-1-T.clmp.r1r2_fastp	98.94671454301172	1.0263616118760552	0.026219953736739347	0.0007038913754829354	0.0	0.0	0.0	0.0	0.0	0.0	0.0	0.0	0.0	0.0	0.0	0.0	0.0	0.0	0.0	0.0	0.0	0.0	0.0	0.0	0.0	0.0	0.0	0.0	0.0	0.0	0.0
Sor-ABur_010-Ex1-3H-lcwgs-1-T.clmp.r1r2_fastp	99.0078779455091	0.961667462689771	0.029783785814331633	0.0004024835920855627	0.0002683223947237084	0.0	0.0	0.0	0.0	0.0	0.0	0.0	0.0	0.0	0.0	0.0	0.0	0.0	0.0	0.0	0.0	0.0	0.0	0.0	0.0	0.0	0.0	0.0	0.0	0.0	0.0
Sor-ABur_011-Ex1-4H-lcwgs-1-T.clmp.r1r2_fastp	99.15755964817353	0.8215077036094994	0.019747781336766815	0.0007899112534706725	0.00039495562673533627	0.0	0.0	0.0	0.0	0.0	0.0	0.0	0.0	0.0	0.0	0.0	0.0	0.0	0.0	0.0	0.0	0.0	0.0	0.0	0.0	0.0	0.0	0.0	0.0	0.0	0.0
Sor-ABur_012-Ex1-5H-lcwgs-1-T.clmp.r1r2_fastp	98.84527721585033	1.1178796671762155	0.033868206907283496	0.0025172315944602596	0.00022883923586002365	0.0	0.0	0.0	0.0	0.0	0.0	0.00022883923586002365	0.0	0.0	0.0	0.0	0.0	0.0	0.0	0.0	0.0	0.0	0.0	0.0	0.0	0.0	0.0	0.0	0.0	0.0	0.0
Sor-ABur_013-Ex1-6H-lcwgs-1-T.clmp.r1r2_fastp	98.51081320349057	1.4360693056785128	0.049323384342987234	0.003161755406601745	0.0006323510813203491	0.0	0.0	0.0	0.0	0.0	0.0	0.0	0.0	0.0	0.0	0.0	0.0	0.0	0.0	0.0	0.0	0.0	0.0	0.0	0.0	0.0	0.0	0.0	0.0	0.0	0.0
Sor-ABur_014-Ex1-7H-lcwgs-1-T.clmp.r1r2_fastp	98.84596447828228	1.1220923948939032	0.030742257394353514	0.0010807824865202405	0.00012008694294669341	0.0	0.0	0.0	0.0	0.0	0.0	0.0	0.0	0.0	0.0	0.0	0.0	0.0	0.0	0.0	0.0	0.0	0.0	0.0	0.0	0.0	0.0	0.0	0.0	0.0	0.0
Sor-ABur_015-Ex1-8H-lcwgs-1-T.clmp.r1r2_fastp	99.17125423203915	0.8066480314465307	0.02161384447387225	0.0004838920404598265	0.0	0.0	0.0	0.0	0.0	0.0	0.0	0.0	0.0	0.0	0.0	0.0	0.0	0.0	0.0	0.0	0.0	0.0	0.0	0.0	0.0	0.0	0.0	0.0	0.0	0.0	0.0
Sor-ABur_016-Ex1-9H-lcwgs-1-T.clmp.r1r2_fastp	98.8378908642692	1.1300691498283977	0.030909162870556575	0.0011308230318496308	0.0	0.0	0.0	0.0	0.0	0.0	0.0	0.0	0.0	0.0	0.0	0.0	0.0	0.0	0.0	0.0	0.0	0.0	0.0	0.0	0.0	0.0	0.0	0.0	0.0	0.0	0.0
Sor-ACan_001-Ex1-1A-lcwgs-1-T.clmp.r1r2_fastp	98.63493991402186	1.3236266382665562	0.0394889176745814	0.001645371569774225	0.00029915846723167734	0.0	0.0	0.0	0.0	0.0	0.0	0.0	0.0	0.0	0.0	0.0	0.0	0.0	0.0	0.0	0.0	0.0	0.0	0.0	0.0	0.0	0.0	0.0	0.0	0.0	0.0
Sor-ACan_002-Ex1-2A-lcwgs-1-T.clmp.r1r2_fastp	99.03195702746508	0.9416986296476556	0.025748990505617894	0.0005953523816327837	0.0	0.0	0.0	0.0	0.0	0.0	0.0	0.0	0.0	0.0	0.0	0.0	0.0	0.0	0.0	0.0	0.0	0.0	0.0	0.0	0.0	0.0	0.0	0.0	0.0	0.0	0.0
Sor-ACan_003-Ex1-3A-lcwgs-1-T.clmp.r1r2_fastp	98.87299691643587	1.0953154637079596	0.03108974023625213	0.0004484097149459442	0.0	0.0	0.0	0.0	0.0	0.0	0.00014946990498198142	0.0	0.0	0.0	0.0	0.0	0.0	0.0	0.0	0.0	0.0	0.0	0.0	0.0	0.0	0.0	0.0	0.0	0.0	0.0	0.0
Sor-ACan_004-Ex1-4A-lcwgs-1-T.clmp.r1r2_fastp	98.9854914518197	0.9883388784804098	0.025128436157459504	0.0009024024034446783	6.941556949574448e-05	6.941556949574448e-05	0.0	0.0	0.0	0.0	0.0	0.0	0.0	0.0	0.0	0.0	0.0	0.0	0.0	0.0	0.0	0.0	0.0	0.0	0.0	0.0	0.0	0.0	0.0	0.0	0.0
Sor-ACan_005-Ex1-5A-lcwgs-1-T.clmp.r1r2_fastp	98.9202890097859	1.049564812875861	0.029232656812825265	0.0007729789061083604	7.027080964621458e-05	0.0	0.0	0.0	0.0	7.027080964621458e-05	0.0	0.0	0.0	0.0	0.0	0.0	0.0	0.0	0.0	0.0	0.0	0.0	0.0	0.0	0.0	0.0	0.0	0.0	0.0	0.0	0.0
Sor-ACan_006-Ex1-6A-lcwgs-1-T.clmp.r1r2_fastp	98.61820137105369	1.3358011629220188	0.04334552464316528	0.002469048872079035	0.0001828925090428915	0.0	0.0	0.0	0.0	0.0	0.0	0.0	0.0	0.0	0.0	0.0	0.0	0.0	0.0	0.0	0.0	0.0	0.0	0.0	0.0	0.0	0.0	0.0	0.0	0.0	0.0
Sor-ACan_007-Ex1-7A-lcwgs-1-T.clmp.r1r2_fastp	98.9582590082055	1.0139646297334488	0.026565924264818307	0.0011467305438051067	0.0	0.0	0.0	0.0	0.0	0.0	0.0	0.0	0.0	0.0	0.0	0.0	0.0	0.0	0.0	0.0	0.0	0.0	6.370725243361704e-05	0.0	0.0	0.0	0.0	0.0	0.0	0.0	0.0
Sor-ACan_008-Ex1-8A-lcwgs-1-T.clmp.r1r2_fastp	98.87493375295371	1.089982257312819	0.03367171048572743	0.0011149573008519017	0.00022299146017038034	0.0	0.0	0.0	0.0	0.0	7.433048672346012e-05	0.0	0.0	0.0	0.0	0.0	0.0	0.0	0.0	0.0	0.0	0.0	0.0	0.0	0.0	0.0	0.0	0.0	0.0	0.0	0.0
Sor-ACan_009-Ex1-9A-lcwgs-1-T.clmp.r1r2_fastp	98.86177667315565	1.1044520897355845	0.03315906966873579	0.000510139533365166	0.0	0.0001020279066730332	0.0	0.0	0.0	0.0	0.0	0.0	0.0	0.0	0.0	0.0	0.0	0.0	0.0	0.0	0.0	0.0	0.0	0.0	0.0	0.0	0.0	0.0	0.0	0.0	0.0
Sor-ACan_010-Ex1-10A-lcwgs-1-T.clmp.r1r2_fastp	99.00926854836528	0.9679367724537249	0.022408328686395442	0.0003863504945930248	0.0	0.0	0.0	0.0	0.0	0.0	0.0	0.0	0.0	0.0	0.0	0.0	0.0	0.0	0.0	0.0	0.0	0.0	0.0	0.0	0.0	0.0	0.0	0.0	0.0	0.0	0.0
Sor-ACan_011-Ex1-11A-lcwgs-1-T.clmp.r1r2_fastp	98.93390157477138	1.037524921099999	0.026797749634759588	0.0017757544938696113	0.0	0.0	0.0	0.0	0.0	0.0	0.0	0.0	0.0	0.0	0.0	0.0	0.0	0.0	0.0	0.0	0.0	0.0	0.0	0.0	0.0	0.0	0.0	0.0	0.0	0.0	0.0
Sor-ACan_012-Ex1-12A-lcwgs-1-T.clmp.r1r2_fastp	98.89821167258975	1.0649670271194815	0.03444573253007469	0.0016628974324863642	0.0004751135521389612	0.0	0.0002375567760694806	0.0	0.0	0.0	0.0	0.0	0.0	0.0	0.0	0.0	0.0	0.0	0.0	0.0	0.0	0.0	0.0	0.0	0.0	0.0	0.0	0.0	0.0	0.0	0.0
Sor-ACan_013-Ex1-1B-lcwgs-1-T.clmp.r1r2_fastp	99.92781900615793	0.07218099384205896	0.0	0.0	0.0	0.0	0.0	0.0	0.0	0.0	0.0	0.0	0.0	0.0	0.0	0.0	0.0	0.0	0.0	0.0	0.0	0.0	0.0	0.0	0.0	0.0	0.0	0.0	0.0	0.0	0.0
Sor-ACan_014-Ex1-2B-lcwgs-1-T.clmp.r1r2_fastp	99.14404926073537	0.835745351497977	0.019573969398940228	0.0006314183677077493	0.0	0.0	0.0	0.0	0.0	0.0	0.0	0.0	0.0	0.0	0.0	0.0	0.0	0.0	0.0	0.0	0.0	0.0	0.0	0.0	0.0	0.0	0.0	0.0	0.0	0.0	0.0
Sor-ACan_015-Ex1-3B-lcwgs-1-T.clmp.r1r2_fastp	99.06446851837427	0.9058914811806229	0.027819113045747773	0.001618566577207143	0.00010116041107544644	0.0	0.0	0.0	0.0	0.0	0.0	0.0	0.0	0.0	0.00010116041107544644	0.0	0.0	0.0	0.0	0.0	0.0	0.0	0.0	0.0	0.0	0.0	0.0	0.0	0.0	0.0	0.0
Sor-ACan_016-Ex1-4B-lcwgs-1-T.clmp.r1r2_fastp	99.17949306822247	0.7979825192892885	0.02102278498902487	0.0013249654404847606	0.00017666205873130144	0.0	0.0	0.0	0.0	0.0	0.0	0.0	0.0	0.0	0.0	0.0	0.0	0.0	0.0	0.0	0.0	0.0	0.0	0.0	0.0	0.0	0.0	0.0	0.0	0.0	0.0
Sor-ACan_017-Ex1-5B-lcwgs-1-T.clmp.r1r2_fastp	99.17931990585468	0.7992459580852722	0.020472347903507916	0.000824389848463406	0.0	0.00013739830807723435	0.0	0.0	0.0	0.0	0.0	0.0	0.0	0.0	0.0	0.0	0.0	0.0	0.0	0.0	0.0	0.0	0.0	0.0	0.0	0.0	0.0	0.0	0.0	0.0	0.0
Sor-ACan_018-Ex1-6B-lcwgs-1-T.clmp.r1r2_fastp	97.55327130852342	2.333058223289316	0.10641756702681071	0.006627651060424169	0.0003751500600240096	0.0001250500200080032	0.0	0.0	0.0	0.0	0.0	0.0	0.0001250500200080032	0.0	0.0	0.0	0.0	0.0	0.0	0.0	0.0	0.0	0.0	0.0	0.0	0.0	0.0	0.0	0.0	0.0	0.0
Sor-ACan_019-Ex1-7B-lcwgs-1-T.clmp.r1r2_fastp	99.68837771900691	0.297271254894725	0.014351026098366033	0.0	0.0	0.0	0.0	0.0	0.0	0.0	0.0	0.0	0.0	0.0	0.0	0.0	0.0	0.0	0.0	0.0	0.0	0.0	0.0	0.0	0.0	0.0	0.0	0.0	0.0	0.0	0.0
Sor-ACan_020-Ex1-8B-lcwgs-1-T.clmp.r1r2_fastp	99.17153142842501	0.8082906643549261	0.01879000883984507	0.001387898380215829	0.0	0.0	0.0	0.0	0.0	0.0	0.0	0.0	0.0	0.0	0.0	0.0	0.0	0.0	0.0	0.0	0.0	0.0	0.0	0.0	0.0	0.0	0.0	0.0	0.0	0.0	0.0
Sor-ACan_021-Ex1-9B-lcwgs-1-T.clmp.r1r2_fastp	94.74995130646236	4.907423256033572	0.31931156191161975	0.021838313846081203	0.0014755617463568381	0.0	0.0	0.0	0.0	0.0	0.0	0.0	0.0	0.0	0.0	0.0	0.0	0.0	0.0	0.0	0.0	0.0	0.0	0.0	0.0	0.0	0.0	0.0	0.0	0.0	0.0
Sor-ACan_022-Ex1-10B-lcwgs-1-T.clmp.r1r2_fastp	98.97555408141687	0.9969265174052969	0.026360689549290144	0.0010138726749726978	0.0	0.0	0.00014483895356752827	0.0	0.0	0.0	0.0	0.0	0.0	0.0	0.0	0.0	0.0	0.0	0.0	0.0	0.0	0.0	0.0	0.0	0.0	0.0	0.0	0.0	0.0	0.0	0.0
Sor-ACan_023-Ex1-11B-lcwgs-1-T.clmp.r1r2_fastp	98.7797452055368	1.1834797193932212	0.03567879911939143	0.001096275950595826	0.0	0.0	0.0	0.0	0.0	0.0	0.0	0.0	0.0	0.0	0.0	0.0	0.0	0.0	0.0	0.0	0.0	0.0	0.0	0.0	0.0	0.0	0.0	0.0	0.0	0.0	0.0
Sor-ACan_024-Ex1-12B-lcwgs-1-T.clmp.r1r2_fastp	98.67686522794105	1.2797480355449857	0.04145843711333579	0.0019282994006202695	0.0	0.0	0.0	0.0	0.0	0.0	0.0	0.0	0.0	0.0	0.0	0.0	0.0	0.0	0.0	0.0	0.0	0.0	0.0	0.0	0.0	0.0	0.0	0.0	0.0	0.0	0.0
Sor-ACan_025-Ex1-1C-lcwgs-1-T.clmp.r1r2_fastp	99.02685517613469	0.9501514484921234	0.02190707417445635	0.0010863011987333729	0.0	0.0	0.0	0.0	0.0	0.0	0.0	0.0	0.0	0.0	0.0	0.0	0.0	0.0	0.0	0.0	0.0	0.0	0.0	0.0	0.0	0.0	0.0	0.0	0.0	0.0	0.0
Sor-ACan_026-Ex1-2C-lcwgs-1-T.clmp.r1r2_fastp	94.54505791952703	5.0507074106721515	0.36817408802343493	0.03183125428497654	0.003561538940976396	0.00022259618381102476	0.0	0.0	0.0	0.0	0.0	0.00022259618381102476	0.0	0.0	0.0	0.0	0.0	0.0	0.0	0.0	0.0	0.0	0.0	0.00022259618381102476	0.0	0.0	0.0	0.0	0.0	0.0	0.0
Sor-ACan_027-Ex1-3C-lcwgs-1-T.clmp.r1r2_fastp	99.07708079452956	0.8979681132273334	0.023504652113068222	0.0013560376219077823	9.040250812718548e-05	0.0	0.0	0.0	0.0	0.0	0.0	0.0	0.0	0.0	0.0	0.0	0.0	0.0	0.0	0.0	0.0	0.0	0.0	0.0	0.0	0.0	0.0	0.0	0.0	0.0	0.0
Sor-ACan_028-Ex1-4C-lcwgs-1-T.clmp.r1r2_fastp	99.16896800239806	0.812080714244714	0.018222387843480622	0.0007288955137392248	0.0	0.0	0.0	0.0	0.0	0.0	0.0	0.0	0.0	0.0	0.0	0.0	0.0	0.0	0.0	0.0	0.0	0.0	0.0	0.0	0.0	0.0	0.0	0.0	0.0	0.0	0.0
Sor-ACan_029-Ex1-5C-lcwgs-1-T.clmp.r1r2_fastp	98.8909079336609	1.0788159516132638	0.028842586566464958	0.0012615047802430003	0.00011468225274936367	5.7341126374681836e-05	0.0	0.0	0.0	0.0	0.0	0.0	0.0	0.0	0.0	0.0	0.0	0.0	0.0	0.0	0.0	0.0	0.0	0.0	0.0	0.0	0.0	0.0	0.0	0.0	0.0
Sor-ACan_030-Ex1-6C-lcwgs-1-T.clmp.r1r2_fastp	98.3740867690129	1.5658190112967076	0.056926072543529334	0.0029669949470567413	0.00020115219980045704	0.0	0.0	0.0	0.0	0.0	0.0	0.0	0.0	0.0	0.0	0.0	0.0	0.0	0.0	0.0	0.0	0.0	0.0	0.0	0.0	0.0	0.0	0.0	0.0	0.0	0.0
Sor-ACan_031-Ex1-7C-lcwgs-1-T.clmp.r1r2_fastp	98.36818371573	1.5793237138286926	0.0502192701466072	0.0022044124069841298	6.888788771825406e-05	0.0	0.0	0.0	0.0	0.0	0.0	0.0	0.0	0.0	0.0	0.0	0.0	0.0	0.0	0.0	0.0	0.0	0.0	0.0	0.0	0.0	0.0	0.0	0.0	0.0	0.0
Sor-ACan_032-Ex1-8C-lcwgs-1-T.clmp.r1r2_fastp	98.49018662176191	1.446052986520399	0.06294295079823105	0.0008174409194575462	0.0	0.0	0.0	0.0	0.0	0.0	0.0	0.0	0.0	0.0	0.0	0.0	0.0	0.0	0.0	0.0	0.0	0.0	0.0	0.0	0.0	0.0	0.0	0.0	0.0	0.0	0.0
Sor-ACan_033-Ex1-9C-lcwgs-1-T.clmp.r1r2_fastp	98.77515977737028	1.1894936286418654	0.03364206280569421	0.0015251068471914709	0.00017942433496370247	0.0	0.0	0.0	0.0	0.0	0.0	0.0	0.0	0.0	0.0	0.0	0.0	0.0	0.0	0.0	0.0	0.0	0.0	0.0	0.0	0.0	0.0	0.0	0.0	0.0	0.0
Sor-ACan_034-Ex1-10C-lcwgs-1-T.clmp.r1r2_fastp	99.02105870271639	0.95179146679421	0.02609478526312828	0.001055045226272033	0.0	0.0	0.0	0.0	0.0	0.0	0.0	0.0	0.0	0.0	0.0	0.0	0.0	0.0	0.0	0.0	0.0	0.0	0.0	0.0	0.0	0.0	0.0	0.0	0.0	0.0	0.0
Sor-ACan_035-Ex1-11C-lcwgs-1-T.clmp.r1r2_fastp	97.4868409252399	2.407610532778686	0.09933980421780252	0.004829018260587623	0.0006898597515125175	0.0	0.0	0.0006898597515125175	0.0	0.0	0.0	0.0	0.0	0.0	0.0	0.0	0.0	0.0	0.0	0.0	0.0	0.0	0.0	0.0	0.0	0.0	0.0	0.0	0.0	0.0	0.0
Sor-ACan_036-Ex1-12C-lcwgs-1-T.clmp.r1r2_fastp	98.77449130241679	1.1874145295019143	0.03528538149466067	0.0028087865866396554	0.0	0.0	0.0	0.0	0.0	0.0	0.0	0.0	0.0	0.0	0.0	0.0	0.0	0.0	0.0	0.0	0.0	0.0	0.0	0.0	0.0	0.0	0.0	0.0	0.0	0.0	0.0
Sor-ACan_037-Ex1-1D-lcwgs-1-T.clmp.r1r2_fastp	98.86723196654664	1.1010570333372054	0.0297363224532466	0.0019746776629109074	0.0	0.0	0.0	0.0	0.0	0.0	0.0	0.0	0.0	0.0	0.0	0.0	0.0	0.0	0.0	0.0	0.0	0.0	0.0	0.0	0.0	0.0	0.0	0.0	0.0	0.0	0.0
Sor-ACan_038-Ex1-2D-lcwgs-1-T.clmp.r1r2_fastp	98.8851857228172	1.0829568736488613	0.030006361738381546	0.0018510417955495111	0.0	0.0	0.0	0.0	0.0	0.0	0.0	0.0	0.0	0.0	0.0	0.0	0.0	0.0	0.0	0.0	0.0	0.0	0.0	0.0	0.0	0.0	0.0	0.0	0.0	0.0	0.0
Sor-ACan_039-Ex1-3D-lcwgs-1-T.clmp.r1r2_fastp	99.05983122576721	0.9134450354895858	0.025802230510676826	0.0009215082325241724	0.0	0.0	0.0	0.0	0.0	0.0	0.0	0.0	0.0	0.0	0.0	0.0	0.0	0.0	0.0	0.0	0.0	0.0	0.0	0.0	0.0	0.0	0.0	0.0	0.0	0.0	0.0
Sor-ACan_040-Ex1-4D-lcwgs-1-T.clmp.r1r2_fastp	99.04234405675736	0.9297592370185361	0.026848942610057748	0.001047763614051034	0.0	0.0	0.0	0.0	0.0	0.0	0.0	0.0	0.0	0.0	0.0	0.0	0.0	0.0	0.0	0.0	0.0	0.0	0.0	0.0	0.0	0.0	0.0	0.0	0.0	0.0	0.0
Sor-ACan_041-Ex1-5D-lcwgs-1-T.clmp.r1r2_fastp	98.74797234941856	1.213812281227174	0.03713124540094292	0.001084123953312202	0.0	0.0	0.0	0.0	0.0	0.0	0.0	0.0	0.0	0.0	0.0	0.0	0.0	0.0	0.0	0.0	0.0	0.0	0.0	0.0	0.0	0.0	0.0	0.0	0.0	0.0	0.0
Sor-ACan_042-Ex1-6D-lcwgs-1-T.clmp.r1r2_fastp	98.2472768059745	1.6871899990103152	0.06187760182387352	0.0032989499531459942	0.000267482428633459	0.0	0.0	0.0	0.0	0.0	8.916080954448634e-05	0.0	0.0	0.0	0.0	0.0	0.0	0.0	0.0	0.0	0.0	0.0	0.0	0.0	0.0	0.0	0.0	0.0	0.0	0.0	0.0
Sor-ACan_043-Ex1-7D-lcwgs-1-T.clmp.r1r2_fastp	98.79312688277784	1.1709707132773373	0.03427786077989985	0.0015703917260933582	5.415143883080546e-05	0.0	0.0	0.0	0.0	0.0	0.0	0.0	0.0	0.0	0.0	0.0	0.0	0.0	0.0	0.0	0.0	0.0	0.0	0.0	0.0	0.0	0.0	0.0	0.0	0.0	0.0
Sor-ACan_044-Ex1-8D-lcwgs-1-T.clmp.r1r2_fastp	99.08424593752255	0.8944494651515204	0.020273729713384443	0.0010308676125449715	0.0	0.0	0.0	0.0	0.0	0.0	0.0	0.0	0.0	0.0	0.0	0.0	0.0	0.0	0.0	0.0	0.0	0.0	0.0	0.0	0.0	0.0	0.0	0.0	0.0	0.0	0.0
Sor-ACan_045-Ex1-9D-lcwgs-1-T.clmp.r1r2_fastp	98.63197420752815	1.3254293214968647	0.039818440259221134	0.002778030715759614	0.0	0.0	0.0	0.0	0.0	0.0	0.0	0.0	0.0	0.0	0.0	0.0	0.0	0.0	0.0	0.0	0.0	0.0	0.0	0.0	0.0	0.0	0.0	0.0	0.0	0.0	0.0
Sor-ACan_046-Ex1-10D-lcwgs-1-T.clmp.r1r2_fastp	96.34132595552823	3.493185777231274	0.15780305359155652	0.00768521364893944	0.0	0.0	0.0	0.0	0.0	0.0	0.0	0.0	0.0	0.0	0.0	0.0	0.0	0.0	0.0	0.0	0.0	0.0	0.0	0.0	0.0	0.0	0.0	0.0	0.0	0.0	0.0
Sor-ACan_047-Ex1-11D-lcwgs-1-T.clmp.r1r2_fastp	99.10109862092185	0.875693379836498	0.022554252784142727	0.0006537464575113834	0.0	0.0	0.0	0.0	0.0	0.0	0.0	0.0	0.0	0.0	0.0	0.0	0.0	0.0	0.0	0.0	0.0	0.0	0.0	0.0	0.0	0.0	0.0	0.0	0.0	0.0	0.0
Sor-ACan_048-Ex1-12D-lcwgs-1-T.clmp.r1r2_fastp	98.78416183798358	1.180150109814092	0.03397698120632949	0.0014666322822876041	0.0002444387137146007	0.0	0.0	0.0	0.0	0.0	0.0	0.0	0.0	0.0	0.0	0.0	0.0	0.0	0.0	0.0	0.0	0.0	0.0	0.0	0.0	0.0	0.0	0.0	0.0	0.0	0.0
Sor-ACan_049-Ex1-1E-lcwgs-1-T.clmp.r1r2_fastp	98.64032751636698	1.3177109231739843	0.03950479462420327	0.0024567658348385118	0.0	0.0	0.0	0.0	0.0	0.0	0.0	0.0	0.0	0.0	0.0	0.0	0.0	0.0	0.0	0.0	0.0	0.0	0.0	0.0	0.0	0.0	0.0	0.0	0.0	0.0	0.0
Sor-ACan_050-Ex1-2E-lcwgs-1-T.clmp.r1r2_fastp	98.75797276048728	1.2032918514530695	0.03670013885651821	0.001838289602830966	0.00013130640020221187	0.0	0.0	0.0	6.565320010110594e-05	0.0	0.0	0.0	0.0	0.0	0.0	0.0	0.0	0.0	0.0	0.0	0.0	0.0	0.0	0.0	0.0	0.0	0.0	0.0	0.0	0.0	0.0
Sor-ACan_051-Ex1-3E-lcwgs-1-T.clmp.r1r2_fastp	98.89783767912945	1.0708882258854686	0.029693755078921344	0.0014971641216262863	8.317578453479367e-05	0.0	0.0	0.0	0.0	0.0	0.0	0.0	0.0	0.0	0.0	0.0	0.0	0.0	0.0	0.0	0.0	0.0	0.0	0.0	0.0	0.0	0.0	0.0	0.0	0.0	0.0
Sor-ACan_052-Ex1-4E-lcwgs-1-T.clmp.r1r2_fastp	99.09775201182646	0.8768086651987235	0.024450015970241646	0.0009893070045762515	0.0	0.0	0.0	0.0	0.0	0.0	0.0	0.0	0.0	0.0	0.0	0.0	0.0	0.0	0.0	0.0	0.0	0.0	0.0	0.0	0.0	0.0	0.0	0.0	0.0	0.0	0.0
Sor-ACan_053-Ex1-5E-lcwgs-1-T.clmp.r1r2_fastp	98.872382454472	1.0939861686130343	0.03218174859965905	0.001449628315299957	0.0	0.0	0.0	0.0	0.0	0.0	0.0	0.0	0.0	0.0	0.0	0.0	0.0	0.0	0.0	0.0	0.0	0.0	0.0	0.0	0.0	0.0	0.0	0.0	0.0	0.0	0.0
Sor-ACan_054-Ex1-6E-lcwgs-1-T.clmp.r1r2_fastp	95.53778331165013	4.194568823546627	0.24476743103278553	0.021816227548574364	0.0005321031109408381	0.0	0.0	0.0	0.0	0.0	0.0	0.0	0.00026605155547041907	0.0	0.0	0.0	0.0	0.0	0.0	0.0	0.0	0.0	0.0	0.0	0.0	0.0	0.0	0.0	0.0	0.0	0.00026605155547041907
Sor-ACan_055-Ex1-7E-lcwgs-1-T.clmp.r1r2_fastp	98.42540179614457	1.5233105297027876	0.04770112351260621	0.0033303684514708956	0.00020494575085974742	5.1236437714936856e-05	0.0	0.0	0.0	0.0	0.0	0.0	0.0	0.0	0.0	0.0	0.0	0.0	0.0	0.0	0.0	0.0	0.0	0.0	0.0	0.0	0.0	0.0	0.0	0.0	0.0
Sor-ACeb_001-Ex1-8E-lcwgs-1-T.clmp.r1r2_fastp	98.50062449227515	1.444277616147395	0.052350422590432565	0.002598957149879631	0.00014851183713597893	0.0	0.0	0.0	0.0	0.0	0.0	0.0	0.0	0.0	0.0	0.0	0.0	0.0	0.0	0.0	0.0	0.0	0.0	0.0	0.0	0.0	0.0	0.0	0.0	0.0	0.0
Sor-ACeb_002-Ex1-9E-lcwgs-1-T.clmp.r1r2_fastp	97.934293450462	1.9760768469115293	0.08540631349748239	0.003754123670219006	0.00031284363918491717	0.0	0.0	0.00015642181959245858	0.0	0.0	0.0	0.0	0.0	0.0	0.0	0.0	0.0	0.0	0.0	0.0	0.0	0.0	0.0	0.0	0.0	0.0	0.0	0.0	0.0	0.0	0.0
Sor-ACeb_003-Ex1-10E-lcwgs-1-T.clmp.r1r2_fastp	99.42854275265499	0.5592251767377382	0.011604784935107297	0.000627285672167962	0.0	0.0	0.0	0.0	0.0	0.0	0.0	0.0	0.0	0.0	0.0	0.0	0.0	0.0	0.0	0.0	0.0	0.0	0.0	0.0	0.0	0.0	0.0	0.0	0.0	0.0	0.0
Sor-ACeb_004-Ex1-11E-lcwgs-1-T.clmp.r1r2_fastp	98.81367286291429	1.1470780054358571	0.03718338787880576	0.0020657437710447646	0.0	0.0	0.0	0.0	0.0	0.0	0.0	0.0	0.0	0.0	0.0	0.0	0.0	0.0	0.0	0.0	0.0	0.0	0.0	0.0	0.0	0.0	0.0	0.0	0.0	0.0	0.0
Sor-ACeb_005-Ex1-12E-lcwgs-1-T.clmp.r1r2_fastp	96.78722373866337	3.0746455930263275	0.13427841859646034	0.003852249713832878	0.0	0.0	0.0	0.0	0.0	0.0	0.0	0.0	0.0	0.0	0.0	0.0	0.0	0.0	0.0	0.0	0.0	0.0	0.0	0.0	0.0	0.0	0.0	0.0	0.0	0.0	0.0
Sor-ACeb_006-Ex1-1F-lcwgs-1-T.clmp.r1r2_fastp	98.92278381461912	1.0517396072176253	0.02492273950752667	0.0005538386557228148	0.0	0.0	0.0	0.0	0.0	0.0	0.0	0.0	0.0	0.0	0.0	0.0	0.0	0.0	0.0	0.0	0.0	0.0	0.0	0.0	0.0	0.0	0.0	0.0	0.0	0.0	0.0
Sor-ACeb_007-Ex1-2F-lcwgs-1-T.clmp.r1r2_fastp	98.82325841457845	1.1350033863067206	0.04055692932856625	0.0009843914885574333	0.00019687829771148667	0.0	0.0	0.0	0.0	0.0	0.0	0.0	0.0	0.0	0.0	0.0	0.0	0.0	0.0	0.0	0.0	0.0	0.0	0.0	0.0	0.0	0.0	0.0	0.0	0.0	0.0
Sor-ACeb_008-Ex1-3F-lcwgs-1-T.clmp.r1r2_fastp	99.28642641604743	0.7002804844005477	0.013027237560982093	0.00026586199104045087	0.0	0.0	0.0	0.0	0.0	0.0	0.0	0.0	0.0	0.0	0.0	0.0	0.0	0.0	0.0	0.0	0.0	0.0	0.0	0.0	0.0	0.0	0.0	0.0	0.0	0.0	0.0
Sor-ACeb_009-Ex1-4F-lcwgs-1-T.clmp.r1r2_fastp	99.3965206194684	0.5914522416464446	0.011319660127204681	0.0007074787579502926	0.0	0.0	0.0	0.0	0.0	0.0	0.0	0.0	0.0	0.0	0.0	0.0	0.0	0.0	0.0	0.0	0.0	0.0	0.0	0.0	0.0	0.0	0.0	0.0	0.0	0.0	0.0
Sor-ACeb_010-Ex1-5F-lcwgs-1-T.clmp.r1r2_fastp	99.10886803011266	0.8694871767798883	0.02058894954123597	0.0010558435662172292	0.0	0.0	0.0	0.0	0.0	0.0	0.0	0.0	0.0	0.0	0.0	0.0	0.0	0.0	0.0	0.0	0.0	0.0	0.0	0.0	0.0	0.0	0.0	0.0	0.0	0.0	0.0
Sor-ACeb_011-Ex1-6F-lcwgs-1-T.clmp.r1r2_fastp	96.4714297067472	3.3712151315266627	0.14702376221886673	0.007947230390209012	0.0015894460780418024	0.0007947230390209012	0.0	0.0	0.0	0.0	0.0	0.0	0.0	0.0	0.0	0.0	0.0	0.0	0.0	0.0	0.0	0.0	0.0	0.0	0.0	0.0	0.0	0.0	0.0	0.0	0.0
Sor-ACeb_012-Ex1-7F-lcwgs-1-T.clmp.r1r2_fastp	99.10129005069979	0.8747616775671527	0.023391335181125048	0.00037129103462103254	0.00018564551731051627	0.0	0.0	0.0	0.0	0.0	0.0	0.0	0.0	0.0	0.0	0.0	0.0	0.0	0.0	0.0	0.0	0.0	0.0	0.0	0.0	0.0	0.0	0.0	0.0	0.0	0.0
Sor-ACeb_013-Ex1-8F-lcwgs-1-T.clmp.r1r2_fastp	97.62036254954194	2.2886751997920864	0.0844649470469755	0.006497303618998116	0.0	0.0	0.0	0.0	0.0	0.0	0.0	0.0	0.0	0.0	0.0	0.0	0.0	0.0	0.0	0.0	0.0	0.0	0.0	0.0	0.0	0.0	0.0	0.0	0.0	0.0	0.0
Sor-ACeb_014-Ex1-9F-lcwgs-1-T.clmp.r1r2_fastp	97.78974638669212	2.114807744750477	0.09271884374147805	0.0	0.0013635124079629125	0.0013635124079629125	0.0	0.0	0.0	0.0	0.0	0.0	0.0	0.0	0.0	0.0	0.0	0.0	0.0	0.0	0.0	0.0	0.0	0.0	0.0	0.0	0.0	0.0	0.0	0.0	0.0
Sor-ACeb_015-Ex1-10F-lcwgs-1-T.clmp.r1r2_fastp	98.75856261805603	1.2045697640017294	0.03572972849957898	0.001137889442661751	0.0	0.0	0.0	0.0	0.0	0.0	0.0	0.0	0.0	0.0	0.0	0.0	0.0	0.0	0.0	0.0	0.0	0.0	0.0	0.0	0.0	0.0	0.0	0.0	0.0	0.0	0.0
Sor-ACeb_016-Ex1-11F-lcwgs-1-T.clmp.r1r2_fastp	98.48948030929688	1.454995157377349	0.05342133130584659	0.0019980419189194586	0.00010516010099576099	0.0	0.0	0.0	0.0	0.0	0.0	0.0	0.0	0.0	0.0	0.0	0.0	0.0	0.0	0.0	0.0	0.0	0.0	0.0	0.0	0.0	0.0	0.0	0.0	0.0	0.0
Sor-ACeb_017-Ex1-12F-lcwgs-1-T.clmp.r1r2_fastp	98.76607410853985	1.1949998251368115	0.03755757180414714	0.0013684945191794508	0.0	0.0	0.0	0.0	0.0	0.0	0.0	0.0	0.0	0.0	0.0	0.0	0.0	0.0	0.0	0.0	0.0	0.0	0.0	0.0	0.0	0.0	0.0	0.0	0.0	0.0	0.0
Sor-ACeb_018-Ex1-1G-lcwgs-1-T.clmp.r1r2_fastp	98.9642846384786	0.999066199431687	0.03514303214081311	0.0010040866325946602	0.0005020433162973301	0.0	0.0	0.0	0.0	0.0	0.0	0.0	0.0	0.0	0.0	0.0	0.0	0.0	0.0	0.0	0.0	0.0	0.0	0.0	0.0	0.0	0.0	0.0	0.0	0.0	0.0
Sor-ACeb_019-Ex1-3G-lcwgs-1-T.clmp.r1r2_fastp	99.94367783722895	0.056322162771050406	0.0	0.0	0.0	0.0	0.0	0.0	0.0	0.0	0.0	0.0	0.0	0.0	0.0	0.0	0.0	0.0	0.0	0.0	0.0	0.0	0.0	0.0	0.0	0.0	0.0	0.0	0.0	0.0	0.0
Sor-ACeb_020-Ex1-2G-lcwgs-1-T.clmp.r1r2_fastp	99.88127938917081	0.11872061082918199	0.0	0.0	0.0	0.0	0.0	0.0	0.0	0.0	0.0	0.0	0.0	0.0	0.0	0.0	0.0	0.0	0.0	0.0	0.0	0.0	0.0	0.0	0.0	0.0	0.0	0.0	0.0	0.0	0.0
Sor-ACeb_021-Ex1-4G-lcwgs-1-T.clmp.r1r2_fastp	99.93645245849552	0.06354754150448805	0.0	0.0	0.0	0.0	0.0	0.0	0.0	0.0	0.0	0.0	0.0	0.0	0.0	0.0	0.0	0.0	0.0	0.0	0.0	0.0	0.0	0.0	0.0	0.0	0.0	0.0	0.0	0.0	0.0
Sor-ACeb_022-Ex1-5G-lcwgs-1-T.clmp.r1r2_fastp	96.87534613120049	2.946851736339841	0.16439410279878044	0.011659156226863861	0.0011659156226863862	0.0	0.0005829578113431931	0.0	0.0	0.0	0.0	0.0	0.0	0.0	0.0	0.0	0.0	0.0	0.0	0.0	0.0	0.0	0.0	0.0	0.0	0.0	0.0	0.0	0.0	0.0	0.0
Sor-CBur_001-Ex1-2C-lcwgs-1-T.clmp.r1r2_fastp	98.43341230018186	1.520252244601779	0.043976559314437454	0.0021342391493596718	0.000168492564423132	5.6164188141044003e-05	0.0	0.0	0.0	0.0	0.0	0.0	0.0	0.0	0.0	0.0	0.0	0.0	0.0	0.0	0.0	0.0	0.0	0.0	0.0	0.0	0.0	0.0	0.0	0.0	0.0
Sor-CBur_003-Ex1-1G-lcwgs-1-T.clmp.r1r2_fastp	98.22424059672727	1.7127686630188554	0.06052261925585079	0.0021461921721932903	0.00021461921721932902	0.0	0.0	0.00010730960860966451	0.0	0.0	0.0	0.0	0.0	0.0	0.0	0.0	0.0	0.0	0.0	0.0	0.0	0.0	0.0	0.0	0.0	0.0	0.0	0.0	0.0	0.0	0.0
Sor-CBur_004-Ex1-1H-lcwgs-1-T.clmp.r1r2_fastp	98.36962143025308	1.574525470293933	0.053882972488162	0.001970126964832249	0.0	0.0	0.0	0.0	0.0	0.0	0.0	0.0	0.0	0.0	0.0	0.0	0.0	0.0	0.0	0.0	0.0	0.0	0.0	0.0	0.0	0.0	0.0	0.0	0.0	0.0	0.0
Sor-CBur_005-Ex1-8H-lcwgs-1-T.clmp.r1r2_fastp	98.30512157251201	1.6396118638147188	0.052536662846662585	0.0026741885648354233	0.0	5.571226176740465e-05	0.0	0.0	0.0	0.0	0.0	0.0	0.0	0.0	0.0	0.0	0.0	0.0	0.0	0.0	0.0	0.0	0.0	0.0	0.0	0.0	0.0	0.0	0.0	0.0	0.0
Sor-CBur_009-Ex1-3H-lcwgs-1-T.clmp.r1r2_fastp	98.49062217735508	1.456298815153286	0.05031613623080602	0.0024972105626693587	0.00026566069815631474	0.0	0.0	0.0	0.0	0.0	0.0	0.0	0.0	0.0	0.0	0.0	0.0	0.0	0.0	0.0	0.0	0.0	0.0	0.0	0.0	0.0	0.0	0.0	0.0	0.0	0.0
Sor-CBur_010-Ex1-2H-lcwgs-1-T.clmp.r1r2_fastp	98.32369915082643	1.6217844580335843	0.05264010999177042	0.0017199243858697266	0.00010423784156786222	5.211892078393111e-05	0.0	0.0	0.0	0.0	0.0	0.0	0.0	0.0	0.0	0.0	0.0	0.0	0.0	0.0	0.0	0.0	0.0	0.0	0.0	0.0	0.0	0.0	0.0	0.0	0.0
Sor-CBur_011-Ex1-5F-lcwgs-1-T.clmp.r1r2_fastp	98.10109179859487	1.8356902171529756	0.06040118292851951	0.0027527831117396275	6.401821190092158e-05	0.0	0.0	0.0	0.0	0.0	0.0	0.0	0.0	0.0	0.0	0.0	0.0	0.0	0.0	0.0	0.0	0.0	0.0	0.0	0.0	0.0	0.0	0.0	0.0	0.0	0.0
Sor-CBur_012-Ex1-3E-lcwgs-1-T.clmp.r1r2_fastp	98.30439896380612	1.6370356689817405	0.056256773898800995	0.002227590039189384	8.100327415234125e-05	0.0	0.0	0.0	0.0	0.0	0.0	0.0	0.0	0.0	0.0	0.0	0.0	0.0	0.0	0.0	0.0	0.0	0.0	0.0	0.0	0.0	0.0	0.0	0.0	0.0	0.0
Sor-CBur_013-Ex1-6B-lcwgs-1-T.clmp.r1r2_fastp	98.51772109505647	1.4358297154762754	0.04476624781988934	0.0016268435924521188	5.609805491214203e-05	0.0	0.0	0.0	0.0	0.0	0.0	0.0	0.0	0.0	0.0	0.0	0.0	0.0	0.0	0.0	0.0	0.0	0.0	0.0	0.0	0.0	0.0	0.0	0.0	0.0	0.0
Sor-CBur_014-Ex1-6H-lcwgs-1-T.clmp.r1r2_fastp	98.83638047386508	1.1275339002155407	0.034261071799853715	0.0018245541195188366	0.0	0.0	0.0	0.0	0.0	0.0	0.0	0.0	0.0	0.0	0.0	0.0	0.0	0.0	0.0	0.0	0.0	0.0	0.0	0.0	0.0	0.0	0.0	0.0	0.0	0.0	0.0
Sor-CBur_015-Ex1-2D-lcwgs-1-T.clmp.r1r2_fastp	98.39729075813331	1.552178564813333	0.048379319047966364	0.0020464137124410935	0.0001049442929456971	0.0	0.0	0.0	0.0	0.0	0.0	0.0	0.0	0.0	0.0	0.0	0.0	0.0	0.0	0.0	0.0	0.0	0.0	0.0	0.0	0.0	0.0	0.0	0.0	0.0	0.0
Sor-CBur_016-Ex1-6G-lcwgs-1-T.clmp.r1r2_fastp	98.62420169042745	1.334758240876523	0.039128052184393504	0.0018778733596349414	3.414315199336257e-05	0.0	0.0	0.0	0.0	0.0	0.0	0.0	0.0	0.0	0.0	0.0	0.0	0.0	0.0	0.0	0.0	0.0	0.0	0.0	0.0	0.0	0.0	0.0	0.0	0.0	0.0
Sor-CBur_020-Ex1-7D-lcwgs-1-T.clmp.r1r2_fastp	98.63383468299263	1.3231496162766077	0.04118169798643172	0.0018340027443350159	0.0	0.0	0.0	0.0	0.0	0.0	0.0	0.0	0.0	0.0	0.0	0.0	0.0	0.0	0.0	0.0	0.0	0.0	0.0	0.0	0.0	0.0	0.0	0.0	0.0	0.0	0.0
Sor-CBur_021-Ex1-5C-lcwgs-1-T.clmp.r1r2_fastp	98.06321771185684	1.8713850708700903	0.062323246691563826	0.002893148782587102	0.00018082179891169386	0.0	0.0	0.0	0.0	0.0	0.0	0.0	0.0	0.0	0.0	0.0	0.0	0.0	0.0	0.0	0.0	0.0	0.0	0.0	0.0	0.0	0.0	0.0	0.0	0.0	0.0
Sor-CBur_022-Ex1-1A-lcwgs-1-T.clmp.r1r2_fastp	97.94795908093667	1.9774659495606282	0.07117987669959516	0.0033950928031056906	0.0	0.0	0.0	0.0	0.0	0.0	0.0	0.0	0.0	0.0	0.0	0.0	0.0	0.0	0.0	0.0	0.0	0.0	0.0	0.0	0.0	0.0	0.0	0.0	0.0	0.0	0.0
Sor-CBur_023-Ex1-5E-lcwgs-1-T.clmp.r1r2_fastp	98.19658845429376	1.7458793982358654	0.054805692679547914	0.0025683994406421155	0.00015805535019336095	0.0	0.0	0.0	0.0	0.0	0.0	0.0	0.0	0.0	0.0	0.0	0.0	0.0	0.0	0.0	0.0	0.0	0.0	0.0	0.0	0.0	0.0	0.0	0.0	0.0	0.0
Sor-CBur_025-Ex1-8B-lcwgs-1-T.clmp.r1r2_fastp	98.68356426720739	1.2752055874732455	0.039352634148173186	0.0018775111711914684	0.0	0.0	0.0	0.0	0.0	0.0	0.0	0.0	0.0	0.0	0.0	0.0	0.0	0.0	0.0	0.0	0.0	0.0	0.0	0.0	0.0	0.0	0.0	0.0	0.0	0.0	0.0
Sor-CBur_028-Ex1-2E-lcwgs-1-T.clmp.r1r2_fastp	98.31297317274188	1.6378627429686519	0.047143642469350315	0.0018520716684387627	0.00012627761375718835	0.0	4.2092537919062784e-05	0.0	0.0	0.0	0.0	0.0	0.0	0.0	0.0	0.0	0.0	0.0	0.0	0.0	0.0	0.0	0.0	0.0	0.0	0.0	0.0	0.0	0.0	0.0	0.0
Sor-CBur_033-Ex1-3A-lcwgs-1-T.clmp.r1r2_fastp	98.29022854728157	1.6495369607723767	0.057512838326612754	0.0026500311557716965	7.16224636695053e-05	0.0	0.0	0.0	0.0	0.0	0.0	0.0	0.0	0.0	0.0	0.0	0.0	0.0	0.0	0.0	0.0	0.0	0.0	0.0	0.0	0.0	0.0	0.0	0.0	0.0	0.0
Sor-CBur_034-Ex1-3C-lcwgs-1-T.clmp.r1r2_fastp	98.27115406106944	1.671913580897718	0.05405059670031299	0.0026709007472196272	0.00021086058530681267	0.0	0.0	0.0	0.0	0.0	0.0	0.0	0.0	0.0	0.0	0.0	0.0	0.0	0.0	0.0	0.0	0.0	0.0	0.0	0.0	0.0	0.0	0.0	0.0	0.0	0.0
Sor-CBur_036-Ex1-3F-lcwgs-1-T.clmp.r1r2_fastp	98.14701665564162	1.791183568639896	0.0592361143750318	0.0024471312823783633	0.00011653006106563632	0.0	0.0	0.0	0.0	0.0	0.0	0.0	0.0	0.0	0.0	0.0	0.0	0.0	0.0	0.0	0.0	0.0	0.0	0.0	0.0	0.0	0.0	0.0	0.0	0.0	0.0
Sor-CBur_037-Ex1-5A-lcwgs-1-T.clmp.r1r2_fastp	98.50141641126791	1.4451412583129355	0.05131979814718094	0.001970922823968544	0.0001516094479975803	0.0	0.0	0.0	0.0	0.0	0.0	0.0	0.0	0.0	0.0	0.0	0.0	0.0	0.0	0.0	0.0	0.0	0.0	0.0	0.0	0.0	0.0	0.0	0.0	0.0	0.0
Sor-CBur_040-Ex1-4B-lcwgs-1-T.clmp.r1r2_fastp	98.197179198754	1.746058665743705	0.054547027775374235	0.0020766634939863287	6.922211646621097e-05	0.0	6.922211646621097e-05	0.0	0.0	0.0	0.0	0.0	0.0	0.0	0.0	0.0	0.0	0.0	0.0	0.0	0.0	0.0	0.0	0.0	0.0	0.0	0.0	0.0	0.0	0.0	0.0
Sor-CBur_041-Ex1-7F-lcwgs-1-T.clmp.r1r2_fastp	98.3901106083146	1.5582265323017361	0.04929757184560896	0.0021163099024630113	0.0002489776355838837	0.0	0.0	0.0	0.0	0.0	0.0	0.0	0.0	0.0	0.0	0.0	0.0	0.0	0.0	0.0	0.0	0.0	0.0	0.0	0.0	0.0	0.0	0.0	0.0	0.0	0.0
Sor-CBur_042-Ex1-6C-lcwgs-1-T.clmp.r1r2_fastp	98.5640078744849	1.387844862295818	0.04592045229539068	0.0020462586868195062	0.00018055223707230935	0.0	0.0	0.0	0.0	0.0	0.0	0.0	0.0	0.0	0.0	0.0	0.0	0.0	0.0	0.0	0.0	0.0	0.0	0.0	0.0	0.0	0.0	0.0	0.0	0.0	0.0
Sor-CBur_043-Ex1-1B-lcwgs-1-T.clmp.r1r2_fastp	98.0982369816996	1.8324928277767334	0.06559212731002803	0.003065052678038693	0.0006130105356077386	0.0	0.0	0.0	0.0	0.0	0.0	0.0	0.0	0.0	0.0	0.0	0.0	0.0	0.0	0.0	0.0	0.0	0.0	0.0	0.0	0.0	0.0	0.0	0.0	0.0	0.0
Sor-CBur_044-Ex1-6A-lcwgs-1-T.clmp.r1r2_fastp	98.66837697765101	1.289966930800377	0.04003474666798037	0.0014966260436628175	0.00012471883697190146	0.0	0.0	0.0	0.0	0.0	0.0	0.0	0.0	0.0	0.0	0.0	0.0	0.0	0.0	0.0	0.0	0.0	0.0	0.0	0.0	0.0	0.0	0.0	0.0	0.0	0.0
Sor-CBur_046-Ex1-2A-lcwgs-1-T.clmp.r1r2_fastp	98.06796542980224	1.8739306899110828	0.05633176563837476	0.0017184142044118136	5.3700443887869174e-05	0.0	0.0	0.0	0.0	0.0	0.0	0.0	0.0	0.0	0.0	0.0	0.0	0.0	0.0	0.0	0.0	0.0	0.0	0.0	0.0	0.0	0.0	0.0	0.0	0.0	0.0
Sor-CBur_049-Ex1-7B-lcwgs-1-T.clmp.r1r2_fastp	98.50634377054489	1.448715055293344	0.04395992581762519	0.0009812483441434194	0.0	0.0	0.0	0.0	0.0	0.0	0.0	0.0	0.0	0.0	0.0	0.0	0.0	0.0	0.0	0.0	0.0	0.0	0.0	0.0	0.0	0.0	0.0	0.0	0.0	0.0	0.0
Sor-CBur_050-Ex1-6D-lcwgs-1-T.clmp.r1r2_fastp	98.52310027103282	1.4269488814342524	0.04769455490636038	0.002186868238064559	6.9424388509986e-05	0.0	0.0	0.0	0.0	0.0	0.0	0.0	0.0	0.0	0.0	0.0	0.0	0.0	0.0	0.0	0.0	0.0	0.0	0.0	0.0	0.0	0.0	0.0	0.0	0.0	0.0
Sor-CBur_051-Ex1-8D-lcwgs-1-T.clmp.r1r2_fastp	98.78091219152182	1.1828870274349665	0.0347239709378918	0.0014010762537644457	7.573385155483491e-05	0.0	0.0	0.0	0.0	0.0	0.0	0.0	0.0	0.0	0.0	0.0	0.0	0.0	0.0	0.0	0.0	0.0	0.0	0.0	0.0	0.0	0.0	0.0	0.0	0.0	0.0
Sor-CBur_052-Ex1-5B-lcwgs-1-T.clmp.r1r2_fastp	98.09440414118376	1.846270167603618	0.0569344445418656	0.002391246670758355	0.0	0.0	0.0	0.0	0.0	0.0	0.0	0.0	0.0	0.0	0.0	0.0	0.0	0.0	0.0	0.0	0.0	0.0	0.0	0.0	0.0	0.0	0.0	0.0	0.0	0.0	0.0
Sor-CBur_053-Ex1-8F-lcwgs-1-T.clmp.r1r2_fastp	98.81159072224942	1.1502784987853203	0.03657894493760334	0.0014779371691960945	7.389685845980473e-05	0.0	0.0	0.0	0.0	0.0	0.0	0.0	0.0	0.0	0.0	0.0	0.0	0.0	0.0	0.0	0.0	0.0	0.0	0.0	0.0	0.0	0.0	0.0	0.0	0.0	0.0
Sor-CBur_054-Ex1-7A-lcwgs-1-T.clmp.r1r2_fastp	99.10308442318532	0.880247068496332	0.015919361877061323	0.000749146441273474	0.0	0.0	0.0	0.0	0.0	0.0	0.0	0.0	0.0	0.0	0.0	0.0	0.0	0.0	0.0	0.0	0.0	0.0	0.0	0.0	0.0	0.0	0.0	0.0	0.0	0.0	0.0
Sor-CBur_055-Ex1-2G-lcwgs-1-T.clmp.r1r2_fastp	98.37919981670552	1.5729191750813019	0.04549630956194021	0.002337939854159312	4.675879708318624e-05	0.0	0.0	0.0	0.0	0.0	0.0	0.0	0.0	0.0	0.0	0.0	0.0	0.0	0.0	0.0	0.0	0.0	0.0	0.0	0.0	0.0	0.0	0.0	0.0	0.0	0.0
Sor-CBur_058-Ex1-8C-lcwgs-1-T.clmp.r1r2_fastp	98.80249428443389	1.1590558480975688	0.036708235841037266	0.0017416316274944687	0.0	0.0	0.0	0.0	0.0	0.0	0.0	0.0	0.0	0.0	0.0	0.0	0.0	0.0	0.0	0.0	0.0	0.0	0.0	0.0	0.0	0.0	0.0	0.0	0.0	0.0	0.0
Sor-CBur_059-Ex1-3G-lcwgs-1-T.clmp.r1r2_fastp	98.8739817103059	1.0969039899100756	0.02820447791578006	0.0007960941347195986	0.00011372773353137124	0.0	0.0	0.0	0.0	0.0	0.0	0.0	0.0	0.0	0.0	0.0	0.0	0.0	0.0	0.0	0.0	0.0	0.0	0.0	0.0	0.0	0.0	0.0	0.0	0.0	0.0
Sor-CBur_062-Ex1-6E-lcwgs-1-T.clmp.r1r2_fastp	98.55672141675569	1.4005250759600414	0.040818412187954574	0.001783915791918015	0.0001209434435198654	0.0	0.0	0.0	0.0	0.0	0.0	0.0	0.0	0.0	0.0	0.0	0.0	3.023586087996635e-05	0.0	0.0	0.0	0.0	0.0	0.0	0.0	0.0	0.0	0.0	0.0	0.0	0.0
Sor-CBur_064-Ex1-4D-lcwgs-1-T.clmp.r1r2_fastp	98.40120698221413	1.544120175087925	0.052313348870038405	0.0022246656091640046	6.74141093686062e-05	0.0	6.74141093686062e-05	0.0	0.0	0.0	0.0	0.0	0.0	0.0	0.0	0.0	0.0	0.0	0.0	0.0	0.0	0.0	0.0	0.0	0.0	0.0	0.0	0.0	0.0	0.0	0.0
Sor-CBur_065-Ex1-1F-lcwgs-1-T.clmp.r1r2_fastp	98.31799030909517	1.6302303906339422	0.04996248271752303	0.0016351357980280263	0.00018168175533644736	0.0	0.0	0.0	0.0	0.0	0.0	0.0	0.0	0.0	0.0	0.0	0.0	0.0	0.0	0.0	0.0	0.0	0.0	0.0	0.0	0.0	0.0	0.0	0.0	0.0	0.0
Sor-CBur_066-Ex1-3B-lcwgs-1-T.clmp.r1r2_fastp	98.07237971907098	1.863655661988997	0.06144412169632825	0.0025204972436962364	0.0	0.0	0.0	0.0	0.0	0.0	0.0	0.0	0.0	0.0	0.0	0.0	0.0	0.0	0.0	0.0	0.0	0.0	0.0	0.0	0.0	0.0	0.0	0.0	0.0	0.0	0.0
Sor-CBur_067-Ex1-4H-lcwgs-1-T.clmp.r1r2_fastp	98.66302529532416	1.2943373065199115	0.04117603571913645	0.0014613624367960745	0.0	0.0	0.0	0.0	0.0	0.0	0.0	0.0	0.0	0.0	0.0	0.0	0.0	0.0	0.0	0.0	0.0	0.0	0.0	0.0	0.0	0.0	0.0	0.0	0.0	0.0	0.0
Sor-CBur_068-Ex1-6F-lcwgs-1-T.clmp.r1r2_fastp	98.54568562760187	1.4093991822103766	0.04291004776866209	0.0018509006945504856	0.0001542417245458738	0.0	0.0	0.0	0.0	0.0	0.0	0.0	0.0	0.0	0.0	0.0	0.0	0.0	0.0	0.0	0.0	0.0	0.0	0.0	0.0	0.0	0.0	0.0	0.0	0.0	0.0
Sor-CBur_069-Ex1-5D-lcwgs-1-T.clmp.r1r2_fastp	98.50934375453274	1.4423534033030538	0.04524921421130689	0.002776025411736619	0.00020820190588024642	0.0	0.0	6.940063529341547e-05	0.0	0.0	0.0	0.0	0.0	0.0	0.0	0.0	0.0	0.0	0.0	0.0	0.0	0.0	0.0	0.0	0.0	0.0	0.0	0.0	0.0	0.0	0.0
Sor-CBur_070-Ex1-1E-lcwgs-1-T.clmp.r1r2_fastp	98.28266919233573	1.6609289283110829	0.05440652984776813	0.001862326205058078	0.00013302330036129128	0.0	0.0	0.0	0.0	0.0	0.0	0.0	0.0	0.0	0.0	0.0	0.0	0.0	0.0	0.0	0.0	0.0	0.0	0.0	0.0	0.0	0.0	0.0	0.0	0.0	0.0
Sor-CBur_071-Ex1-4G-lcwgs-1-T.clmp.r1r2_fastp	98.46801374212352	1.4855821678037027	0.04428741227998763	0.0019945617662862074	8.141068433821254e-05	0.0	4.070534216910627e-05	0.0	0.0	0.0	0.0	0.0	0.0	0.0	0.0	0.0	0.0	0.0	0.0	0.0	0.0	0.0	0.0	0.0	0.0	0.0	0.0	0.0	0.0	0.0	0.0
Sor-CBur_073-Ex1-7H-lcwgs-1-T.clmp.r1r2_fastp	98.60598561679733	1.3520498675326125	0.040883884365246176	0.001080631304808269	0.0	0.0	0.0	0.0	0.0	0.0	0.0	0.0	0.0	0.0	0.0	0.0	0.0	0.0	0.0	0.0	0.0	0.0	0.0	0.0	0.0	0.0	0.0	0.0	0.0	0.0	0.0
Sor-CBur_075-Ex1-5H-lcwgs-1-T.clmp.r1r2_fastp	98.52661512353737	1.4259903163790852	0.04539197303776137	0.0019284171551990127	7.416989058457741e-05	0.0	0.0	0.0	0.0	0.0	0.0	0.0	0.0	0.0	0.0	0.0	0.0	0.0	0.0	0.0	0.0	0.0	0.0	0.0	0.0	0.0	0.0	0.0	0.0	0.0	0.0
Sor-CBur_076-Ex1-2B-lcwgs-1-T.clmp.r1r2_fastp	98.22192705070829	1.72384237122394	0.05228992119854968	0.0019406568692245242	0.0	0.0	0.0	0.0	0.0	0.0	0.0	0.0	0.0	0.0	0.0	0.0	0.0	0.0	0.0	0.0	0.0	0.0	0.0	0.0	0.0	0.0	0.0	0.0	0.0	0.0	0.0
Sor-CBur_077-Ex1-8E-lcwgs-1-T.clmp.r1r2_fastp	98.71851793362958	1.2425198338474364	0.03684800285118973	0.002027934583145102	8.629508864447243e-05	0.0	0.0	0.0	0.0	0.0	0.0	0.0	0.0	0.0	0.0	0.0	0.0	0.0	0.0	0.0	0.0	0.0	0.0	0.0	0.0	0.0	0.0	0.0	0.0	0.0	0.0
Sor-CBur_078-Ex1-5G-lcwgs-1-T.clmp.r1r2_fastp	98.31424942891441	1.6327014751084397	0.05100402674132532	0.0019632664663862195	8.180276943275915e-05	0.0	0.0	0.0	0.0	0.0	0.0	0.0	0.0	0.0	0.0	0.0	0.0	0.0	0.0	0.0	0.0	0.0	0.0	0.0	0.0	0.0	0.0	0.0	0.0	0.0	0.0
Sor-CBur_079-Ex1-8G-lcwgs-1-T.clmp.r1r2_fastp	98.63291537737669	1.3236786211473766	0.0412936214983043	0.0020783093328354475	3.407064480058111e-05	0.0	0.0	0.0	0.0	0.0	0.0	0.0	0.0	0.0	0.0	0.0	0.0	0.0	0.0	0.0	0.0	0.0	0.0	0.0	0.0	0.0	0.0	0.0	0.0	0.0	0.0
Sor-CBur_080-Ex1-2F-lcwgs-1-T.clmp.r1r2_fastp	98.14558951151469	1.7998401623871698	0.05270718827988252	0.0018141078756796778	4.9029942585937235e-05	0.0	0.0	0.0	0.0	0.0	0.0	0.0	0.0	0.0	0.0	0.0	0.0	0.0	0.0	0.0	0.0	0.0	0.0	0.0	0.0	0.0	0.0	0.0	0.0	0.0	0.0
Sor-CBur_081-Ex1-8A-lcwgs-1-T.clmp.r1r2_fastp	98.83580606831343	1.1314733778658947	0.03137125263219146	0.0012649698642012684	0.0	8.433132428008456e-05	0.0	0.0	0.0	0.0	0.0	0.0	0.0	0.0	0.0	0.0	0.0	0.0	0.0	0.0	0.0	0.0	0.0	0.0	0.0	0.0	0.0	0.0	0.0	0.0	0.0
Sor-CBur_082-Ex1-4C-lcwgs-1-T.clmp.r1r2_fastp	98.25401551018037	1.6892735775073338	0.054677742600714514	0.0018153300996253158	0.00021783961195503789	0.0	0.0	0.0	0.0	0.0	0.0	0.0	0.0	0.0	0.0	0.0	0.0	0.0	0.0	0.0	0.0	0.0	0.0	0.0	0.0	0.0	0.0	0.0	0.0	0.0	0.0
Sor-CBur_084-Ex1-4A-lcwgs-1-T.clmp.r1r2_fastp	98.41017004180024	1.5387112785757322	0.04901149741050719	0.0019510946421380253	0.00015608757137104202	0.0	0.0	0.0	0.0	0.0	0.0	0.0	0.0	0.0	0.0	0.0	0.0	0.0	0.0	0.0	0.0	0.0	0.0	0.0	0.0	0.0	0.0	0.0	0.0	0.0	0.0
Sor-CBur_085-Ex1-7E-lcwgs-1-T.clmp.r1r2_fastp	98.60499719036652	1.3505235415627894	0.04305466517874809	0.0012663136817278851	0.0	0.0	0.0	0.00015828921021598564	0.0	0.0	0.0	0.0	0.0	0.0	0.0	0.0	0.0	0.0	0.0	0.0	0.0	0.0	0.0	0.0	0.0	0.0	0.0	0.0	0.0	0.0	0.0
Sor-CBur_086-Ex1-1D-lcwgs-1-T.clmp.r1r2_fastp	98.41874949663078	1.5278933662648662	0.05167923971113318	0.001006738435931166	0.000671158957287444	0.0	0.0	0.0	0.0	0.0	0.0	0.0	0.0	0.0	0.0	0.0	0.0	0.0	0.0	0.0	0.0	0.0	0.0	0.0	0.0	0.0	0.0	0.0	0.0	0.0	0.0
Sor-CBur_087-Ex1-1C-lcwgs-1-T.clmp.r1r2_fastp	98.32261625862925	1.6211971361260156	0.05257226221730087	0.003614343027439435	0.0	0.0	0.0	0.0	0.0	0.0	0.0	0.0	0.0	0.0	0.0	0.0	0.0	0.0	0.0	0.0	0.0	0.0	0.0	0.0	0.0	0.0	0.0	0.0	0.0	0.0	0.0
Sor-CBur_088-Ex1-4F-lcwgs-1-T.clmp.r1r2_fastp	98.57882070386287	1.375726249204747	0.04390988793158475	0.0014028718189004713	0.0001402871818900471	0.0	0.0	0.0	0.0	0.0	0.0	0.0	0.0	0.0	0.0	0.0	0.0	0.0	0.0	0.0	0.0	0.0	0.0	0.0	0.0	0.0	0.0	0.0	0.0	0.0	0.0
Sor-CBur_089-Ex1-4E-lcwgs-1-T.clmp.r1r2_fastp	98.51217901909963	1.4433204944861389	0.04280911799219404	0.001633045372999228	5.832304903568671e-05	0.0	0.0	0.0	0.0	0.0	0.0	0.0	0.0	0.0	0.0	0.0	0.0	0.0	0.0	0.0	0.0	0.0	0.0	0.0	0.0	0.0	0.0	0.0	0.0	0.0	0.0
Sor-CBur_091-Ex1-7C-lcwgs-1-T.clmp.r1r2_fastp	98.47819155184855	1.473140114454495	0.04665447161293571	0.002013862084011613	0.0	0.0	0.0	0.0	0.0	0.0	0.0	0.0	0.0	0.0	0.0	0.0	0.0	0.0	0.0	0.0	0.0	0.0	0.0	0.0	0.0	0.0	0.0	0.0	0.0	0.0	0.0
Sor-CBur_093-Ex1-7G-lcwgs-1-T.clmp.r1r2_fastp	98.62583426304289	1.3362731959783736	0.03683630290267426	0.0009242083165545515	0.0	0.00013202975950779306	0.0	0.0	0.0	0.0	0.0	0.0	0.0	0.0	0.0	0.0	0.0	0.0	0.0	0.0	0.0	0.0	0.0	0.0	0.0	0.0	0.0	0.0	0.0	0.0	0.0
Sor-CBur_096-Ex1-3D-lcwgs-1-T.clmp.r1r2_fastp	98.20912170653425	1.7314754874065486	0.0570198854722977	0.002212711973551851	0.00017020861335014238	0.0	0.0	0.0	0.0	0.0	0.0	0.0	0.0	0.0	0.0	0.0	0.0	0.0	0.0	0.0	0.0	0.0	0.0	0.0	0.0	0.0	0.0	0.0	0.0	0.0	0.0
Sor-CPnd_001-Ex1-3E-lcwgs-1-T.clmp.r1r2_fastp	98.7069770386983	1.2556770052936923	0.03489068554381979	0.002390658083558023	6.461238063670332e-05	0.0	0.0	0.0	0.0	0.0	0.0	0.0	0.0	0.0	0.0	0.0	0.0	0.0	0.0	0.0	0.0	0.0	0.0	0.0	0.0	0.0	0.0	0.0	0.0	0.0	0.0
Sor-CPnd_002-Ex1-5E-lcwgs-1-T.clmp.r1r2_fastp	98.65630344422812	1.3044244885075258	0.03816233851905466	0.0011097287453036896	0.0	0.0	0.0	0.0	0.0	0.0	0.0	0.0	0.0	0.0	0.0	0.0	0.0	0.0	0.0	0.0	0.0	0.0	0.0	0.0	0.0	0.0	0.0	0.0	0.0	0.0	0.0
Sor-CPnd_003-Ex1-2B-lcwgs-1-T.clmp.r1r2_fastp	98.35906243816517	1.5897003169432298	0.049243577775197084	0.0019936671164047406	0.0	0.0	0.0	0.0	0.0	0.0	0.0	0.0	0.0	0.0	0.0	0.0	0.0	0.0	0.0	0.0	0.0	0.0	0.0	0.0	0.0	0.0	0.0	0.0	0.0	0.0	0.0
Sor-CPnd_004-Ex1-1G-lcwgs-1-T.clmp.r1r2_fastp	98.75800022917231	1.2083846633330497	0.03214117774594301	0.0014263836277785358	0.0	4.75461209259512e-05	0.0	0.0	0.0	0.0	0.0	0.0	0.0	0.0	0.0	0.0	0.0	0.0	0.0	0.0	0.0	0.0	0.0	0.0	0.0	0.0	0.0	0.0	0.0	0.0	0.0
Sor-CPnd_005-Ex1-3D-lcwgs-1-T.clmp.r1r2_fastp	98.23744042156369	1.7073477604428788	0.05343556647621304	0.0017022410373308862	7.401047988395156e-05	0.0	0.0	0.0	0.0	0.0	0.0	0.0	0.0	0.0	0.0	0.0	0.0	0.0	0.0	0.0	0.0	0.0	0.0	0.0	0.0	0.0	0.0	0.0	0.0	0.0	0.0
Sor-CPnd_006-Ex1-2D-lcwgs-1-T.clmp.r1r2_fastp	98.54006529832333	1.4144774131982925	0.04342693812450898	0.001973951732932226	5.639862094092075e-05	0.0	0.0	0.0	0.0	0.0	0.0	0.0	0.0	0.0	0.0	0.0	0.0	0.0	0.0	0.0	0.0	0.0	0.0	0.0	0.0	0.0	0.0	0.0	0.0	0.0	0.0
Sor-CPnd_007-Ex1-1C-lcwgs-1-T.clmp.r1r2_fastp	98.34079923705363	1.6128427766588693	0.04457055149282518	0.0017874347946669864	0.0	0.0	0.0	0.0	0.0	0.0	0.0	0.0	0.0	0.0	0.0	0.0	0.0	0.0	0.0	0.0	0.0	0.0	0.0	0.0	0.0	0.0	0.0	0.0	0.0	0.0	0.0
Sor-CPnd_008-Ex1-1A-lcwgs-1-T.clmp.r1r2_fastp	97.02047478902622	2.8750848081073332	0.10015974797928466	0.004015481575568901	0.00026517331159417267	0.0	0.0	0.0	0.0	0.0	0.0	0.0	0.0	0.0	0.0	0.0	0.0	0.0	0.0	0.0	0.0	0.0	0.0	0.0	0.0	0.0	0.0	0.0	0.0	0.0	0.0
Sor-CPnd_009-Ex1-6A-lcwgs-1-T.clmp.r1r2_fastp	98.11953568938263	1.81818970603547	0.05978993068154211	0.0024057953638351374	3.9439268259592416e-05	3.9439268259592416e-05	0.0	0.0	0.0	0.0	0.0	0.0	0.0	0.0	0.0	0.0	0.0	0.0	0.0	0.0	0.0	0.0	0.0	0.0	0.0	0.0	0.0	0.0	0.0	0.0	0.0
Sor-CPnd_010-Ex1-1H-lcwgs-1-T.clmp.r1r2_fastp	98.4470047295342	1.5107390984945226	0.04055621102991324	0.0015785351598469226	0.00012142578152668635	0.0	0.0	0.0	0.0	0.0	0.0	0.0	0.0	0.0	0.0	0.0	0.0	0.0	0.0	0.0	0.0	0.0	0.0	0.0	0.0	0.0	0.0	0.0	0.0	0.0	0.0
Sor-CPnd_011-Ex1-8D-lcwgs-1-T.clmp.r1r2_fastp	98.67019787271188	1.2879678765659022	0.040269583864496555	0.0014823159704722658	8.235088724845921e-05	0.0	0.0	0.0	0.0	0.0	0.0	0.0	0.0	0.0	0.0	0.0	0.0	0.0	0.0	0.0	0.0	0.0	0.0	0.0	0.0	0.0	0.0	0.0	0.0	0.0	0.0
Sor-CPnd_012-Ex1-5B-lcwgs-1-T.clmp.r1r2_fastp	98.25702277286446	1.687176798137743	0.05346017509487169	0.002193988033989263	0.0001462658689326175	0.0	0.0	0.0	0.0	0.0	0.0	0.0	0.0	0.0	0.0	0.0	0.0	0.0	0.0	0.0	0.0	0.0	0.0	0.0	0.0	0.0	0.0	0.0	0.0	0.0	0.0
Sor-CPnd_013-Ex1-7F-lcwgs-1-T.clmp.r1r2_fastp	98.78373834439313	1.1841106779854955	0.03144899121042815	0.0006317877698523511	0.0	0.0	0.0	0.0	7.019864109470569e-05	0.0	0.0	0.0	0.0	0.0	0.0	0.0	0.0	0.0	0.0	0.0	0.0	0.0	0.0	0.0	0.0	0.0	0.0	0.0	0.0	0.0	0.0
Sor-CPnd_014-Ex1-1F-lcwgs-1-T.clmp.r1r2_fastp	98.71001274505197	1.2540467613468285	0.03428170158884628	0.0015482058782059613	5.529306707878433e-05	5.529306707878433e-05	0.0	0.0	0.0	0.0	0.0	0.0	0.0	0.0	0.0	0.0	0.0	0.0	0.0	0.0	0.0	0.0	0.0	0.0	0.0	0.0	0.0	0.0	0.0	0.0	0.0
Sor-CPnd_015-Ex1-5F-lcwgs-1-T.clmp.r1r2_fastp	98.45984537314429	1.4889581800990952	0.04897319937032694	0.0019144630270871814	0.00024702748736608795	0.0	0.0	0.0	0.0	0.0	0.0	6.175687184152199e-05	0.0	0.0	0.0	0.0	0.0	0.0	0.0	0.0	0.0	0.0	0.0	0.0	0.0	0.0	0.0	0.0	0.0	0.0	0.0
Sor-CPnd_016-Ex1-1B-lcwgs-1-T.clmp.r1r2_fastp	97.85620056333889	2.08421343780421	0.05753317206037904	0.001944783280914221	0.0001080435156063456	0.0	0.0	0.0	0.0	0.0	0.0	0.0	0.0	0.0	0.0	0.0	0.0	0.0	0.0	0.0	0.0	0.0	0.0	0.0	0.0	0.0	0.0	0.0	0.0	0.0	0.0
Sor-CPnd_017-Ex1-3G-lcwgs-1-T.clmp.r1r2_fastp	98.62811389230141	1.3299200978670345	0.04058630539872596	0.0013222167481171346	5.748768470074498e-05	0.0	0.0	0.0	0.0	0.0	0.0	0.0	0.0	0.0	0.0	0.0	0.0	0.0	0.0	0.0	0.0	0.0	0.0	0.0	0.0	0.0	0.0	0.0	0.0	0.0	0.0
Sor-CPnd_018-Ex1-1E-lcwgs-1-T.clmp.r1r2_fastp	98.68807348677774	1.2752775893579922	0.03564304647896995	0.0010058773852960844	0.0	0.0	0.0	0.0	0.0	0.0	0.0	0.0	0.0	0.0	0.0	0.0	0.0	0.0	0.0	0.0	0.0	0.0	0.0	0.0	0.0	0.0	0.0	0.0	0.0	0.0	0.0
Sor-CPnd_019-Ex1-6G-lcwgs-1-T.clmp.r1r2_fastp	98.48492279923879	1.4630255439367483	0.05021237566459359	0.0017166624158835417	0.00012261874399168153	0.0	0.0	0.0	0.0	0.0	0.0	0.0	0.0	0.0	0.0	0.0	0.0	0.0	0.0	0.0	0.0	0.0	0.0	0.0	0.0	0.0	0.0	0.0	0.0	0.0	0.0
Sor-CPnd_020-Ex1-2E-lcwgs-1-T.clmp.r1r2_fastp	98.50362461559025	1.44807417930987	0.045820325592651735	0.0021770983430762702	0.00020252077610011818	5.0630194025029545e-05	5.0630194025029545e-05	0.0	0.0	0.0	0.0	0.0	0.0	0.0	0.0	0.0	0.0	0.0	0.0	0.0	0.0	0.0	0.0	0.0	0.0	0.0	0.0	0.0	0.0	0.0	0.0
Sor-CPnd_021-Ex1-4D-lcwgs-1-T.clmp.r1r2_fastp	98.65560807217189	1.3072623455860954	0.03532327824106131	0.0017059537786876199	0.0	0.0	0.0	0.0	0.00010035022227574234	0.0	0.0	0.0	0.0	0.0	0.0	0.0	0.0	0.0	0.0	0.0	0.0	0.0	0.0	0.0	0.0	0.0	0.0	0.0	0.0	0.0	0.0
Sor-CPnd_022-Ex1-7C-lcwgs-1-T.clmp.r1r2_fastp	98.43404099667544	1.5193387213139402	0.044712833649184346	0.0019074483614457559	0.0	0.0	0.0	0.0	0.0	0.0	0.0	0.0	0.0	0.0	0.0	0.0	0.0	0.0	0.0	0.0	0.0	0.0	0.0	0.0	0.0	0.0	0.0	0.0	0.0	0.0	0.0
Sor-CPnd_023-Ex1-4A-lcwgs-1-T.clmp.r1r2_fastp	98.4367150283609	1.5173174206923863	0.04503577626536943	0.000854126791239765	7.764789011270591e-05	0.0	0.0	0.0	0.0	0.0	0.0	0.0	0.0	0.0	0.0	0.0	0.0	0.0	0.0	0.0	0.0	0.0	0.0	0.0	0.0	0.0	0.0	0.0	0.0	0.0	0.0
Sor-CPnd_024-Ex1-5G-lcwgs-1-T.clmp.r1r2_fastp	98.5858530154583	1.3710727351179586	0.04098760758315454	0.0019375959948400327	0.0	0.00014904584575692561	0.0	0.0	0.0	0.0	0.0	0.0	0.0	0.0	0.0	0.0	0.0	0.0	0.0	0.0	0.0	0.0	0.0	0.0	0.0	0.0	0.0	0.0	0.0	0.0	0.0
Sor-CPnd_025-Ex1-4B-lcwgs-1-T.clmp.r1r2_fastp	98.43123538481917	1.526601901737502	0.04103722006598854	0.0009523405500545865	8.657641364132603e-05	0.0	0.0	0.0	0.0	0.0	8.657641364132603e-05	0.0	0.0	0.0	0.0	0.0	0.0	0.0	0.0	0.0	0.0	0.0	0.0	0.0	0.0	0.0	0.0	0.0	0.0	0.0	0.0
Sor-CPnd_026-Ex1-3H-lcwgs-1-T.clmp.r1r2_fastp	98.3665269365813	1.5831554333790878	0.04905968928863451	0.0011839442362264736	7.39965147641546e-05	0.0	0.0	0.0	0.0	0.0	0.0	0.0	0.0	0.0	0.0	0.0	0.0	0.0	0.0	0.0	0.0	0.0	0.0	0.0	0.0	0.0	0.0	0.0	0.0	0.0	0.0
Sor-CPnd_027-Ex1-3C-lcwgs-1-T.clmp.r1r2_fastp	98.15470529775483	1.7872817695049492	0.05559572720937765	0.0022100164853417203	0.00020718904550078628	0.0	0.0	0.0	0.0	0.0	0.0	0.0	0.0	0.0	0.0	0.0	0.0	0.0	0.0	0.0	0.0	0.0	0.0	0.0	0.0	0.0	0.0	0.0	0.0	0.0	0.0
Sor-CPnd_028-Ex1-3A-lcwgs-1-T.clmp.r1r2_fastp	98.07385129621595	1.8643758355532958	0.05922081117460716	0.0024866196957293615	6.543736041393057e-05	0.0	0.0	0.0	0.0	0.0	0.0	0.0	0.0	0.0	0.0	0.0	0.0	0.0	0.0	0.0	0.0	0.0	0.0	0.0	0.0	0.0	0.0	0.0	0.0	0.0	0.0
Sor-CPnd_029-Ex1-8E-lcwgs-1-T.clmp.r1r2_fastp	98.56095227479611	1.3934403388508054	0.04407475524345613	0.0014861877426665922	4.6443366958331007e-05	0.0	0.0	0.0	0.0	0.0	0.0	0.0	0.0	0.0	0.0	0.0	0.0	0.0	0.0	0.0	0.0	0.0	0.0	0.0	0.0	0.0	0.0	0.0	0.0	0.0	0.0
Sor-CPnd_030-Ex1-2H-lcwgs-1-T.clmp.r1r2_fastp	98.44644924498391	1.5028137849085623	0.04844651865260376	0.0022904514549225274	0.0	0.0	0.0	0.0	0.0	0.0	0.0	0.0	0.0	0.0	0.0	0.0	0.0	0.0	0.0	0.0	0.0	0.0	0.0	0.0	0.0	0.0	0.0	0.0	0.0	0.0	0.0
Sor-CPnd_031-Ex1-5D-lcwgs-1-T.clmp.r1r2_fastp	98.40932606746223	1.5400703593847003	0.048285852245292124	0.002152169414361592	0.00016555149341243014	0.0	0.0	0.0	0.0	0.0	0.0	0.0	0.0	0.0	0.0	0.0	0.0	0.0	0.0	0.0	0.0	0.0	0.0	0.0	0.0	0.0	0.0	0.0	0.0	0.0	0.0
Sor-CPnd_032-Ex1-4F-lcwgs-1-T.clmp.r1r2_fastp	98.79757165264161	1.1680079998760216	0.03303374580654949	0.0013050368713698563	8.156480446061602e-05	0.0	0.0	0.0	0.0	0.0	0.0	0.0	0.0	0.0	0.0	0.0	0.0	0.0	0.0	0.0	0.0	0.0	0.0	0.0	0.0	0.0	0.0	0.0	0.0	0.0	0.0
Sor-CPnd_033-Ex1-2F-lcwgs-1-T.clmp.r1r2_fastp	98.40227505507147	1.5465133726354063	0.04903698323609296	0.0020658596041813	0.00010872945285164737	0.0	0.0	0.0	0.0	0.0	0.0	0.0	0.0	0.0	0.0	0.0	0.0	0.0	0.0	0.0	0.0	0.0	0.0	0.0	0.0	0.0	0.0	0.0	0.0	0.0	0.0
Sor-CPnd_034-Ex1-4G-lcwgs-1-T.clmp.r1r2_fastp	98.65879551492863	1.3016851111388	0.038134937266140326	0.001321507727044467	0.0	0.0	6.292893938306984e-05	0.0	0.0	0.0	0.0	0.0	0.0	0.0	0.0	0.0	0.0	0.0	0.0	0.0	0.0	0.0	0.0	0.0	0.0	0.0	0.0	0.0	0.0	0.0	0.0
Sor-CPnd_035-Ex1-4C-lcwgs-1-T.clmp.r1r2_fastp	98.44771562728751	1.504436628519398	0.04633018514220421	0.0015175590509007159	0.0	0.0	0.0	0.0	0.0	0.0	0.0	0.0	0.0	0.0	0.0	0.0	0.0	0.0	0.0	0.0	0.0	0.0	0.0	0.0	0.0	0.0	0.0	0.0	0.0	0.0	0.0
Sor-CPnd_036-Ex1-5C-lcwgs-1-T.clmp.r1r2_fastp	98.47581056931325	1.4724278784784275	0.04946387541485831	0.0022338524380903753	6.382435537401073e-05	0.0	0.0	0.0	0.0	0.0	0.0	0.0	0.0	0.0	0.0	0.0	0.0	0.0	0.0	0.0	0.0	0.0	0.0	0.0	0.0	0.0	0.0	0.0	0.0	0.0	0.0
Sor-CPnd_037-Ex1-6C-lcwgs-1-T.clmp.r1r2_fastp	97.99860569847894	1.9261872017915207	0.07184463625430534	0.0032503813593991503	0.00011208211584135001	0.0	0.0	0.0	0.0	0.0	0.0	0.0	0.0	0.0	0.0	0.0	0.0	0.0	0.0	0.0	0.0	0.0	0.0	0.0	0.0	0.0	0.0	0.0	0.0	0.0	0.0
Sor-CPnd_038-Ex1-2A-lcwgs-1-T.clmp.r1r2_fastp	98.01259478386463	1.9239343958180812	0.06062192128425719	0.0027163921012617973	0.00013250693176886815	0.0	0.0	0.0	0.0	0.0	0.0	0.0	0.0	0.0	0.0	0.0	0.0	0.0	0.0	0.0	0.0	0.0	0.0	0.0	0.0	0.0	0.0	0.0	0.0	0.0	0.0
Sor-CPnd_039-Ex1-5H-lcwgs-1-T.clmp.r1r2_fastp	98.52400469904072	1.4254514064670223	0.04843451847813388	0.002109376014123084	0.0	0.0	0.0	0.0	0.0	0.0	0.0	0.0	0.0	0.0	0.0	0.0	0.0	0.0	0.0	0.0	0.0	0.0	0.0	0.0	0.0	0.0	0.0	0.0	0.0	0.0	0.0
Sor-CPnd_040-Ex1-6F-lcwgs-1-T.clmp.r1r2_fastp	99.13144753829403	0.8422263080412711	0.02506249828880001	0.0010530461465882359	0.00021060922931764718	0.0	0.0	0.0	0.0	0.0	0.0	0.0	0.0	0.0	0.0	0.0	0.0	0.0	0.0	0.0	0.0	0.0	0.0	0.0	0.0	0.0	0.0	0.0	0.0	0.0	0.0
Sor-CPnd_041-Ex1-7A-lcwgs-1-T.clmp.r1r2_fastp	98.89097911647818	1.084899725337957	0.023384634269843947	0.000675146921176597	0.0	0.0	0.0	0.0	0.0	0.0	0.0	6.137699283423609e-05	0.0	0.0	0.0	0.0	0.0	0.0	0.0	0.0	0.0	0.0	0.0	0.0	0.0	0.0	0.0	0.0	0.0	0.0	0.0
Sor-CPnd_042-Ex1-4E-lcwgs-1-T.clmp.r1r2_fastp	98.68633136670255	1.278537784955797	0.03352302919558397	0.001447037231464056	8.039095730355867e-05	0.0	0.0	0.0	0.0	0.0	8.039095730355867e-05	0.0	0.0	0.0	0.0	0.0	0.0	0.0	0.0	0.0	0.0	0.0	0.0	0.0	0.0	0.0	0.0	0.0	0.0	0.0	0.0
Sor-CPnd_043-Ex1-1D-lcwgs-1-T.clmp.r1r2_fastp	98.50742769575609	1.4501446656679209	0.041169676246240405	0.0012007822238486786	0.0	0.0	0.0	0.0	0.0	5.7180105897556117e-05	0.0	0.0	0.0	0.0	0.0	0.0	0.0	0.0	0.0	0.0	0.0	0.0	0.0	0.0	0.0	0.0	0.0	0.0	0.0	0.0	0.0
Sor-CPnd_044-Ex1-8G-lcwgs-1-T.clmp.r1r2_fastp	98.69817429231283	1.2663399408064724	0.03379318918407833	0.0015758482002938082	5.836474815902994e-05	5.836474815902994e-05	0.0	0.0	0.0	0.0	0.0	0.0	0.0	0.0	0.0	0.0	0.0	0.0	0.0	0.0	0.0	0.0	0.0	0.0	0.0	0.0	0.0	0.0	0.0	0.0	0.0
Sor-CPnd_045-Ex1-7B-lcwgs-1-T.clmp.r1r2_fastp	98.27149288291004	1.6796464808747875	0.046376197085587274	0.0023188098542793636	0.00016562927530566884	0.0	0.0	0.0	0.0	0.0	0.0	0.0	0.0	0.0	0.0	0.0	0.0	0.0	0.0	0.0	0.0	0.0	0.0	0.0	0.0	0.0	0.0	0.0	0.0	0.0	0.0
Sor-CPnd_046-Ex1-5A-lcwgs-1-T.clmp.r1r2_fastp	98.45699891965397	1.4992510589558632	0.04175360581173687	0.0019393751333320404	5.7040445098001183e-05	0.0	0.0	0.0	0.0	0.0	0.0	0.0	0.0	0.0	0.0	0.0	0.0	0.0	0.0	0.0	0.0	0.0	0.0	0.0	0.0	0.0	0.0	0.0	0.0	0.0	0.0
Sor-CPnd_047-Ex1-4H-lcwgs-1-T.clmp.r1r2_fastp	98.55306488216564	1.4035939335550751	0.041607536908114216	0.0016510927344489765	0.0	8.255463672244884e-05	0.0	0.0	0.0	0.0	0.0	0.0	0.0	0.0	0.0	0.0	0.0	0.0	0.0	0.0	0.0	0.0	0.0	0.0	0.0	0.0	0.0	0.0	0.0	0.0	0.0
Sor-CPnd_048-Ex1-8A-lcwgs-1-T.clmp.r1r2_fastp	98.58191137620281	1.3817792370020583	0.03515365034542073	0.0011557364497124625	0.0	0.0	0.0	0.0	0.0	0.0	0.0	0.0	0.0	0.0	0.0	0.0	0.0	0.0	0.0	0.0	0.0	0.0	0.0	0.0	0.0	0.0	0.0	0.0	0.0	0.0	0.0
Sor-CPnd_049-Ex1-3B-lcwgs-1-T.clmp.r1r2_fastp	98.2735200562904	1.6719185007932666	0.05229395437954782	0.0019840524696847412	0.00028343606709782017	0.0	0.0	0.0	0.0	0.0	0.0	0.0	0.0	0.0	0.0	0.0	0.0	0.0	0.0	0.0	0.0	0.0	0.0	0.0	0.0	0.0	0.0	0.0	0.0	0.0	0.0
Sor-CPnd_050-Ex1-3F-lcwgs-1-T.clmp.r1r2_fastp	98.4594733508223	1.491433921555375	0.04647305165529465	0.0024624954090178676	0.0001571805580224171	0.0	0.0	0.0	0.0	0.0	0.0	0.0	0.0	0.0	0.0	0.0	0.0	0.0	0.0	0.0	0.0	0.0	0.0	0.0	0.0	0.0	0.0	0.0	0.0	0.0	0.0
Sor-CPnd_051-Ex1-6H-lcwgs-1-T.clmp.r1r2_fastp	98.39023380922822	1.5582562862774565	0.0485695928212835	0.002722510808367909	0.00021780086466943272	0.0	0.0	0.0	0.0	0.0	0.0	0.0	0.0	0.0	0.0	0.0	0.0	0.0	0.0	0.0	0.0	0.0	0.0	0.0	0.0	0.0	0.0	0.0	0.0	0.0	0.0
Sor-CPnd_052-Ex1-6D-lcwgs-1-T.clmp.r1r2_fastp	98.63206558836687	1.3241124195271843	0.041556839432474714	0.0020909101601245136	0.00017424251334370946	0.0	0.0	0.0	0.0	0.0	0.0	0.0	0.0	0.0	0.0	0.0	0.0	0.0	0.0	0.0	0.0	0.0	0.0	0.0	0.0	0.0	0.0	0.0	0.0	0.0	0.0
Sor-CPnd_053-Ex1-2C-lcwgs-1-T.clmp.r1r2_fastp	98.27226342527798	1.6724155031242078	0.0526762394895474	0.002497896991136139	0.00014693511712565523	0.0	0.0	0.0	0.0	0.0	0.0	0.0	0.0	0.0	0.0	0.0	0.0	0.0	0.0	0.0	0.0	0.0	0.0	0.0	0.0	0.0	0.0	0.0	0.0	0.0	0.0
Sor-CPnd_054-Ex1-8F-lcwgs-1-T.clmp.r1r2_fastp	98.602467554808	1.357155144402607	0.03851373306064718	0.0017680001529081213	9.556757583287142e-05	0.0	0.0	0.0	0.0	0.0	0.0	0.0	0.0	0.0	0.0	0.0	0.0	0.0	0.0	0.0	0.0	0.0	0.0	0.0	0.0	0.0	0.0	0.0	0.0	0.0	0.0
Sor-CPnd_055-Ex1-7G-lcwgs-1-T.clmp.r1r2_fastp	98.90124434062743	1.0687103342119029	0.028728097961559545	0.0011917769896716843	0.00012545020943912467	0.0	0.0	0.0	0.0	0.0	0.0	0.0	0.0	0.0	0.0	0.0	0.0	0.0	0.0	0.0	0.0	0.0	0.0	0.0	0.0	0.0	0.0	0.0	0.0	0.0	0.0
Sor-CPnd_056-Ex1-7E-lcwgs-1-T.clmp.r1r2_fastp	98.91737087259057	1.0548787686630292	0.026168101449469395	0.0014605451971796872	0.00012171209976497393	0.0	0.0	0.0	0.0	0.0	0.0	0.0	0.0	0.0	0.0	0.0	0.0	0.0	0.0	0.0	0.0	0.0	0.0	0.0	0.0	0.0	0.0	0.0	0.0	0.0	0.0
Sor-CPnd_057-Ex1-6E-lcwgs-1-T.clmp.r1r2_fastp	98.88002390151489	1.0842596302055394	0.03340779922727489	0.0017654528046933883	0.0005432162475979657	0.0	0.0	0.0	0.0	0.0	0.0	0.0	0.0	0.0	0.0	0.0	0.0	0.0	0.0	0.0	0.0	0.0	0.0	0.0	0.0	0.0	0.0	0.0	0.0	0.0	0.0
Sor-CPnd_058-Ex1-2G-lcwgs-1-T.clmp.r1r2_fastp	98.55461376738572	1.4011898245955057	0.04220143126793561	0.001943823500826125	0.0	5.115325002174013e-05	0.0	0.0	0.0	0.0	0.0	0.0	0.0	0.0	0.0	0.0	0.0	0.0	0.0	0.0	0.0	0.0	0.0	0.0	0.0	0.0	0.0	0.0	0.0	0.0	0.0
Sor-CPnd_060-Ex1-7H-lcwgs-1-T.clmp.r1r2_fastp	98.59289736180517	1.3688455900694234	0.03601487680669961	0.0021020356112859693	0.0	0.0	0.0	0.0	0.0	0.00014013570741906462	0.0	0.0	0.0	0.0	0.0	0.0	0.0	0.0	0.0	0.0	0.0	0.0	0.0	0.0	0.0	0.0	0.0	0.0	0.0	0.0	0.0
Sor-CPnd_063-Ex1-7D-lcwgs-1-T.clmp.r1r2_fastp	98.80144437216155	1.1648897179879971	0.03169642335097049	0.0019079400463690977	0.0	6.154645310868056e-05	0.0	0.0	0.0	0.0	0.0	0.0	0.0	0.0	0.0	0.0	0.0	0.0	0.0	0.0	0.0	0.0	0.0	0.0	0.0	0.0	0.0	0.0	0.0	0.0	0.0
Sor-CPnd_066-Ex1-8B-lcwgs-1-T.clmp.r1r2_fastp	98.38563784705711	1.5648602471195139	0.047626833633094875	0.0015000577522234606	0.0002250086628335191	7.500288761117302e-05	0.0	0.0	0.0	0.0	0.0	0.0	0.0	0.0	0.0	0.0	0.0	0.0	7.500288761117302e-05	0.0	0.0	0.0	0.0	0.0	0.0	0.0	0.0	0.0	0.0	0.0	0.0
Sor-CPnd_068-Ex1-8H-lcwgs-1-T.clmp.r1r2_fastp	98.46116382670904	1.490645226640692	0.045939989481891055	0.0021486409334514744	0.00010231623492626068	0.0	0.0	0.0	0.0	0.0	0.0	0.0	0.0	0.0	0.0	0.0	0.0	0.0	0.0	0.0	0.0	0.0	0.0	0.0	0.0	0.0	0.0	0.0	0.0	0.0	0.0
Sor-CPnd_069-Ex1-6B-lcwgs-1-T.clmp.r1r2_fastp	97.99735759003109	1.9264135755589877	0.07302892998040236	0.003057686454875659	0.0001422179746453795	0.0	0.0	0.0	0.0	0.0	0.0	0.0	0.0	0.0	0.0	0.0	0.0	0.0	0.0	0.0	0.0	0.0	0.0	0.0	0.0	0.0	0.0	0.0	0.0	0.0	0.0
Sor-CPnd_072-Ex1-8C-lcwgs-1-T.clmp.r1r2_fastp	98.15337699335012	1.7905348150300215	0.05422194783394667	0.0018158047646717023	5.043902124088062e-05	0.0	0.0	0.0	0.0	0.0	0.0	0.0	0.0	0.0	0.0	0.0	0.0	0.0	0.0	0.0	0.0	0.0	0.0	0.0	0.0	0.0	0.0	0.0	0.0	0.0	0.0
