Sample	1	2	3	4	5	6	7	8	9	12	17	22	27	32	37	42	47	52	57	62	67	72	77	82	87	92	97	102	107	112	117	122	127	132	137	142	147	150
Sor-ACeb_001-Ex1-8E-lcwgs-1-2.clmp.r1	0.0	0.05810625143118846	0.005295397297916189	0.00028623769177925346	0.00042935653766888027	0.0007155942294481337	0.0067265857568124575	0.020895351499885507	0.0	0.00455117929929013	0.0028337531486146094	0.0	0.0010018319212273872	0.011593489325402051	0.010989256925383805	0.001415786423128287	0.0477807190572914	0.0023478509788883045	0.0015650236005558965	0.001555563572408009	0.08117778864275237	0.0	0.0048187395426659224	0.005992787989626278	0.0	0.0027851253782823254	0.0031769676902385904	0.0	0.00012271052831790862	0.00014317991128572698	0.06913882277858292	0.0	0.0011144296349128516	0.07407695196653587	0.03547239916669923	0.00035046278610905703	0.0008096248198584775	0.0
Sor-ACeb_001-Ex1-8E-lcwgs-1-2.clmp.r2	0.14039958781772383	0.01889168765743073	0.0	0.0	0.0021467826883444013	0.055530112205175175	0.0	0.0007155942294481337	0.0007155942294481337	0.0051522784520265635	0.0	0.0028051293794366843	0.005324021067094115	0.0523282342885049	0.004619557888225063	0.004623236560323558	0.00046932657503065287	3.010290980746781e-05	3.130490097007627e-05	0.029063147134996	0.0034644205792296917	0.0007098995492137863	0.02783708524304363	0.11310371042144818	0.0558879751164282	7.318335137302945e-05	0.028966341815159523	0.0003123558607850752	0.000244261980744828	0.00455164840791873	0.03363372869451672	0.0013357682480254483	0.0002203244939146375	0.0012754939350263388	0.0002951184457882171	0.004466632537012923	0.008357244337966961	0.0
Sor-ACeb_002-Ex1-9E-lcwgs-1-2.clmp.r1	0.0	0.04556888192191316	0.00273413291531479	0.0009113776384382633	0.0	0.0	0.00546826583062958	0.00546826583062958	0.0	0.006561918996755496	0.00273413291531479	0.0	0.0009113776384382633	0.008021570732934564	0.011004449465733979	0.0009330325236477094	0.04395578972938271	0.00283283252901124	0.0025890973112224426	0.002338590484743036	0.13232528805899696	0.0	0.005347522091950642	0.005441944173426986	0.0	0.0010234209893410704	0.0034952813701502974	0.0	0.0	0.0	0.10202163932665718	0.0	0.0	0.09584511429529881	0.04064614254995542	0.0	0.0	0.0
Sor-ACeb_002-Ex1-9E-lcwgs-1-2.clmp.r2	0.08566949801319675	0.016404797491888737	0.0	0.0	0.0009113776384382633	0.02551857387627137	0.0	0.0009113776384382633	0.0	0.005650541358317232	0.0	0.0029164084430024426	0.006197367941380191	0.037920152555690666	0.004768769694101766	0.0007465151738540526	0.0005784872173607871	0.0	0.0002157436792495572	0.04114206636028295	0.0025776251823669814	0.0011618348858351995	0.05644000494267499	0.08230740261908367	0.10161100442701688	0.0	0.044735710716817145	0.0	0.0	0.0	0.05605879945186951	0.001965988400668436	0.0010809642200843152	0.0	0.0	0.0	0.004665847551207677	0.0
Sor-ACeb_003-Ex1-10E-lcwgs-1-2.clmp.r1	0.0	0.05330310574931347	0.0037109757167243557	0.0006747228575862465	0.0010120842863793696	0.00033736142879312324	0.00843403571982808	0.06646020147224528	0.0	0.005667672003724471	0.0025639468588277365	0.0	0.0010795565721379943	0.019574649613771915	0.008603466240954412	0.00119733908995186	0.03502340470622353	0.0022470791983063444	0.001238227989613036	0.0014895715098594737	0.06080792862782825	0.0	0.004502056974307227	0.005023882046692332	0.0	0.002219041595934716	0.0027657639904442853	0.0	0.0	0.0	0.03788288775841541	0.0	0.0	0.05187202430574853	0.020974131903985085	0.0	0.0	0.0
Sor-ACeb_003-Ex1-10E-lcwgs-1-2.clmp.r2	0.23210466300966878	0.014506541438104299	0.0	0.0	0.0010120842863793696	0.08096674291034957	0.0	0.0006747228575862465	0.00033736142879312324	0.004992949146138224	0.0	0.0033736142879312323	0.005870088861000344	0.053323793549170946	0.003687018553896701	0.013662318199616328	0.0008179223137386411	0.0	8.842147333164153e-05	0.01985424995110891	0.003515895249004775	0.0010529779532741034	0.01938576588508428	0.09101800856312285	0.03607503607503607	0.00027670401248488505	0.014812926517549873	0.0	0.0016442410457373053	0.011895348918572838	0.024978144123891592	0.0	0.0	0.0	0.0	0.011327594019030359	0.028433323855558714	0.0
Sor-ACeb_004-Ex1-11E-lcwgs-1-2.clmp.r1	0.0	0.05266152276435379	0.007993266848160844	0.0	0.0	0.0004701921675388731	0.004231729507849859	0.003291345172772112	0.0	0.009027689616746364	0.0028211530052332386	0.0	0.0015986533696321686	0.008091018311103418	0.010590026675418545	0.0018810707846936279	0.06595722263196713	0.0019486049707766566	0.0008916924832871353	0.0018864502085978595	0.14494958386820528	0.0	0.003972341156008024	0.004137445954612217	0.0	0.0028737559031735845	0.004331504475887959	0.0	0.0	0.0	0.01169214580105814	0.0	0.0	0.02205363443895554	0.020737207734978485	0.0	0.0	0.0
Sor-ACeb_004-Ex1-11E-lcwgs-1-2.clmp.r2	0.09591920217793012	0.01786730236647718	0.0	0.0	0.003291345172772112	0.05783363660728139	0.0	0.0	0.0004701921675388731	0.01015615081883966	0.0	0.0034794220397876613	0.010062112385331884	0.052685551928197114	0.004960979984353833	0.0007920133375046035	0.0002107357205475757	0.0	0.0	0.029452303228146536	0.002562530002955451	0.0006361404089110549	0.04616439054507967	0.2215163765365894	0.057500757402449656	0.0	0.0028412319581770655	0.0	0.0	0.0049448647579488705	0.04790486657085693	0.0	0.0	0.0	0.0	0.005666364460562103	0.006724949562878279	0.0
Sor-ACeb_005-Ex1-12E-lcwgs-1-2.clmp.r1	0.0	0.05478131299850995	0.002191252519940398	0.0	0.0	0.0	0.008765010079761592	0.006573757559821194	0.0	0.0030677535279165576	0.0013147515119642387	0.0	0.0008765010079761591	0.007012807139037667	0.006599498438118703	0.0017809359708995062	0.030503906321137843	0.003298292897833022	0.0019729508439297236	0.0020959087860496313	0.1210263486803038	0.0	0.004183312765378903	0.005545213292668436	0.0	0.002028479857195018	0.0011370225926389157	0.0	0.0	0.0	0.07980845969672785	0.0	0.0	0.10466448121963742	0.04625152419795652	0.0	0.0	0.0
Sor-ACeb_005-Ex1-12E-lcwgs-1-2.clmp.r2	0.1161363835568411	0.006573757559821194	0.0	0.0	0.0	0.03067753527916557	0.0	0.004382505039880796	0.002191252519940398	0.0035060040319046365	0.0	0.004382505039880796	0.005259006047856955	0.03594063658756804	0.0035197325003299747	0.0022262988227331826	0.0004553340102632286	0.0	0.0	0.04190302592225941	0.0022613434641520526	0.0012437888295325221	0.039716825998494944	0.08074922615324936	0.07631668731706441	0.0	0.043146026591577444	0.0	0.0	0.0014752526370140886	0.04451085746987569	0.0017143542884572526	0.0018433859312785724	0.0	0.0	0.0	0.009567775731336858	0.0
Sor-ACeb_006-Ex1-1F-lcwgs-1-2.clmp.r1	0.0	0.05238344683080147	0.0030813792253412626	0.0	0.0	0.0	0.0030813792253412626	0.0030813792253412626	0.0	0.006162758450682525	0.00246510338027301	0.0	0.0006162758450682525	0.011712128216982585	0.011790477017878087	0.0006325070682664879	0.058768601894960915	0.0020524609006198433	0.002898130705694827	0.0007757590802600344	0.12281188751776988	0.0	0.0010315659170621002	0.0046308623823471525	0.0	0.004414491303452132	0.0	0.0	0.0	0.0	0.06644341678626481	0.0	0.0	0.06793478260869565	0.051269916390597886	0.0	0.0	0.0
Sor-ACeb_006-Ex1-1F-lcwgs-1-2.clmp.r2	0.07395310140819031	0.01232551690136505	0.0	0.0	0.0030813792253412626	0.015406896126706314	0.0	0.0	0.0	0.006162758450682525	0.0	0.0030813792253412626	0.006779034295750779	0.028356203227675653	0.005585898709036743	0.0006326071003820948	0.0	0.0	0.0	0.049659367774174026	0.0016826235466339116	0.0009249410350090181	0.041267745130406076	0.1701960148661009	0.06777363605557439	0.0	0.04825050330266376	0.0	0.0	0.0	0.03705860553761449	0.0	0.0	0.0	0.0	0.0	0.004693733865289838	0.0
Sor-ACeb_007-Ex1-2F-lcwgs-1-2.clmp.r1	0.0	0.03604902667627974	0.00600817111271329	0.0	0.0	0.0	0.0	0.0	0.0	0.009613073780341265	0.0024032684450853163	0.0	0.0012016342225426582	0.008413562663012778	0.004847368484833796	0.001237286877335379	0.016681423310364298	0.0	0.0	0.0	0.18788401970243235	0.0	0.006299212598425197	0.004746084480303749	0.0	0.0	0.0	0.0	0.0	0.0	0.13467315860354295	0.0	0.0	0.09635237439779766	0.030025521693439427	0.0	0.0	0.0
Sor-ACeb_007-Ex1-2F-lcwgs-1-2.clmp.r2	0.07810622446527277	0.01201634222542658	0.0	0.0	0.0	0.01201634222542658	0.0	0.0	0.0	0.009613073780341265	0.0	0.0012016342225426582	0.009613073780341265	0.03125037560547603	0.0036355704209990545	0.0	0.0	0.0	0.0	0.029442757081757885	0.003384839304754007	0.0	0.0649663641888635	0.07580603131736668	0.0990178499745765	0.0	0.06157003591585428	0.0	0.0	0.0	0.06701376359606165	0.0	0.006180469715698394	0.0	0.0	0.0	0.00889521437466643	0.0
Sor-ACeb_008-Ex1-3F-lcwgs-1-2.clmp.r1	0.0	0.0680786686838124	0.0075642965204236	0.0	0.0	0.0025214321734745334	0.01260716086737267	0.0025214321734745334	0.0	0.0045385779122541605	0.0025214321734745334	0.0	0.002017145738779627	0.012107087186161599	0.012741905067710483	0.002618939120141213	0.06210429124164614	0.0023489341711198544	0.0019126919864581407	0.0028165840468679587	0.1284658186346369	0.0	0.004111630775556355	0.008326691805345737	0.0	0.0032204563386631887	0.001892326615573848	0.0	0.0	0.0	0.07148449467270314	0.0	0.0	0.07419131467009595	0.08361204013377926	0.0	0.0	0.0
Sor-ACeb_008-Ex1-3F-lcwgs-1-2.clmp.r2	0.09833585476550681	0.017650025214321734	0.0	0.0	0.0075642965204236	0.0075642965204236	0.0	0.0	0.0	0.007060010085728694	0.0	0.003530005042864347	0.008068582955118508	0.030267717965403996	0.007645766539067319	0.001047531753306272	0.0005495683140892829	0.0	0.0	0.03237498680367386	0.003151616385253587	0.0017865597112919505	0.03696591947590541	0.1817469085207227	0.06746987951807229	0.0	0.03208636895549432	0.0	0.0	0.0	0.037086985839514496	0.0	0.0	0.0	0.0	0.0	0.0068180268630258405	0.0
Sor-ACeb_009-Ex1-4F-lcwgs-1-2.clmp.r1	0.0	0.051497725517123	0.008582954252853832	0.0	0.0	0.0	0.017165908505707664	0.0	0.0	0.008582954252853832	0.0	0.0	0.0	0.010304674887507298	0.013926364348507267	0.0036049026676279743	0.06709736786611199	0.004188218541243482	0.0023240140370447836	0.005230672664504655	0.12019591934853813	0.0	0.004149721968628102	0.005043627376809402	0.0	0.0	0.009357162908206233	0.0	0.0	0.0	0.10550749103186326	0.0	0.0	0.21443888491779842	0.0	0.0	0.0	0.0
Sor-ACeb_009-Ex1-4F-lcwgs-1-2.clmp.r2	0.12016135953995366	0.0	0.0	0.0	0.008582954252853832	0.008582954252853832	0.0	0.0	0.0	0.01888249935627843	0.0	0.003433181701141533	0.017165908505707664	0.034349506225848	0.010444773261380451	0.0	0.001918354818907305	0.0	0.0	0.06015116248659676	0.003002101471029721	0.0034923517496682262	0.03729178751968178	0.1660126773317235	0.05499877780493767	0.0	0.018616773713115518	0.0	0.0	0.0	0.06188118811881188	0.0	0.0	0.0	0.0	0.0	0.0	0.0
Sor-ACeb_010-Ex1-5F-lcwgs-1-2.clmp.r1	0.0	0.04859929878154615	0.0	0.0	0.0	0.0017356892421980766	0.008678446210990384	0.006942756968792306	0.0	0.006942756968792306	0.003818516332835769	0.0	0.0017356892421980766	0.010069654228907546	0.007703108204160379	0.0014311935796656016	0.03709845559129374	0.0019531021120846239	0.0016665763937786704	0.0018072398026494135	0.15914272458331047	0.0	0.0019336874129840663	0.0029927127444672225	0.0	0.0010426876316393134	0.0024872218975015856	0.0	0.0	0.0	0.10479739170936189	0.0	0.0	0.11130259945425823	0.05719655186501613	0.0	0.005250721974271462	0.0
Sor-ACeb_010-Ex1-5F-lcwgs-1-2.clmp.r2	0.09372721907869615	0.01562120317978269	0.0	0.0	0.0	0.00520706772659423	0.0	0.0	0.0	0.005901343423473462	0.0	0.0024299649390773074	0.007289894817231923	0.031597990228929174	0.005602495911928764	0.0	0.0007419415869388603	0.0	0.0	0.053755426361841774	0.001994405692033845	0.0	0.057954962554654744	0.1000963614225635	0.11234278592555534	0.0	0.05455199176760851	0.0	0.0	0.0	0.0761157882597163	0.0	0.0	0.0	0.0	0.0	0.015399620142703145	0.0
Sor-ACeb_011-Ex1-6F-lcwgs-1-2.clmp.r1	0.0	0.025842464337399215	0.0051684928674798425	0.0	0.0051684928674798425	0.0	0.01550547860243953	0.0	0.0	0.004134794293983874	0.002067397146991937	0.0	0.0	0.008270871026104937	0.005196208846025939	0.0021051745189676224	0.04736377532347306	0.0	0.0	0.0	0.10989151407505846	0.0	0.0057986141312226375	0.003108003108003108	0.0	0.0	0.0	0.0	0.0	0.0	0.06726289828355048	0.0	0.0	0.08493937086286685	0.0245745530503164	0.0	0.0	0.0
Sor-ACeb_011-Ex1-6F-lcwgs-1-2.clmp.r2	0.056853421542278265	0.010336985734959685	0.0	0.0	0.0051684928674798425	0.0	0.0	0.0	0.0	0.0051684928674798425	0.0	0.0031010957204879058	0.0062021914409758115	0.023778754200051693	0.004156967076820751	0.0	0.00323011326930531	0.0	0.0	0.04726699793964368	0.002555551296303395	0.0	0.037662055479104804	0.17079684491646482	0.08818048715559697	0.0	0.032479318316424984	0.0	0.0	0.0	0.05225570458108344	0.0	0.0	0.0	0.0	0.0	0.003393396450507313	0.0
Sor-ACeb_012-Ex1-7F-lcwgs-1-2.clmp.r1	0.0	0.05659033476110097	0.00975695426915534	0.0	0.000975695426915534	0.0	0.00487847713457767	0.000975695426915534	0.0	0.006829867988408738	0.003317364451512816	0.0	0.0011708345122986407	0.008002154726541	0.01255771151404796	0.0025863492486655434	0.06854079503242429	0.001904250074583128	0.0015565275205183682	0.0007116610405907735	0.10785542739321927	0.0	0.004826782852693024	0.005155246568078714	0.0	0.0004976164173608415	0.002354021256811949	0.0	0.0	0.0	0.11063106287337984	0.0	0.003260834121368246	0.05370466271553791	0.04933952320078943	0.0	0.0	0.0
Sor-ACeb_012-Ex1-7F-lcwgs-1-2.clmp.r2	0.08390980671473593	0.02341669024597282	0.0	0.0	0.003902781707662136	0.0029270862807466024	0.0	0.0	0.0	0.008000702500707378	0.0	0.004683338049194563	0.0074152852445580585	0.034155605129976715	0.0037281144962826775	0.0	0.00020399836801305592	0.0	0.0004446816079686944	0.049335161264308376	0.0038598613023172034	0.0002851033499643621	0.0373095924248662	0.15999529209255453	0.08364328051493691	0.0	0.027610028902413236	0.0	0.0016480845137738663	0.0	0.04623422257154746	0.0013696566270835903	0.0	0.0018991909446575757	0.0	0.0	0.003014318010550113	0.0
Sor-ACeb_013-Ex1-8F-lcwgs-1-2.clmp.r1	0.0	0.041423948220064725	0.010355987055016181	0.0	0.005177993527508091	0.0	0.005177993527508091	0.0	0.0	0.0056957928802588995	0.0036245954692556634	0.0	0.000517799352750809	0.007767674047683162	0.013518853601214615	0.004200864327835452	0.07324323168384586	0.0032969025600448378	0.003987331677641323	0.0011904691043505692	0.117612281992742	0.0	0.007956485258802765	0.006269297681927182	0.0	0.0	0.001987222161501545	0.0	0.0	0.0	0.07907759808173052	0.0	0.0014017971038871833	0.08493066436280038	0.04577287499427839	0.0	0.0	0.0
Sor-ACeb_013-Ex1-8F-lcwgs-1-2.clmp.r2	0.059546925566343036	0.018122977346278317	0.0	0.0	0.0025889967637540453	0.007766990291262136	0.0	0.0	0.0	0.006731391585760518	0.0	0.008284789644012944	0.006731391585760518	0.03158854112724486	0.0036393318186780906	0.000525091497193386	0.0005347021708908138	0.0	0.0	0.044040279001118864	0.005029706705227751	0.0	0.041220711599652876	0.17545233805905852	0.07898022097476878	0.0	0.0406883274120239	0.0	0.0022738383528314973	0.0	0.04709116595181428	0.0	0.0	0.001458682809423091	0.0	0.003162555344718533	0.0081913499344692	0.0
Sor-ACeb_014-Ex1-9F-lcwgs-1-2.clmp.r1	0.0	0.04170676932948347	0.0	0.0	0.0	0.0	0.012832852101379532	0.006416426050689766	0.0	0.008982996470965673	0.005133140840551813	0.0	0.0012832852101379532	0.014119761247673447	0.014857881136950905	0.0	0.05589410112742492	0.001431598236270973	0.0	0.0016400029520053136	0.15023660015473472	0.0	0.00457425153809208	0.003935355231398888	0.0	0.0034781398907864076	0.001992309684617377	0.0	0.0	0.0	0.14040561622464898	0.0	0.0	0.10274957872672723	0.049078659706420384	0.0	0.0	0.0
Sor-ACeb_014-Ex1-9F-lcwgs-1-2.clmp.r2	0.0737888995829323	0.03849855630413859	0.0	0.0	0.0	0.003208213025344883	0.0	0.0	0.0	0.007699711260827719	0.0	0.0006416426050689766	0.008341353865896696	0.040433602248878445	0.007105254658786294	0.0	0.0013629641744866737	0.0007157581310123683	0.0	0.06886939411330655	0.0017984641116486522	0.0010080645161290322	0.05372410955146084	0.09831810495129978	0.08729943706914718	0.0	0.04178272980501393	0.0	0.0	0.0	0.05588153115395362	0.0	0.0	0.0	0.0	0.0	0.0	0.0
Sor-ACeb_015-Ex1-10F-lcwgs-1-2.clmp.r1	0.0	0.04679895170348184	0.009359790340696368	0.0	0.0	0.0	0.002339947585174092	0.0	0.0	0.010763758891800822	0.004211905653313365	0.0	0.0018719580681392735	0.007957348611442667	0.013190001978500296	0.0028739073164890435	0.05621828475054368	0.0020570311897354144	0.001633453119895459	0.0011651684542292701	0.11352609514628377	0.0	0.009456041228339755	0.00898383807530253	0.0	0.0023997216322906544	0.002805403206575865	0.0	0.0	0.0	0.09112105700426125	0.0	0.0	0.04973887092762994	0.038470786246693915	0.0	0.0	0.0
Sor-ACeb_015-Ex1-10F-lcwgs-1-2.clmp.r2	0.07955821789591913	0.02105952826656683	0.0	0.0	0.007019842755522276	0.0	0.0	0.0	0.0	0.010763758891800822	0.0	0.004679895170348184	0.009359790340696368	0.0327655531059404	0.002355313115325551	0.0	0.0	0.0	0.0	0.044277175116227585	0.007607648222346199	0.0007007021035077148	0.04252638210741849	0.19387150627389738	0.0804082263800835	0.0	0.0433979168999888	0.0	0.0	0.0	0.061186485767491354	0.0	0.0	0.0	0.0	0.0	0.012242149721491093	0.0
Sor-ACeb_016-Ex1-11F-lcwgs-1-2.clmp.r1	0.0	0.05680821965844935	0.007013360451660414	0.0	0.0	0.0003506680225830207	0.007013360451660414	0.002104008135498124	0.0	0.010520040677490619	0.003506680225830207	0.0	0.0016130729038818952	0.008209984744865954	0.011828492558381806	0.0017024224731609396	0.08222434171302287	0.0027344397560196128	0.001415527010142723	0.0028719676807903655	0.1766902418517236	0.0	0.005695476613194652	0.005496574260092398	0.0	0.0	0.001771259542660786	0.0	0.0	0.0	0.0224397148430083	0.0	0.0	0.03520949650419999	0.03758963682627805	0.0	0.0	0.0
Sor-ACeb_016-Ex1-11F-lcwgs-1-2.clmp.r2	0.07819896903601362	0.024897429603394465	0.0	0.0	0.0024546761580811443	0.025598765648560506	0.0	0.0014026720903320827	0.001052004067749062	0.012203247185889119	0.0	0.0031560122032471857	0.01206297997685591	0.04364636619441579	0.004703028679211402	0.0005181719190793121	0.000630039330205188	0.0	9.433659675067025e-05	0.035612157033666776	0.0037060188216342556	0.0012044311020243475	0.05560537414193467	0.26100588494400956	0.059428064309089326	0.0	0.007841702172151502	0.0	0.0	0.0	0.05490300469171131	0.0018763134193935755	0.0	0.0	0.0	0.0030884215077673803	0.003518401238477236	0.0
Sor-ACeb_017-Ex1-12F-lcwgs-1-2.clmp.r1	0.0	0.04755028001831566	0.0008805607410799197	0.0	0.0	0.00044028037053995986	0.007044485928639358	0.003081962593779719	0.0	0.008277270966151246	0.003522242964319679	0.0	0.0014088971857278716	0.008809470533202014	0.010614792739481767	0.0007359895195092422	0.03716069095659748	0.0026896319859311558	0.0016827160383031045	0.0013579458969664724	0.13468209212642676	0.0	0.005544651075107843	0.004387947186667661	0.0	0.0015637999086740852	0.0011285407967498026	0.00044686146847615766	0.0	0.0	0.10224875249321341	0.0	0.0009638182624284364	0.08569921771996132	0.07251540952452397	0.0	0.0	0.0
Sor-ACeb_017-Ex1-12F-lcwgs-1-2.clmp.r2	0.08101158817935261	0.020693177415378114	0.0	0.0	0.0	0.007484766299179318	0.0	0.0013208411116198797	0.00044028037053995986	0.009333943855447148	0.0	0.0021133457785918073	0.009686168151879117	0.03470934447791067	0.005441220546048782	0.0006439937918998461	0.0007741001569488069	0.0	0.0	0.05120807878393769	0.0033191669444164002	0.00047452136611537835	0.04134641652084671	0.0970038297900294	0.09562097616770929	0.0003115905450964996	0.0475386579125663	0.0004443180606405289	0.0015645126803752742	0.0	0.06988170026455215	0.0	0.0019012129738773338	0.0	0.0012290749981563875	0.0	0.003138337936228973	0.0
Sor-ACeb_018-Ex1-1G-lcwgs-1-2.clmp.r1	0.0	0.06837139340899767	0.004558092893933178	0.0	0.0	0.0	0.011395232234832946	0.05925520762113132	0.0	0.005013902183326496	0.003646474315146543	0.0	0.0	0.020969616848631276	0.01143175925629547	0.0009223220379627751	0.041730356255333514	0.001440873745839477	0.0004959579427664533	0.0015521201961879929	0.06774290475019805	0.0	0.0063124538401812934	0.006200268678309393	0.0	0.0016946567472758392	0.0009490097083693167	0.0	0.0	0.0	0.036691076424454606	0.0	0.0	0.03889621194113707	0.0289114826772033	0.0026823314825246106	0.0	0.0
Sor-ACeb_018-Ex1-1G-lcwgs-1-2.clmp.r2	0.22790464469665891	0.022790464469665893	0.0	0.0	0.002279046446966589	0.08204567209079722	0.0	0.0	0.0	0.005013902183326496	0.0	0.003190665025753225	0.005925520762113132	0.06245270461238296	0.00640225359326483	0.011989799447546934	0.0004688452341881945	0.0	0.0	0.02172440012207044	0.004914004914004914	0.0005835156819839533	0.02396100661449893	0.08326910372164723	0.03874585001557431	0.0	0.01326297640137556	0.0	0.0012007396556278668	0.01891840761060512	0.04111278607646978	0.0	0.001916479809885203	0.0	0.0	0.010635469290082425	0.020727843415948594	0.0
Sor-ACeb_019-Ex1-3G-lcwgs-1-2.clmp.r1	0.0	0.05811138014527845	0.0	0.0	0.0	0.0	0.009685230024213074	0.009685230024213074	0.0	0.0038740920096852305	0.0038740920096852305	0.0	0.0	0.013562211802999186	0.011701837188438584	0.003959925553399596	0.060917416289317114	0.0	0.0	0.0	0.10407374368123698	0.0	0.0	0.0	0.0	0.0	0.0	0.0	0.0	0.0	0.06349206349206349	0.0	0.0	0.05955482766321745	0.04860661049902787	0.0	0.0	0.0
Sor-ACeb_019-Ex1-3G-lcwgs-1-2.clmp.r2	0.08716707021791767	0.029055690072639227	0.0	0.0	0.0	0.009685230024213074	0.0	0.0	0.0	0.0	0.0	0.005811138014527845	0.0038740920096852305	0.04262492007827485	0.005851032707272834	0.0	0.0	0.0	0.0	0.03031362947417512	0.0	0.0	0.037765447520553115	0.149772155125713	0.06647540410048283	0.0	0.0376034093757834	0.0	0.0	0.00530982849253969	0.011521401002361887	0.0	0.0	0.0	0.0	0.0	0.0	0.0
Sor-ACeb_020-Ex1-2G-lcwgs-1-2.clmp.r1	0.0	0.02399520095980804	0.0	0.0	0.0	0.0	0.01199760047990402	0.0	0.0	0.002399520095980804	0.009598080383923216	0.0	0.002399520095980804	0.016800672026881073	0.00967071224795706	0.0	0.025391666455069444	0.0	0.0	0.0	0.2211061625446161	0.0	0.0	0.0	0.0	0.004944375772558714	0.005446029844243546	0.0	0.0	0.0	0.11762860727728983	0.0	0.009480470231323474	0.11388342478517446	0.06754474839581223	0.0	0.0	0.0
Sor-ACeb_020-Ex1-2G-lcwgs-1-2.clmp.r2	0.09598080383923216	0.035992801439712056	0.0	0.0	0.0	0.01199760047990402	0.0	0.0	0.0	0.0	0.0	0.0	0.007198560287942411	0.028801152046081843	0.00725356028917527	0.0	0.0	0.0	0.0	0.014743173910479449	0.0	0.0	0.0785751702462022	0.09859907152540981	0.06292700467457749	0.0	0.04339336081579519	0.005944243000653867	0.006489292667099286	0.0	0.04680917459822125	0.008549931600547196	0.0	0.0	0.0	0.0	0.0	0.0
Sor-ACeb_021-Ex1-4G-lcwgs-1-2.clmp.r1	0.0	0.0	0.0	0.0	0.0	0.0	0.0	0.0	0.0	0.017793594306049824	0.0	0.0	0.0	0.0	0.0	0.0	0.03858769052672197	0.0	0.0	0.0	0.10449320794148381	0.0	0.0	0.0	0.0	0.0	0.0	0.0	0.0	0.0	0.0	0.0	0.0	0.0	0.0	0.0	0.0	0.0
Sor-ACeb_021-Ex1-4G-lcwgs-1-2.clmp.r2	0.0889679715302491	0.0	0.0	0.0	0.0	0.0	0.0	0.0	0.0	0.017793594306049824	0.0	0.0	0.017793594306049824	0.03559352197899982	0.0	0.0	0.0	0.0	0.0	0.023612750885478158	0.0	0.0	0.03231017770597738	0.03588087549336204	0.04106776180698152	0.0	0.0	0.0	0.0	0.0	0.1737619461337967	0.0	0.0	0.0	0.0	0.0	0.0	0.0
Sor-ACeb_022-Ex1-5G-lcwgs-1-2.clmp.r1	0.0	0.04391568189076972	0.0	0.0	0.0	0.0	0.007984669434685404	0.0	0.0	0.0047908016608112424	0.0	0.0	0.0	0.003993227486183432	0.0016058452768075795	0.0	0.03592044040130651	0.0	0.0009091652953423461	0.0019283241898627999	0.11597324331600638	0.0	0.0024960375404046078	0.0041303539713353436	0.0	0.005020668418322093	0.0018382690858287835	0.0	0.0	0.0	0.1096737206809741	0.0	0.00282095404665858	0.053708897774064575	0.04093585666152345	0.0	0.0	0.0
Sor-ACeb_022-Ex1-5G-lcwgs-1-2.clmp.r2	0.06387735547748323	0.0	0.0	0.0	0.0	0.003992334717342702	0.0	0.0	0.0	0.003992334717342702	0.0	0.0	0.0063877355477483235	0.023958982222435192	0.004014935560284257	0.0	0.0	0.0	0.0	0.059814382464738455	0.0010358078783547229	0.002261880527470539	0.06369744960407664	0.09363424810321798	0.09108297659167502	0.0	0.03489439853076217	0.0	0.0	0.0023263388079839947	0.047257803755751775	0.0	0.0	0.0	0.0	0.0	0.0035129628328532288	0.0
Sor-CPnd_001-Ex1-3E-lcwgs-1-2.clmp.r1	0.0	0.052283121792031644	0.003317056065355482	0.0001579550507312134	0.000552842677559247	0.000552842677559247	0.004343763895108369	0.008608550264851132	0.0	0.004738651521936402	0.0026220538421381427	0.0	0.0009319347993141592	0.009652555399506787	0.010648043751240751	0.0017484511369664439	0.05248620136624014	0.0016539449343258561	0.0015323401244122443	0.0016423615016182616	0.09310685277609254	0.0	0.00435345696463363	0.005388955532792452	0.0	0.0019080673334659892	0.0028208291075819403	0.00011190701869630562	2.9681605418673886e-05	0.0	0.06134885001077796	0.0002857252044988862	0.0017168364427148908	0.05924816933371961	0.03238034649167513	0.00019060661986321115	0.0007745721392598086	0.0
Sor-CPnd_001-Ex1-3E-lcwgs-1-2.clmp.r2	0.09556280569238412	0.017059145478971048	0.0	0.0	0.000789775253656067	0.030485324791124188	0.0	0.003553988641452302	0.0014215954565809207	0.004027853793645943	0.0	0.0032854650552092395	0.004375354905254611	0.03947916569574881	0.004411712429983903	0.001604166726822919	0.0002284244910212859	0.0	5.165292813562544e-05	0.03018735619277278	0.0033329249414131377	0.0006838517972016003	0.03220019320115921	0.12742125567855594	0.06192795218230845	0.000148566371655121	0.03429422123934364	0.0005868813571827012	0.001007709869658656	0.0018879656037839867	0.03526536686688294	0.0012114008496908076	0.00038044555500729124	0.0013848198491931184	0.0003941004045221708	0.0018516003999456863	0.008753122805283179	0.0
Sor-CPnd_002-Ex1-5E-lcwgs-1-2.clmp.r1	0.0	0.045218822436683466	0.0013579225956962002	0.0	0.0	0.00054316903827848	0.00516010586364556	0.00448114456579746	0.0	0.004942838248334169	0.002607211383736704	0.0	0.000651802845934176	0.0066563425435379135	0.009774325647034274	0.0007033039249141477	0.030506059028786336	0.002202182362721457	0.0021313451112755905	0.0009270765054434843	0.13858705830424375	0.0	0.004043743945025514	0.004459298556934209	0.0	0.0011177097382323792	0.0018295102286773443	0.0	0.0	0.0	0.09948678744347847	0.00023726800132553723	0.0012674956651648251	0.09800816282205592	0.05559783712749693	0.00021043438918788107	0.0006836446005179747	0.0
Sor-CPnd_002-Ex1-5E-lcwgs-1-2.clmp.r2	0.08690704612455681	0.01710982470577212	0.0	0.0	0.0	0.018196162782329082	0.0	0.00108633807655696	0.00013579225956962	0.004997155152162016	0.0	0.002091200797372148	0.005024313604075941	0.029994392352734052	0.0036517032862034807	0.001097110295873768	0.00035027874890939255	0.0	0.0	0.04927065693751451	0.002239593965285559	0.0005126019239921754	0.05107701912645113	0.07924657899038205	0.09853088619460172	5.3126522406907717e-05	0.053739394741526066	0.00012203992169918624	0.0008452563239802471	0.0009000239544837117	0.05710377615319748	0.0010233915826829549	0.00033633484151481853	0.001170148608873327	9.660669001328343e-05	0.0010449189769825248	0.005546537715324517	0.0
Sor-CPnd_003-Ex1-2B-lcwgs-1-2.clmp.r1	0.0	0.042047424804630244	0.0008375981036778934	0.0	0.0	0.0006700784829423147	0.006365745587951989	0.0011726373451490506	0.0	0.004187990518389467	0.0008711020278250089	0.0	0.00013401569658846293	0.00505996731462173	0.004377540657250689	0.0007158201014555691	0.019325538699391246	0.0006776785870330126	7.363420515004994e-05	0.0003434694999084081	0.1819524318115289	0.0	0.0039178607435577315	0.0012811420466244195	0.0	0.0013120723779495135	0.0007425306718205367	0.0	0.0	0.0	0.12296963293886479	6.776311910926735e-05	0.0009284918435562665	0.12148678699140612	0.07020035084184452	8.536094019953973e-05	0.00027317428519395374	0.0
Sor-CPnd_003-Ex1-2B-lcwgs-1-2.clmp.r2	0.07019072108820745	0.004355510139125045	0.0	0.0	0.0	0.0035179120354471515	0.0	0.00016751962073557867	0.00016751962073557867	0.004891572925478897	0.0	0.0015076765866202078	0.0051931082428029384	0.023423276705299995	0.003434684589883507	0.00037495517581307325	0.00031282586027111576	0.0	0.0	0.02289441059675426	0.0015486883800719543	0.00012446655708077796	0.0631789177346964	0.0762305262329956	0.12431187925086368	0.00010084035308241228	0.06192918141170986	5.5541546743210326e-05	0.00011650442454678323	0.0003667746206633486	0.07208225857743543	0.0005407974193147151	0.0008547806098717189	0.0009779951100244498	0.00023900592655029204	0.0	0.004352908422968484	0.0
Sor-CPnd_004-Ex1-1G-lcwgs-1-2.clmp.r1	0.0	0.04983341484200371	0.006671528180244968	0.0	0.00034807973114321563	0.0006381461737625621	0.006207421872054012	0.0011022524819535163	0.0	0.005058758759281401	0.002784637849145725	0.0	0.0009050073009723607	0.008169276696418771	0.012681928612736756	0.0014915910672721666	0.06596213342291889	0.002200889937750078	0.002134811205286941	0.0011344562731564441	0.11081512225535478	0.0	0.005965450222934885	0.00682233632914161	0.0	0.0023911304542287744	0.002239452044319302	1.9304553461547744e-05	6.151219110115434e-05	0.0	0.0742173558798991	4.969057677840089e-05	0.0005051473182393542	0.07669151110501633	0.040274010503142936	9.966320480987915e-05	0.0007551699474006152	0.0
Sor-CPnd_004-Ex1-1G-lcwgs-1-2.clmp.r2	0.08162469695308408	0.019028358635829124	0.0	0.0	0.0022045049639070327	0.004757089658957281	0.0	0.00040609301966708497	0.0002900664426193464	0.005522865067472355	0.0	0.0031907308688128105	0.005081964074690948	0.030727666654946525	0.004448688684958308	0.00031712503370921654	0.0003216689423751534	1.2160695319372692e-05	6.24286440598396e-05	0.04115441220553225	0.004042547409911764	0.0005726960055571068	0.038104723798642326	0.15437623605922715	0.07758732072170528	0.0	0.040257561072157264	0.00013498675394267383	0.0009827603362842078	0.00028324636943518933	0.04371939439235498	0.0005948747082325454	0.00039768568143308953	0.0012504799427280186	0.00015279118944885162	0.0005624254166000855	0.008173592770815686	0.0
Sor-CPnd_005-Ex1-3D-lcwgs-1-2.clmp.r1	0.0	0.047866543716992206	0.0036046609103864533	8.382932349735938e-05	0.0005868052644815156	0.0008382932349735938	0.0035208315868890936	0.003856148880878531	0.0	0.0033028753457959594	0.0029172604577081063	0.0	0.0007376980467767624	0.007930917516613428	0.011393443325433543	0.0017563055167751664	0.06017989977732076	0.0014793337080978726	0.0018483469675078042	0.0014179670606251815	0.10228054904054158	0.0	0.005122579533739016	0.005781737834129754	0.0	0.0018476421802177726	0.002443273721026578	4.423518254090427e-05	2.2846740409852245e-05	0.0	0.06791604763381275	0.00025442042772144625	0.0010597986064708124	0.0701105694035151	0.03970098689867432	9.197107816162078e-05	0.00045381066435612206	0.0
Sor-CPnd_005-Ex1-3D-lcwgs-1-2.clmp.r2	0.08952971749517981	0.019113085757397938	0.0	0.0	0.0008382932349735938	0.01752032861094811	0.0	0.0015927571464498284	0.000670634587978875	0.0036046609103864533	0.0	0.0030681532400033532	0.0034872998574901498	0.03425559063646988	0.0034617746972837675	0.0008275160922325793	0.00010212103691658464	0.0	3.487742677135475e-05	0.0364625672838064	0.0033252425122857776	0.0007763657984247538	0.03652447861069611	0.13778393276050324	0.07267990389587231	8.302229376899004e-05	0.03638065217782554	0.00024318119917512938	0.0007762902686306811	0.0022669215064260143	0.03751677609263634	0.00142357366815786	0.0005558464191050237	0.0010501336571429678	0.0003185822049248175	0.0010715659068141793	0.007805690769624915	0.0
Sor-CPnd_006-Ex1-2D-lcwgs-1-2.clmp.r1	0.0	0.041280568522260155	0.0026126942102696303	0.0	0.0	0.0013934369121438026	0.006705915139692051	0.0016547063331707659	0.0	0.0053298961889500455	0.0033094126663415317	0.0	0.0006793004946701038	0.006707111419580167	0.010335100752342783	0.0009232461120241975	0.018937399457478913	0.0020016791656252944	0.0020367606195243874	0.000990930358223347	0.1658829479575887	0.0	0.004238792867147754	0.0036398439254869104	0.0	0.0011963579525251778	0.001264657155856642	0.0	0.0	0.0	0.11590221522723378	3.864086178395585e-05	0.0002864644718577303	0.12329572024344494	0.06288014220086985	9.949823042397192e-05	0.00042708942825538245	0.0
Sor-CPnd_006-Ex1-2D-lcwgs-1-2.clmp.r2	0.07280707865951369	0.020640284261130078	0.0	0.0	0.00034835922803595065	0.005312478227548247	0.0	0.00034835922803595065	0.000261269421026963	0.005922106876611161	0.0	0.002386260712046262	0.006200794259039922	0.030608849563688877	0.003958973126455382	0.0005149074587008707	0.0002905148886156838	0.0	0.0	0.023013023591786978	0.0018855572669165207	0.0005126552286598345	0.06305358707596816	0.07194640690227122	0.11527228935186039	0.0	0.05961409418145885	0.00015485600559463777	0.0009802025229106001	0.001173220888162719	0.07013006137473875	0.000500811121397001	0.00024472904619709417	0.00038969845133835434	0.00023064900940863441	0.0001980138223548695	0.005048331128009735	0.0
Sor-CPnd_007-Ex1-1C-lcwgs-1-2.clmp.r1	0.0	0.04973674934126975	0.004506889907946774	0.0	0.0003219207077104838	0.0003219207077104838	0.005311691677222983	0.0006438414154209676	0.0	0.004024008846381048	0.0029938625817075	0.0	0.0010623383354445965	0.0076628895275345655	0.011221344743964162	0.0016007521575035584	0.05721463619423108	0.0017282283050587277	0.001702829790346901	0.0014658573227438847	0.09525471413071587	0.0	0.005232916312189444	0.005318534887939707	0.0	0.0017471951917188322	0.002246747131418793	9.795201918292344e-05	0.0	0.0	0.061955909080127006	5.9406234684330116e-05	0.0003755598188549807	0.06363716780276175	0.0330060639047639	0.0	0.0009454566082689634	0.0
Sor-CPnd_007-Ex1-1C-lcwgs-1-2.clmp.r2	0.07790481126593708	0.019637163170339512	0.0	0.0	0.0011267224769866936	0.006599374508064919	0.0	0.0001609603538552419	0.0	0.0043781216248625805	0.0	0.0033157832894179836	0.0043781216248625805	0.027979277947885777	0.003977664283194174	0.0003920396352071194	0.00026552200131898054	0.0	3.475562624077586e-05	0.034970336001281535	0.0029516755370665878	0.0006876772440341134	0.03171619083790608	0.1292954880162543	0.06749640298272273	0.00017913257736400142	0.032097186162276074	0.00014686199965340568	0.0005125266641997049	0.004300289194448326	0.03487297322003943	0.0008308003812186891	0.0005000015625048828	0.0007248759638379151	0.00020891524935079587	0.0007402253245888048	0.0067689512926729254	0.0
Sor-CPnd_008-Ex1-1A-lcwgs-1-2.clmp.r1	0.0	0.06076310869127657	0.002194223369407209	0.0005907524456096333	4.219660325783095e-05	0.00029537622280481667	0.00312254864107949	0.06088969850105006	0.0	0.00265838600524335	0.0016034709237975763	0.0	0.00047260195648770665	0.01707331482247297	0.007129311089770106	0.0008885771628560528	0.03184355512584485	0.0010396036144802126	0.0012846904975041032	0.0008617767043487148	0.05339581592747196	0.0	0.0031525865117866553	0.0036571622668625956	0.0	0.0019063829166199192	0.0034541009552436254	2.8071777664035096e-05	2.8460311384266857e-05	0.00025024998529781336	0.036803426021742164	0.0006454767570771065	0.0035141164481249767	0.037433445369788154	0.020874018535834902	0.0007202946456628748	0.0007159293622236899	0.0
Sor-CPnd_008-Ex1-1A-lcwgs-1-2.clmp.r2	0.2231778346306679	0.011393082879614358	0.0	0.0	0.00029537622280481667	0.08325389822770048	0.0	0.0003375728260626476	0.0001687864130313238	0.0017131820922679365	0.0	0.0021520267661493788	0.0020085583150727536	0.049169121184244956	0.0027368567943061215	0.013142719610359408	5.9411821271927314e-05	0.0	0.00010278404284587088	0.020037826244898433	0.0020138130212802746	0.00039382482671707623	0.019880181940316356	0.07225762251012276	0.0384756050056699	0.00016420251899435445	0.018842050691212316	0.0001777953452055707	0.0005502332087561077	0.014389183030311899	0.02146018373669879	0.0023633044358131977	0.0008985779146308576	0.000904558770622398	0.0004402324217552381	0.014103588492546759	0.01914610995025649	0.0
Sor-CPnd_009-Ex1-6A-lcwgs-1-2.clmp.r1	0.0	0.061281542573250906	0.0010247749594189115	0.00040990998376756467	4.099099837675646e-05	0.0005738739772745905	0.003894144845791864	0.0691928052599649	0.0	0.0024840545016314415	0.0017134237321484204	0.0	0.0008280181672104806	0.01816090612016797	0.0064067020518388555	0.0005716878312682423	0.021957927805452256	0.0014649231809614495	0.0011981520328168632	0.001029833933951423	0.05611168081520332	0.0	0.0024484561423667355	0.00300632393180184	0.0	0.0013135162531083882	0.003050396995303498	1.153979527249207e-05	1.2028991312542184e-05	0.00013816257590306514	0.03610670937499549	0.00042604984178432975	0.003112144394278726	0.03736555585575746	0.020526950692832325	0.0007406140633184628	0.0007120756096123798	0.0
Sor-CPnd_009-Ex1-6A-lcwgs-1-2.clmp.r2	0.22872977094230107	0.012871173490301532	0.0	0.0	0.00016396399350702585	0.08394956467559724	0.0	0.001229729951302694	0.0005738739772745905	0.0020905409172145796	0.0	0.0015576579383167458	0.0025660364983849547	0.049981420948184294	0.003108782211054731	0.014457968283443123	0.00023475420270807417	8.517058347726453e-06	1.73648252542905e-05	0.01928309843524581	0.0013108590195703058	0.00037424323340165766	0.019220112604412972	0.07296922641571597	0.03745947897850668	0.00014946451135994343	0.019404058131453513	8.073220884130712e-05	0.0005409268240202763	0.015649263731632824	0.02120909134192951	0.0017295193679402838	0.001064613248306222	0.0012534984689195811	0.0005400141769604222	0.013774805779438145	0.018237305742031713	0.0
Sor-CPnd_010-Ex1-1H-lcwgs-1-2.clmp.r1	0.0	0.04695790612938786	0.005273347747150508	0.0	0.0007533353924500727	0.0007533353924500727	0.006780018532050655	0.0005022235949667151	0.0	0.00396756640023705	0.0027622297723169332	0.0	0.0011048919089267732	0.006981903809457316	0.011243614332936025	0.0018311683159050191	0.05196998230336948	0.0015796715231034858	0.0015116415293277353	0.001613158029410652	0.0971812262912063	0.0	0.004371240732969646	0.005161330787076812	0.0	0.00237676474782526	0.0022745503593031386	0.0	8.456223399892268e-05	0.0	0.059299544294862006	0.000302081948791068	0.00042802447443944844	0.05572046331166426	0.03694593254450526	0.0001304291117777488	0.00084001377622593	0.0
Sor-CPnd_010-Ex1-1H-lcwgs-1-2.clmp.r2	0.07884910440977427	0.019837832001185246	0.0	0.0	0.0007533353924500727	0.004771124152183793	0.0	0.0	0.0	0.004168455838223736	0.0	0.003113786288793634	0.004520012354700436	0.027274617728401063	0.003680630204562368	0.0003052074495034275	0.0002580679792348181	0.0	0.00010798343102234393	0.03304484920366921	0.003224185072829159	0.00029922954377069924	0.033280987065372476	0.12541347254228785	0.06417781844732144	7.199973504097505e-05	0.03167768186058637	0.0005597823566197462	0.0005915159709312151	0.00026844004123239033	0.03696521289119147	0.0006033989462643068	0.0006409263522210768	0.0007960090381140499	0.00024252919141980227	0.000780672627535885	0.008666371264549371	0.0
Sor-CPnd_012-Ex1-5B-lcwgs-1-2.clmp.r1	0.0	0.0396387064040294	0.0015855482561611762	0.0	0.0	0.00026425804269352934	0.006870709110031764	0.0010570321707741174	0.0	0.0048094963770222345	0.0014269934305450585	0.0	0.00026425804269352934	0.005921070021939679	0.005222586086071416	0.0004886197740079254	0.03174831675334682	0.0005769112058655716	0.00011983819446982683	0.00037477864636199245	0.15660884085956647	0.0	0.003589470789963552	0.0015082899385748922	0.0	0.0008302296581280313	0.0009585129455887055	0.0	0.0	0.0	0.11224639330512623	0.0	0.0007971366850273818	0.10647934587503077	0.06166306545974849	0.0	0.0	0.0
Sor-CPnd_012-Ex1-5B-lcwgs-1-2.clmp.r2	0.07663483238112352	0.006870709110031764	0.0	0.0	0.00026425804269352934	0.005285160853870588	0.0	0.0010570321707741174	0.0	0.0048094963770222345	0.0	0.0012155869963902351	0.005285160853870588	0.024635776434029515	0.004050196860884265	0.00027147385326729644	0.0003348354423315708	0.0	0.0	0.05996536999882568	0.001958501954911368	0.0002051390056091842	0.055331923362056654	0.08081459909701748	0.10633205824528368	8.296441822031367e-05	0.05424131377163449	0.00018223101790601983	9.515952066246251e-05	0.0006953888763608512	0.06392601186782258	0.0003254540898188197	0.0001136545741988205	0.0005962979438454301	0.00012553083853344832	0.0	0.0029596473227875932	0.0
Sor-CPnd_013-Ex1-7F-lcwgs-1-2.clmp.r1	0.0	0.0615432833056721	0.003561532598707876	0.00028492260789663007	0.0	0.00042738391184494513	0.003561532598707876	0.052853143764824875	0.0	0.003419071294759561	0.0016240588650107913	0.0	0.0006268297373725861	0.016472398757445352	0.007515033652722263	0.0008438690873875908	0.03256464721285543	0.0012204506025669738	0.0008183205607132482	0.0007491671215956869	0.060041105324614354	0.0	0.003203358002871976	0.0035480658798702027	0.0	0.0016212337247332857	0.0023845270290637852	0.0	5.028059083716681e-05	0.0002663352745623712	0.0375072585583204	0.00041957446757498544	0.00305588448756637	0.03812513712860158	0.02251439622450894	0.0006959921677681387	0.000744784645519748	0.0
Sor-CPnd_013-Ex1-7F-lcwgs-1-2.clmp.r2	0.20642642942110848	0.011254443011916887	0.0	0.0	0.0011396904315865203	0.08220017237817777	0.0	0.0011396904315865203	0.0005698452157932601	0.0030201796437042787	0.0	0.0021654118200143888	0.003191133208442257	0.04947413779345345	0.0032986884988213646	0.011116388000353862	0.00026743481870593637	0.0	9.443396752038122e-05	0.021078166114844404	0.0023682380038595515	0.00024674038329356113	0.02117036399403401	0.07962514103097014	0.0404277073196025	0.0	0.018529137293261826	0.0002849795812130061	0.0006531238915733955	0.0158052789631737	0.023580315513647532	0.00143615054208699	0.000953165876915784	0.0008108228635831074	0.0002880522411544558	0.013895686624475245	0.021169761641715017	0.0
Sor-CPnd_014-Ex1-1F-lcwgs-1-2.clmp.r1	0.0	0.058361496887931755	0.0032967979101025872	0.00040869395579784144	0.00019072384603899267	0.00040869395579784144	0.004195924612857839	0.06509132402673622	0.0	0.0032913486573586167	0.001988977251549495	0.0	0.0006430118237886038	0.018611131124056733	0.007657814939527859	0.0010570348476862334	0.03495925636301371	0.00134364534838201	0.001107137010929471	0.000904941492555725	0.056606460209968894	0.0	0.003327335327269837	0.0034869453100482414	0.0	0.0017982919837786538	0.0027639597340028328	6.64282501412223e-05	8.745535185649346e-06	0.00021224142074037925	0.037461999277281784	0.00036117593932574434	0.0032700657633192016	0.036981930656557034	0.020594395059126323	0.0007161584306899882	0.000540004760568284	0.0
Sor-CPnd_014-Ex1-1F-lcwgs-1-2.clmp.r2	0.22151212404243006	0.012342557465094812	0.0	0.0	0.0010353580213545315	0.08318284313672067	0.0	0.00021797010975884877	0.00024521637347870486	0.003073378547599768	0.0	0.0022505413832601133	0.0031878128552231635	0.05140815173170755	0.0031320080730377724	0.013714138230475369	0.00023403671768629965	5.669717201309659e-06	9.275184342839567e-05	0.021118676602625935	0.0022658055132021853	0.0003877539669296719	0.02003718267308561	0.07465275294319597	0.037753121026448094	7.522322303377215e-05	0.01967865925576621	0.00015766318596140437	0.00038447497059203377	0.015596400549856077	0.023019060834002774	0.0017204524398436595	0.0009714793316134875	0.0008691375513312638	0.00035782475125627336	0.013629703968122901	0.019075407612648868	0.0
Sor-CPnd_015-Ex1-5F-lcwgs-1-2.clmp.r1	0.0	0.04562190218113958	0.0009170231594198912	0.0	0.0	0.0006877673695649183	0.004585115797099456	0.004814371586954428	0.0	0.0035305391637665807	0.002705218320288679	0.0	0.0008253208434779019	0.0073395135095214135	0.008875472932595663	0.0007171286170174621	0.03172536689614848	0.0017262818034727556	0.0015471758790859946	0.0007628843836979823	0.1455808148770324	0.0	0.003733025502307297	0.003387679932000025	0.0	0.0007916305301989456	0.002440294900252946	0.0	0.0	0.00011182217590299202	0.0995702260161254	0.00012546972729154772	0.0015980737883937227	0.10149007817708532	0.0520187026083233	0.0006465252500436404	0.0010407126800432937	0.0
Sor-CPnd_015-Ex1-5F-lcwgs-1-2.clmp.r2	0.08436613066662998	0.015130882130428205	0.0	0.0	0.0002292557898549728	0.015818649499993124	0.0	0.0013755347391298366	0.0006877673695649183	0.00311787874202763	0.0	0.002200855582607739	0.004034901901447521	0.02958744097993605	0.003624501631025734	0.0008604934547521468	0.0003485871761749629	0.0	0.0	0.04905671449109527	0.002378054313508913	0.00040159486708213885	0.05123230189459061	0.08094798399507541	0.0971190218303808	0.0	0.05446235067379583	0.00029886104057437105	0.0003163932852907707	0.00033471869682854036	0.05893782000933084	0.0006256217115758785	0.0009292656279246976	0.0009875303136537353	0.0003004627125773691	0.0006441213460203767	0.005184732001202858	0.0
Sor-CPnd_016-Ex1-1B-lcwgs-1-2.clmp.r1	0.0	0.05280471854994438	0.0014491861008561065	0.0	0.0	0.00054344478782104	0.0036229652521402667	0.00036229652521402664	0.0	0.0033331280319690458	0.0009782006180778721	0.0	0.00018114826260701332	0.00538039969304548	0.005751474609144663	0.0008012142037068903	0.0639872010947049	0.00035071941782053353	0.00014913984526368206	0.00037720454840788563	0.10405513010522871	0.0	0.0034114072330904137	0.0015850833623430342	0.0	0.0010401303075249268	0.0005939145395157857	6.491824520789743e-05	6.628986036924777e-05	4.517543314769995e-05	0.0720742711726262	4.736123336229473e-05	0.0006802268264940575	0.07347850329480204	0.040391354194662686	7.983536882476749e-05	8.262789765708597e-05	0.0
Sor-CPnd_016-Ex1-1B-lcwgs-1-2.clmp.r2	0.07780317878971223	0.0054344478782104005	0.0	0.0	0.00018114826260701332	0.0057061702721209195	0.0	0.00018114826260701332	0.00018114826260701332	0.002228123630066264	0.0	0.0014854157533775094	0.002554190502758888	0.02349628316698738	0.0029937506815318786	0.00018210368729009135	0.00014652014652014652	0.0	3.7287651485745116e-05	0.03932662259570044	0.0019115170238750388	9.699392546443601e-05	0.03884757198731163	0.13322437291749137	0.0762843652385117	2.0801208467007098e-05	0.036141588490685696	0.00019473231771053646	6.627758776975255e-05	0.0007226406010201879	0.04189520698496856	0.00035507101775426105	0.0006070810909781436	0.0008980848340913002	0.00012841262984443068	0.00026606330603878565	0.004215247625134998	0.0
Sor-CPnd_017-Ex1-3G-lcwgs-1-2.clmp.r1	0.0	0.04896083518703424	0.004047943066644564	0.0	0.00038551838729948226	0.00019275919364974113	0.00520449822854301	0.001542073549197929	0.0	0.005474361099652648	0.0031226989371258063	0.0	0.0009637959682487055	0.008637090287669088	0.01244038497759568	0.0025101582968575955	0.06537147188966735	0.002012838624154967	0.002210307343236077	0.001414971280504791	0.12007446004666941	0.0	0.005145591951470893	0.005729939753776303	0.0	0.0017826878876193554	0.00196070101596991	0.00020840251138919724	0.0	0.0	0.07815980817157425	9.007913451967554e-05	0.00038563992607282613	0.07828108389829458	0.04504499494495057	0.00024121262410389512	0.0009142785493272869	0.0
Sor-CPnd_017-Ex1-3G-lcwgs-1-2.clmp.r2	0.07748919584719594	0.019854196945923334	0.0	0.0	0.002120351130147152	0.007903126939639385	0.0	0.0005782775809492234	0.0005782775809492234	0.005512912938382596	0.0	0.004279254099024253	0.006129742358061767	0.028841756694333674	0.0046507391768579225	0.0002745691323889986	0.00023993588913042436	0.0	0.00017003130276283863	0.043595236358250265	0.0029147477910375667	0.00043800437420368375	0.04022685476922285	0.1605703738933516	0.08040394014013424	6.141932694244763e-05	0.040220665194955964	0.0006244362728092694	0.001256887930696678	0.0003939573249667303	0.04354035173543605	0.0006290755106295788	0.0005769180843627315	0.0012374246717731059	0.0001108856436357185	0.0009615477071894922	0.007943194440284757	0.0
Sor-CPnd_018-Ex1-1E-lcwgs-1-2.clmp.r1	0.0	0.057810100921792444	0.003114532847393355	0.0004917683443252665	0.0005464092714725184	0.000655691125767022	0.004425915098927398	0.0627277843650451	0.0	0.0036063011917186207	0.002021714304448318	0.0	0.0012567413243867922	0.017717886003711682	0.007998279930349045	0.0013900202108938664	0.03371402034083004	0.0016153033138702842	0.001545349540096789	0.0018850038518565552	0.057942013128538715	0.0	0.0037998027480173474	0.0047118879900031165	1.5540863223464094e-05	0.001737004421167857	0.003947555000435443	1.833474327509119e-05	0.0	8.266913847390704e-05	0.037337932921018176	0.00044499676089199835	0.0028739265884192254	0.03579807534586551	0.020617198752659476	0.0006489336783600396	0.000532764518415838	0.0
Sor-CPnd_018-Ex1-1E-lcwgs-1-2.clmp.r2	0.2198750908405414	0.013441668078223952	0.0	0.0	0.0010928185429450368	0.08480271893253485	0.0	0.0001639227814417555	0.0001639227814417555	0.003486091151994667	0.0	0.0026664772447858895	0.003737439416872025	0.05145946834543163	0.00315318398520926	0.013077682434503997	0.00027198460023193486	0.0	0.00011979805402437004	0.020710691727182397	0.0022428906168026536	0.0006050150910930889	0.020684668144049154	0.07668555378842584	0.039506619339507734	0.00013103218969530103	0.019724746355334038	0.00012822917704712386	0.000505125959957888	0.015685066970076402	0.020437094797826426	0.0019866919685523022	0.0009473830910567286	0.0011987232797921361	0.00042811408041523643	0.012963255482979798	0.01899898594573265	0.0
Sor-CPnd_019-Ex1-6G-lcwgs-1-2.clmp.r1	0.0	0.04831309066392741	0.0023656127255407017	9.098510482848852e-05	0.0	0.0008188659434563968	0.004822210555909891	0.001910687201398259	0.0	0.004767619493012799	0.003038902501271517	0.0	0.0007642748805593036	0.007244385146462173	0.01014015416701659	0.0007833334980820452	0.04304102230271	0.0020728514499892014	0.0020461530276926353	0.000978218893064513	0.11001458441076721	0.0	0.004192744080717836	0.004087822680915987	0.0	0.0013364971190133977	0.001664833402750071	0.0	0.0	0.0	0.0743959826882295	0.00015039001771218434	0.00083394125003028	0.07668966096534055	0.04053336564124675	9.513924103621856e-05	0.0008122351034812905	0.0
Sor-CPnd_019-Ex1-6G-lcwgs-1-2.clmp.r2	0.07278808386279081	0.02028967837675294	0.0	0.0	0.0005459106289709311	0.005641076499366289	0.0	0.0007278808386279082	0.0004549255241424427	0.005040574807498264	0.0	0.0025111888932662836	0.004785816513978497	0.027448589865099647	0.0035939833052140817	0.00044762523621556734	0.00026782238402095135	0.0	0.0	0.040194242398077826	0.0020385841944135703	0.00037033745148579383	0.03792207389400817	0.1508426553485181	0.07780025104397946	8.347229151195309e-05	0.037353776744063885	0.0001837332389352781	0.0008038634319630893	0.0004732300520012222	0.04391802916954352	0.0006004238992728867	0.00039627517189426263	0.0014246476615875183	0.0003109390581655928	0.00028469143007622615	0.0061823488871772	0.0
Sor-CPnd_020-Ex1-2E-lcwgs-1-2.clmp.r1	0.0	0.04307409281430459	0.0029944556501922976	7.678091410749481e-05	0.0	0.0006142473128599585	0.0050675403310946575	0.0019195228526873703	0.0	0.004038676082054227	0.003378360220729772	0.0	0.000844590055182443	0.00625085238896213	0.010979208124614013	0.0007940570899022096	0.015372989530867603	0.0019709848413494526	0.0023216939078751857	0.0009579214199953438	0.16618478805992148	0.0	0.0042749460432485896	0.004477442162338339	0.0	0.000996506249090688	0.0016975244048200392	0.0	2.5659908702044837e-05	5.401100582265648e-05	0.11446399910662246	3.010559235462461e-05	0.0007331287160461795	0.11293542362636154	0.06026420869625538	0.00023317279386475746	0.0005846548970067757	0.0
Sor-CPnd_020-Ex1-2E-lcwgs-1-2.clmp.r2	0.07424714394194748	0.022036122348851012	0.0	0.0	0.0007678091410749482	0.00637281587092207	0.0	0.0006910282269674534	0.0005374663987524637	0.0048218414059506744	0.0	0.002579838714011826	0.004284375007198211	0.02862797804307804	0.0034078890008917566	0.0005137943667274242	0.00026886146185670345	0.0	0.0	0.02059491244083239	0.0020370476979146832	0.0004421585665366659	0.06078885766032965	0.0704661691841122	0.11559315345845726	4.424331433746632e-05	0.057131537003237226	7.31258752253191e-05	0.0010244049103824975	0.0007005737159831043	0.06503755499708055	0.0004202384432927243	0.0007942632588748593	0.0005397633542514123	0.00010791724042666159	0.00042561506213012603	0.005780839635765514	0.0
Sor-CPnd_022-Ex1-7C-lcwgs-1-2.clmp.r1	0.0	0.05069925361192573	0.004911490193655305	0.0	0.00023765275130590186	0.0005545230863804377	0.004673837442349403	0.0007129582539177056	0.0	0.004753055026118037	0.003026111699961817	0.0	0.0011090461727608753	0.007353302409315873	0.011280938612387109	0.001878009064307887	0.05459178587058109	0.001849403889618753	0.002096658764592745	0.0017312769610318408	0.08920931044541613	0.0	0.005012364500750452	0.0057248301078599625	0.0	0.0015754421872359026	0.0024371713626740645	0.0	0.00012717504296608828	0.0	0.06207147711851086	2.8890561973433395e-05	0.0005435737801751395	0.06328635987790125	0.033687164494722345	6.990655590671949e-05	0.0008471351913586317	0.0
Sor-CPnd_022-Ex1-7C-lcwgs-1-2.clmp.r2	0.08088115302777527	0.018299261850554444	0.0	0.0	0.0015843516753726791	0.008397063879475199	0.0	0.0003960879188431698	0.0005545230863804377	0.00499070777742394	0.0	0.003485573685819894	0.004832272609886671	0.028811031487224494	0.0037020069505180496	0.0003076331723764193	0.00023147386519524243	3.393479361537219e-05	1.7472513552118326e-05	0.03422965247344407	0.0028536960399651737	0.0006956293223217788	0.03227716825386133	0.12220612974789861	0.062370615586942534	4.499879965701915e-05	0.03075553681646229	0.000219492226682792	0.0006353984545584628	0.00604108094015117	0.035630441831299674	0.0008367908666296747	0.00042223667209944515	0.001388304293583447	0.0001984567342819786	0.0008377866932245048	0.007399834405695737	0.0
Sor-CPnd_024-Ex1-5G-lcwgs-1-2.clmp.r1	0.0	0.045402307004724675	0.0017025865126771755	0.0	0.0	0.0002837644187795292	0.005391523956811055	0.0019863509314567047	0.0	0.0045402307004724675	0.0035754316766220687	0.0	0.001078304791362211	0.006982950813343454	0.010768813059133384	0.0007013831860915714	0.034293201448149464	0.0024443748041366345	0.0017062707418537056	0.0010371672335361803	0.15631320279681404	0.0	0.004314156905886667	0.0035458320959856748	0.0	0.0012115998570312169	0.0023727632661733476	0.0	0.0	0.0	0.10083310613917433	0.00014552270299689456	0.0015483687161391116	0.1067681431584228	0.05028920705389945	0.0	0.00020466429938293716	0.0
Sor-CPnd_024-Ex1-5G-lcwgs-1-2.clmp.r2	0.07831897958315008	0.020998566989685163	0.0	0.0	0.0005675288375590584	0.0048239951192519965	0.0	0.0005675288375590584	0.0002837644187795292	0.005618535491834679	0.0	0.001872845163944893	0.0055617826080787735	0.029578307575793703	0.0047546159874249	0.00017536752649364908	0.00036167019295104796	6.268657090666095e-05	0.0	0.05753353991009002	0.001828713880157796	0.0006219263234980868	0.05340817111845335	0.08538877580486008	0.10873285566517087	0.0	0.05954611431992523	0.0	0.0007292119892173854	0.0012877603529493574	0.062157620797530094	0.0008703447435529213	0.0003085548371370431	0.0018078724628153504	0.00017570585434336085	0.0	0.004698393762167308	0.0
Sor-CPnd_026-Ex1-3H-lcwgs-1-2.clmp.r1	0.0	0.05390917443034707	0.0034167786610783354	0.0	0.0	0.0	0.00227785244071889	0.0005694631101797225	0.0	0.004251991222675262	0.003037136587625187	0.0	0.0006833557322156671	0.006416686726722804	0.011694364915991035	0.0014972226519805762	0.06218165905329979	0.001303688252583673	0.0017744783235374064	0.0008677201891630012	0.11090907622938037	0.0	0.005132908255851402	0.0050018497406588095	0.0	0.0011787925986175324	0.0014987415923272995	5.591340132402934e-05	0.0	0.0	0.07182269469011807	6.722693595088132e-05	0.0007776489551225858	0.07387542904719314	0.03974794294556657	0.00025130679533574585	0.0006234425070226346	0.0
Sor-CPnd_026-Ex1-3H-lcwgs-1-2.clmp.r2	0.07459966743354365	0.01822281952575112	0.0	0.0	0.0015185682938125935	0.00227785244071889	0.0	0.00018982103672657419	0.0	0.003720492319840854	0.0	0.0031889934170064465	0.003492707075768965	0.02707166587565259	0.0027808241981988643	0.0003455219396833867	7.772791963554934e-05	0.0	8.06592441341573e-05	0.039462369634718955	0.0035272828957377675	0.0004825319063256424	0.037884947865042366	0.1449087985262808	0.07861461396539483	5.12386167008172e-05	0.04077229795239593	0.0002794260811833359	0.0006421385314642042	6.108761613519422e-05	0.046854537145022475	0.0008058201704846874	0.0005648732177367365	0.0008924779725280404	7.859386150504101e-05	0.0005019920718718782	0.006321286978415921	0.0
Sor-CPnd_027-Ex1-3C-lcwgs-1-2.clmp.r1	0.0	0.04504789786691564	0.0029623334198198496	0.0	0.00030644828480894993	0.00030644828480894993	0.0032687817046287994	0.0005107471413482499	0.0	0.004188126559055649	0.002717174791972689	0.0	0.0006333264552718298	0.007334917866286695	0.011978855783790867	0.0017491792233726563	0.061524943220110984	0.0015933722423653362	0.0017845860206578577	0.0010577416869598367	0.1020764711535015	0.0	0.004553758149904659	0.004791090742550621	0.0	0.0013725154039899274	0.0017996107698991961	2.649920581880161e-05	0.0	0.0	0.07102657248353907	9.112613679855657e-05	0.0007267476305657415	0.07117946683283996	0.03830451989887055	0.00010899515189564368	0.00042114838742282455	0.0
Sor-CPnd_027-Ex1-3C-lcwgs-1-2.clmp.r2	0.08835925545324723	0.016854655664492246	0.0	0.0	0.0005107471413482499	0.008580551974650597	0.0	0.00040859771307859993	0.0	0.0034117909042063093	0.0	0.0035956598750916794	0.003513940332475959	0.03299701576215342	0.003644956649588611	0.0002675356774260598	0.0001452151403794762	0.0	4.249607495627685e-05	0.037477957952149116	0.0028148472637485496	0.0006064756777421854	0.036776298675984254	0.14517590452896426	0.0740467481641718	7.485801306372138e-05	0.03837789762123869	0.0003974042613394007	0.0007927634366568346	0.002062209807530851	0.04196831699152386	0.0009408936668750796	0.0003156644373391887	0.0014154272351900228	0.00041318515136521533	0.0007622407700809609	0.007274060966584878	0.0
Sor-CPnd_028-Ex1-3A-lcwgs-1-2.clmp.r1	0.0	0.05143195782272402	0.003377621110746055	7.676411615331944e-05	0.00023029234845995829	0.00038382058076659713	0.004375554620739208	0.0064481857568788326	0.0	0.003976381216741947	0.0027481553582888356	0.0	0.0007062298686105388	0.008982231763689612	0.01074567602002329	0.0015495419553979844	0.05547844125315493	0.0014629728721894423	0.001669627689235278	0.0012272738731303975	0.09319658145268851	0.0	0.00495010816802299	0.005208583067968248	0.0	0.0014772044088683259	0.0020992989391192813	6.522155981273586e-05	2.251080574952992e-05	2.3328958376005886e-05	0.06314671530585375	0.0001005609794237152	0.0009937287868323613	0.06349052303760035	0.03381964867453759	0.00032981253455535876	0.0007570080015745766	0.0
Sor-CPnd_028-Ex1-3A-lcwgs-1-2.clmp.r2	0.09495721168165613	0.016734577321423638	0.0	0.0	0.0006141129292265555	0.021186896058316165	0.0	0.002993800529979458	0.0016120464392197081	0.003945675570280619	0.0	0.003116623115824769	0.0037307360450513243	0.034823539238512995	0.004064352243861135	0.000945259261371314	0.0001566417266930817	0.0	4.863392177136415e-05	0.03356861215349612	0.0036945137662350047	0.0006840797110727948	0.031240922816607623	0.12681419980615946	0.06391603418659386	8.092317154093904e-05	0.03298784234329516	0.0003041809894268861	0.00038239472673173077	0.0019346034121276324	0.03597885081906289	0.0009039300619267419	0.0007051241371043372	0.0009254851107138785	0.00017065263826134542	0.001496614358997077	0.008975829508370198	0.0
Sor-CPnd_029-Ex1-8E-lcwgs-1-2.clmp.r1	0.0	0.052783195721837185	0.005396529260752584	0.0002055820670762889	0.0002055820670762889	0.0008223282683051556	0.004882574093061863	0.016909125017024764	0.0	0.0042966652018944385	0.0028164743189451583	0.0	0.000986793921966187	0.010373896192769816	0.010686224215604764	0.001395813441242656	0.05008716711853108	0.0017436903241299592	0.0015514912568904463	0.001397961487819609	0.08467731172026927	0.0	0.005147022379471169	0.005431260004905377	0.0	0.0018948688236911273	0.002677422902506051	7.111599124846612e-05	7.439957220245984e-05	3.885871941090181e-05	0.0637219853236368	0.0002973333446603179	0.001246735667549029	0.06311094839181787	0.03429622008247389	0.00031505415387087345	0.0011429262759587132	0.0
Sor-CPnd_029-Ex1-8E-lcwgs-1-2.clmp.r2	0.1195973675216311	0.017885639835637138	0.0	0.0	0.001953029637224745	0.03762151827496087	0.0	0.0004111641341525778	0.00030837310061443337	0.004615317405862686	0.0	0.0029912190759600037	0.004111641341525779	0.04163963517510752	0.0036414255187789965	0.0034844298984656017	0.00027893410267650147	0.0	6.84497991454727e-05	0.03152538806674615	0.003385972853642312	0.0005177980121734313	0.03207308961596968	0.12135460407072952	0.062025171958185986	0.0001444155007254472	0.03267513533939477	0.00021309432673646573	0.0008357196223810171	0.0033358526778848284	0.03803568099472323	0.0010806142465639645	0.0007105953767776543	0.0012839730515066957	0.00032008982212854804	0.0021735054400484352	0.010097593379094254	0.0
Sor-CPnd_030-Ex1-2H-lcwgs-1-2.clmp.r1	0.0	0.04824455604043771	0.003602677886136582	0.0	0.00015663816896246009	0.00031327633792492017	0.005952250420573484	0.00046991450688738026	0.0	0.005169059575761183	0.003226746280626678	0.0	0.0009398290137747605	0.00636066340152612	0.010236004468567119	0.0009250077110556602	0.019184374213204517	0.0020768738091473562	0.0024273233385405197	0.0007943428347568318	0.17584036568745642	0.0	0.004040150680786432	0.004415304426320388	0.0	0.0012513307902954792	0.000954973022012128	0.0	0.0	0.0	0.12254256487322045	7.080387891970274e-05	0.0003010524794682209	0.11975491123387637	0.060046426766487075	9.223313955150713e-05	0.0003971835712959405	0.0
Sor-CPnd_030-Ex1-2H-lcwgs-1-2.clmp.r2	0.06907743251244491	0.019893047458232435	0.0	0.0	0.0006265526758498403	0.0014097435206621408	0.0	0.0	0.0	0.0058895951529884995	0.0	0.0025375383371918536	0.005920922786780991	0.026414060928433875	0.0038425402592706798	0.00025517983160682915	0.00039084879656027006	3.3495877662336094e-05	0.0	0.02393735129416947	0.0021551976751088657	0.0003184617025918006	0.061670176454107876	0.07421307398129741	0.12038299820204146	0.0001000128516514372	0.06088372004298422	0.00016818472064237595	0.0009497516102741755	0.00037676325201945105	0.06969044276705637	0.00042354216785823193	0.00022503634336945415	0.00039921817113365186	0.00025582055722833777	0.0002752255702903171	0.004841289680050033	0.0
Sor-CPnd_031-Ex1-5D-lcwgs-1-2.clmp.r1	0.0	0.04016314154961845	0.0013576273199871025	0.0	0.0	0.00045254243999570085	0.004864831229953784	0.0030546614699709807	0.0	0.003937119227962597	0.003620339519965607	0.0	0.0009729662459907568	0.006879859324981697	0.009803281574584436	0.00039124450042565096	0.032035275830286626	0.0017036298353093839	0.001653585652404943	0.0010709179730378552	0.14868543987783683	0.0	0.003442274632128413	0.003893974852710401	0.0	0.0009452886487783284	0.0021424009717658757	0.0	0.0	0.0	0.10352779842974201	4.1562915239500066e-05	0.0006075748087332804	0.10492026559219114	0.05910131708785285	5.0323631272714826e-05	0.0007440543414773624	0.0
Sor-CPnd_031-Ex1-5D-lcwgs-1-2.clmp.r2	0.07806357089925839	0.021608901509794717	0.0	0.0	0.0	0.008032628309923691	0.0	0.0006788136599935512	0.0003394068299967756	0.003914492105962812	0.0	0.0018101697599828034	0.003914492105962812	0.0296920983713703	0.0036166134941081046	0.0006674464282179778	0.00030466755379608744	2.3995845839168322e-05	2.4680449875240326e-05	0.05578588622177848	0.0016124841163705998	0.0004949016877797226	0.05364936085288434	0.07325621323156298	0.10748672186108793	3.257062696176958e-05	0.05483216059096432	0.00010608079891571279	0.0006615934699254311	0.0007643705484970182	0.06005281782625514	0.0006222708238782739	0.0005629655291875975	0.000498180057671135	0.00028491922539959923	0.0002006379282930076	0.004396920036976508	0.0
Sor-CPnd_033-Ex1-2F-lcwgs-1-2.clmp.r1	0.0	0.04339557834242295	0.0030159089195506295	0.0	0.00016755049553059053	0.0015079544597753148	0.005026514865917716	0.0015079544597753148	0.0	0.0042222724873708815	0.0032839897123995744	0.0	0.0006366918830162441	0.006870627097217027	0.010128790430614926	0.0007813657185642984	0.01556409490991978	0.0023263683275526604	0.0023892103261670297	0.000934122330418498	0.16694458470596943	0.0	0.004433805188734419	0.004257504516946199	0.0	0.0013723350967839328	0.0013439776362121334	0.0	0.0	0.0	0.1146502650763163	0.0	0.00036492195049322854	0.11471317414474307	0.06473115218101276	0.0001812692655241265	0.0011769101988095552	0.0
Sor-CPnd_033-Ex1-2F-lcwgs-1-2.clmp.r2	0.06869570316754212	0.019770958472609682	0.0	0.0	0.0008377524776529525	0.006534469325693031	0.0	0.0005026514865917717	0.00033510099106118105	0.005160555262342189	0.0	0.002513257432958858	0.004791944172174889	0.02697977053453796	0.004038089956529961	0.00033973334329884475	0.00020706298752549033	0.0	0.0	0.02167074736803169	0.002208822891155408	0.0004438555064714133	0.05716032246189594	0.0736745561684266	0.11670632136740519	4.897279561203752e-05	0.05592295335158187	0.0	0.001206233816362964	0.0007288758123169079	0.06667808003171714	0.00034167148423459436	0.000800351572618081	0.0010888755804095728	0.0004172549962113247	0.0004518226072152456	0.00635549510773542	0.0
Sor-CPnd_034-Ex1-4G-lcwgs-1-2.clmp.r1	0.0	0.04061820914315888	0.006382861436782109	0.0	0.0008703901959248331	0.0002901300653082777	0.005222341175548998	0.0008703901959248331	0.0	0.005976679345350521	0.004235898953500854	0.0	0.0009284162089864885	0.007836385557135088	0.011549578176573703	0.0014980384684294386	0.06166114505056214	0.001553055280355598	0.0014308169351492444	0.0015874058109154353	0.11688411358403683	0.0	0.0044690035173686506	0.004986273635407435	0.0	0.0009751414767759222	0.0017425083756569255	0.0	0.0	0.0	0.08350129570976102	0.0	0.00017405652659757784	0.08540619335065129	0.04283800797229407	0.0002179698722042639	0.00023570063191339415	0.0
Sor-CPnd_034-Ex1-4G-lcwgs-1-2.clmp.r2	0.08123641828631777	0.02146962483281255	0.0	0.0	0.0008703901959248331	0.006382861436782109	0.0	0.0002901300653082777	0.0002901300653082777	0.006614965489028731	0.0	0.003133404705329399	0.006614965489028731	0.030532915469681572	0.00398682237944113	0.0002996585091629579	0.0003718937573913884	0.0	6.81307975050502e-05	0.046103064519038256	0.0032234569426738886	0.0006550499025203863	0.04134497299437463	0.1661154554120547	0.08715071626994934	0.0	0.037338701448092246	0.0002481029428730569	0.0005295852817658492	0.000282702294694526	0.045001102375997803	0.0006468263465307469	0.0005199495995521501	0.0007439175441794031	0.00020008603699590827	0.0004336513443191674	0.004694064355622316	0.0
Sor-CPnd_036-Ex1-5C-lcwgs-1-2.clmp.r1	0.0	0.04178791934467256	0.0023215510747040314	0.00011607755373520158	0.0	0.0004643102149408063	0.00441094704193766	0.0006964653224112094	0.0	0.004712748681649183	0.0033894645690678853	0.0	0.0009286204298816126	0.006617867825157325	0.010886499829109986	0.000711389343387636	0.03525089111143071	0.001955895558186263	0.0020056423668767904	0.0007886744177951056	0.1490680748963656	0.0	0.0039628607035440975	0.003856064835538835	0.0	0.0009723461028555187	0.0020146421027807193	0.0	0.0	0.0	0.10411587427731404	5.063086052210543e-05	0.00069301177586933	0.10320903652453126	0.055884288607868864	0.0	0.000539540203838289	0.0
Sor-CPnd_036-Ex1-5C-lcwgs-1-2.clmp.r2	0.07835234877126106	0.02298335563956991	0.0	0.0	0.0005803877686760079	0.008009351207728908	0.0	0.00011607755373520158	0.0	0.004666317660155103	0.0	0.001996533924245467	0.004689533170902143	0.03113879520030651	0.0033174082164258434	0.00033200098177433185	0.00019436818192861827	0.0	0.0	0.053247745333275684	0.0020541842449203875	0.0004504983412651075	0.054362538220192685	0.08235327241135208	0.11035039257913076	0.0001494621417999651	0.057054789169533215	8.307303781484682e-05	0.0006105778246856615	0.0006864284851347048	0.058226708475877464	0.00085881314044727	0.0004786261514947495	0.001177534657368255	0.00035577102102725324	0.0001263662561658835	0.0047116852486558235	0.0
Sor-CPnd_037-Ex1-6C-lcwgs-1-2.clmp.r1	0.0	0.04488093588373871	0.001519872330724219	0.0	0.00017880850949696697	0.0005364255284909009	0.005364255284909009	0.0008940425474848348	0.0	0.00438080848267569	0.002431795729158751	0.0	0.0006258297832393843	0.006295762772797011	0.008936659980987976	0.0008235938781717973	0.037324796674386825	0.001654100630866287	0.0017243562948221149	0.0009417130784498173	0.09018654720867553	0.0	0.003576328532017366	0.0034549131467964196	0.0	0.001177585831287278	0.0014400168961982488	0.0	0.0	0.0	0.062279853843195204	6.614957543548746e-05	0.0005541501691543392	0.059977563813802905	0.03207400848357524	0.00012124611911380404	0.00042741472221462376	0.0
Sor-CPnd_037-Ex1-6C-lcwgs-1-2.clmp.r2	0.07080816976079891	0.016182170109475508	0.0	0.0	0.00026821276424545044	0.010728510569818018	0.0	0.00017880850949696697	0.00017880850949696697	0.0038980255070338796	0.0	0.002235106368712087	0.004416570184575083	0.02777656552157343	0.0035856120738909964	0.0004575703271865776	0.0003369424234658684	1.923381335161315e-05	0.0	0.03500814911915607	0.0015886034015599663	0.0005048844275642311	0.033120902455753186	0.12187830294105051	0.06314314627514472	5.118324137837493e-05	0.03174713182923188	0.00011117302831160131	0.00046377026676065747	0.007652909981209536	0.0350166170913959	0.0006278152557785437	0.00048435180408938226	0.00116098762314632	0.00034319733312792336	0.0001615008597902023	0.004445067513736968	0.0
Sor-CPnd_038-Ex1-2A-lcwgs-1-2.clmp.r1	0.0	0.042058580733795696	0.002048698774998644	0.00012051169264697908	0.0	0.0008435818485288536	0.004699956013232184	0.0012051169264697906	0.0	0.003277918039997831	0.002771768930880519	0.0	0.0006989678173524787	0.0057850715745928335	0.009740136540762712	0.0009731301729471271	0.01131432903200258	0.0018975938509969358	0.0020354307429423985	0.000858214175929745	0.16405676956143012	0.0	0.004010219847594701	0.0037894267996425113	0.0	0.000962447771685035	0.0015073528350580765	0.0	0.0	0.0	0.11497686022140631	7.572909129255548e-05	0.0007464052729211239	0.11681923397451209	0.059571020570724414	0.00017859550707282856	0.0005152492705709758	0.0
Sor-CPnd_038-Ex1-2A-lcwgs-1-2.clmp.r2	0.0719454805102465	0.019040847438222694	0.0	0.0	0.00012051169264697908	0.006869166480877807	0.0	0.00024102338529395816	0.0	0.003808169487644539	0.0	0.002771768930880519	0.0035912484408799766	0.026611354901225834	0.0037944619706695337	0.0004378932372498261	0.00024595695949974325	0.0	0.0	0.019503046765965776	0.001786235112263544	0.00041106859748327363	0.060108471934792615	0.06757217460020526	0.1182711315346303	6.205504592849087e-05	0.06012040103768582	0.0	0.0009216810096162051	0.0008821245228147394	0.06438973750231333	0.0006803484744886331	0.0008233140586364272	0.0009368685048026731	0.0002970687378864917	0.00040073039793864283	0.005369638940808369	0.0
Sor-CPnd_041-Ex1-7A-lcwgs-1-2.clmp.r1	0.0	0.05915851575002518	0.0035833158111443827	0.0005408778582859445	6.760973228574307e-05	0.0006760973228574307	0.003515706078858639	0.061930514773740654	0.0	0.003028916006401289	0.0016631994142292793	0.0	0.0009059704126289571	0.017269540884454735	0.0070553475735574255	0.0011354416341275999	0.0360820496379176	0.0011161086406022804	0.0008387702760060364	0.0011004470194243769	0.058264778181613845	0.0	0.0038223624086045844	0.0038154147243587297	0.0	0.0016712159824461548	0.0031832590205852756	2.1156480949435163e-05	0.0	0.0001192140077412808	0.036763406630481235	0.00046221664420384407	0.0026532553839945724	0.038998417805348365	0.021212007417098097	0.0004778348933417383	0.0005997430700687825	0.0
Sor-CPnd_041-Ex1-7A-lcwgs-1-2.clmp.r2	0.21952880073180772	0.011966922614576523	0.0	0.0	0.0007437070551431738	0.082889531782321	0.0	0.0004732681260002015	0.00013521946457148613	0.0030424379528584383	0.0	0.002190555326058076	0.003083003792229884	0.05083497700660557	0.002862896173610366	0.012955393363090154	0.0001386749827280309	0.0	8.67695145722892e-05	0.020714410731522054	0.0024716060818703394	0.00036586964350934526	0.020630997486393386	0.07496403262652877	0.039121863248759034	0.00013287795425657444	0.01958816042763415	0.00014797705848243605	0.0004033556501051077	0.014575218128141889	0.023307194407898246	0.0016285097778441246	0.0008438150683257429	0.0008444854940850048	0.00043861395291715395	0.013810530511198436	0.018931935904037803	0.0
Sor-CPnd_043-Ex1-1D-lcwgs-1-2.clmp.r1	0.0	0.0483518820679319	0.004873958329871715	5.5385890112178584e-05	0.00011077178022435717	0.0004430871208974287	0.0045970288793108225	0.0014954190330288216	0.0	0.004331176606772365	0.0030683783122146934	0.0	0.0009526373099294716	0.007511068856117389	0.011420481233305323	0.0011631217920485863	0.05115313920166729	0.0017451998965739431	0.0018023825624870818	0.0013888903855380113	0.08288848168433721	0.0	0.005418824185661713	0.005903107182190286	0.0	0.0016684836211491763	0.002244696978713192	1.5660868282388008e-05	3.2592792495053226e-05	1.6985642885351156e-05	0.058552036327434755	7.411486469960875e-05	0.0007175704692988444	0.057384689715980354	0.03176649955407188	0.00013581334538148612	0.000622512344898655	0.0
Sor-CPnd_043-Ex1-1D-lcwgs-1-2.clmp.r2	0.08734354870690562	0.019994306330496467	0.0	0.0	0.0016615767033653576	0.017391169495224075	0.0	5.5385890112178584e-05	0.00016615767033653574	0.004187173292480701	0.0	0.002669599903407008	0.0035779285012467366	0.038895789417243365	0.003632827966598424	0.0005144895352269307	0.00024878136708979856	1.1483014038558813e-05	2.3411037297411124e-05	0.03282328510908983	0.003318848811809103	0.0006073472312937686	0.031221647844883647	0.11372550237994151	0.06009586801738752	7.252702429452237e-05	0.029125576111124162	0.00023480075981525874	0.0006351466716522966	0.023489281911946082	0.03451399286521922	0.0009623185659380681	0.00040669930589985124	0.0015023248477018184	0.0004054437870327554	0.000632587663094655	0.008369703681402208	0.0
Sor-CPnd_044-Ex1-8G-lcwgs-1-2.clmp.r1	0.0	0.04649597805167986	0.006100863919305906	0.0	9.243733211069556e-05	0.0010168106532176511	0.005638677258752429	0.0019411839743246066	0.0	0.005860526855818098	0.0033647188888293184	0.0	0.0009243733211069556	0.009190960607025038	0.013423306775693747	0.0016900905622684432	0.06625646483692886	0.0022451578922457706	0.0021496003850735123	0.0014556342529265967	0.11402326324712685	0.0	0.006571038726610001	0.006373661633199041	0.0	0.0019970528341508136	0.0018476545140907548	0.00016748892563223718	3.521645087199454e-05	0.0	0.08092194130061858	4.1051897398171795e-05	0.00021649379637026504	0.0839618652986297	0.04477308188046944	5.170382189481064e-05	0.0011578624095557833	0.0
Sor-CPnd_044-Ex1-8G-lcwgs-1-2.clmp.r2	0.08189947625007626	0.022554709035009717	0.0	0.0	0.0019411839743246066	0.015806783790928938	0.0	0.0007394986568855645	0.0005546239926641733	0.006119351385728045	0.0	0.0037714431501163783	0.005527752460219594	0.03580227895560166	0.004530526519893765	0.00041781153357343573	0.0004100033795992861	0.0	6.323204262682767e-05	0.044996707961439585	0.004076671064529996	0.0006584898486473277	0.04163071852404676	0.15940118514985344	0.08210894823892097	6.0474007364524617e-05	0.040580850421849876	0.00043496459555486257	0.0012307354734533873	0.0007762672192703533	0.046465745413597624	0.0004915083736643259	0.0007342147077026464	0.0013687092980072505	0.0003380845481838098	0.0007215933192828806	0.010400994092895736	0.0
Sor-CPnd_045-Ex1-7B-lcwgs-1-2.clmp.r1	0.0	0.04557128671371949	0.0011955430156377026	0.0	0.0	0.0006329345376905485	0.004500867823577234	0.00049228241820376	0.0	0.004444606975782518	0.0008720431408180889	0.0	0.00011252169558943084	0.006049096152493494	0.005428165648956287	0.0008858243810302138	0.0656932685949172	0.0004291216132131576	1.513489886709228e-05	0.00024819792791959877	0.10415956499881807	0.0	0.0035580425504790963	0.0016331162620679038	0.0	0.0008495582020319585	0.00047654993099557	0.0	6.100560417815182e-05	0.0	0.07158693294625298	4.513324801645017e-05	0.00039791827882086986	0.07066745975043151	0.03775323915702157	7.958665872922391e-05	0.00016659604845279473	0.0
Sor-CPnd_045-Ex1-7B-lcwgs-1-2.clmp.r2	0.07215453729672253	0.004289889644347051	0.0	0.0	0.0002109781792301828	0.007806192631516765	0.0	7.032605974339428e-05	7.032605974339428e-05	0.0033053248079395305	0.0	0.001547173314354674	0.0036850855305538602	0.02498420902329468	0.0031099520728113286	0.0002428966656145907	0.00017414766328665402	1.4798575844255053e-05	7.568031303799243e-05	0.038488895852709	0.0019274817641906068	9.826252208450184e-05	0.0391881047576956	0.13813071324508674	0.07401803898748908	5.5394552315076824e-05	0.03580685868086694	0.00021636149206032	2.032603364487045e-05	0.0007146550528214161	0.04166466320918859	0.0001803767664804051	0.0005612143368749856	0.0008015560875512996	0.00020232077098376197	0.00031800673379258807	0.004274284737306346	0.0
Sor-CPnd_046-Ex1-5A-lcwgs-1-2.clmp.r1	0.0	0.034354023580816496	0.0010735632369005155	0.0	0.0	0.0016103448553507734	0.00483103456605232	0.003489080519926676	0.0	0.004294252947602062	0.0029522989014764177	0.0	0.0005904597802952836	0.006872438942675268	0.01016476654018381	0.0008257342842122358	0.03193970870306095	0.0015865125281605973	0.0013521154460751775	0.0009701805311932444	0.1477638158484043	0.0	0.003952440515770237	0.0030638675614264046	0.0	0.001129105710640316	0.0019047389906086342	0.0	0.0	0.0	0.11126878056252128	0.00026870668784075366	0.0022832353444831328	0.10657339217641996	0.05278847850974563	0.0005215015071393556	0.0007465876279231239	0.0
Sor-CPnd_046-Ex1-5A-lcwgs-1-2.clmp.r2	0.08373793247824021	0.020666092310334925	0.0	0.0	0.0002683908092251289	0.015029885316607218	0.0	0.0005367816184502578	0.0002683908092251289	0.00483103456605232	0.0	0.00203977015011098	0.004777356404207294	0.030818709211518892	0.00324417440897901	0.0009358929822890511	0.000396404497945209	0.0	6.145208826486342e-05	0.052450356481337765	0.0018459985929388503	0.000508266962139194	0.052673122222557885	0.07712288605093587	0.1031487274058845	0.0	0.04976613919899547	0.00021261147485390931	0.0003376481008982565	0.0007151848037532898	0.0569468891341295	0.0009377130785522246	0.0009956787542067427	0.0007564273633060112	0.0003224885798731652	0.0008649351817574791	0.0037134273820708303	0.0
Sor-CPnd_049-Ex1-3B-lcwgs-1-2.clmp.r1	0.0	0.049160490092270456	0.001654439570412948	0.0	0.0	0.0007090455301769777	0.004726970201179852	0.0004726970201179852	0.0	0.00477423990319165	0.00037815761609438813	0.0	4.7269702011798516e-05	0.005011341706371307	0.004938130917447746	0.0006236438744019614	0.06720128589514258	0.00039879086609400293	0.0	5.283465869074659e-05	0.11984727813758096	0.0	0.003905038920221238	0.0018529270070287698	0.0	0.00108013158703059	0.0005656780499946261	0.0	7.765488460872422e-05	0.0	0.07898508867637935	0.00017990367956995825	0.00037892997752945237	0.08070339803255502	0.04077015455690975	0.00022486892952270447	0.00023873670087365696	0.0
Sor-CPnd_049-Ex1-3B-lcwgs-1-2.clmp.r2	0.07374073513840569	0.002363485100589926	0.0	0.0	0.0002363485100589926	0.007799500831946755	0.0	0.0004726970201179852	0.0	0.0035924973528966876	0.0	0.001370821358342157	0.004159733777038269	0.02259841064148756	0.0034188407565704662	0.0003838066228711326	0.00029262654269055475	4.985350547416417e-05	0.00010244321956501585	0.03920685898106552	0.0023522268203090167	5.679739913349888e-05	0.04064105195843136	0.15506958987150407	0.07625452237057376	6.749122951472456e-05	0.04078626301696765	0.00014807750969167302	0.0	0.00032568754676669617	0.04641188280956854	0.00026943913549555245	0.00047293309320943744	0.0017949257449191138	0.0006327331859065009	0.0	0.003938107274042145	0.0
Sor-CPnd_050-Ex1-3F-lcwgs-1-2.clmp.r1	0.0	0.04779999294145182	0.003962693715353518	6.191708930239872e-05	0.00043341962511679106	0.0004953367144191898	0.004210362072563114	0.006872796912566259	0.0	0.004458030429772709	0.0022166317970258747	0.0	0.0006563211466054265	0.008397575404467733	0.009190234491697221	0.001601216016396452	0.05180449318494538	0.0015037593984962405	0.0015244749000652257	0.0012137217167557388	0.09133367746365761	0.0	0.0047706991742647465	0.0048610324628275995	0.0	0.001855975189020657	0.0025508841603645214	4.1809017661592375e-05	4.38149021930892e-05	9.184777517134202e-05	0.06488171675143291	0.00025315519983312013	0.0016784576093541775	0.06314027171953693	0.037035726992594935	0.00028511599469050657	0.0010454969938588857	0.0
Sor-CPnd_050-Ex1-3F-lcwgs-1-2.clmp.r2	0.09405205865034366	0.013869428003737314	0.0	0.0	0.0013621759646527721	0.030401290847477776	0.0	0.003281605733027133	0.001795595589769563	0.004334196251167911	0.0	0.0032320720615852134	0.004321812833307431	0.03739277136667421	0.003972555741868558	0.0012356524049263193	0.00015426722425697834	1.3191983864620694e-05	5.4450297700196385e-05	0.03322428878992172	0.0033218967971917327	0.0005846130461631999	0.03167992377412522	0.12393302398113396	0.06445529523796514	0.00011358024036986269	0.03234609364154274	0.0002715453478642123	0.0006346532954700636	0.0019723133079317724	0.03620827868008434	0.0013648192069490527	0.0007446113408030262	0.0011496821689623389	0.00029656421460454196	0.0015491837382499154	0.00936329272650664	0.0
Sor-CPnd_052-Ex1-6D-lcwgs-1-2.clmp.r1	0.0	0.047672073915791376	0.0019261444006380352	0.0	0.0001203840250398772	0.0004815361001595088	0.0044542089264754565	0.005537665151834351	0.0	0.004044903241339874	0.0026243717458693232	0.0	0.001131609835374846	0.007273088080949952	0.008152312369435621	0.0010865689215605896	0.03418799947918504	0.0016563917792487236	0.0013432091184710441	0.0013503488784346986	0.08001381342024579	0.0	0.0037633548240106106	0.004073118606690656	0.0	0.0009381942127286032	0.002087512889304845	0.0	0.0	0.0	0.05942244776342395	6.0638584937981886e-05	0.0007163412415235667	0.05861016189569212	0.032089736494184964	0.0	0.0005346564297782245	0.0
Sor-CPnd_052-Ex1-6D-lcwgs-1-2.clmp.r2	0.07981460860143859	0.01625184338038342	0.0	0.0	0.0001203840250398772	0.03069792638516869	0.0	0.0009630722003190176	0.0001203840250398772	0.004285671291419629	0.0	0.0023595268907815933	0.004767207391579138	0.0415433611541396	0.0037365970810382984	0.0012100919694592544	0.00032998181800182814	0.0	0.0	0.03197968930568158	0.0020262719771121994	0.0006711014756562734	0.032167038107263006	0.11529744940423647	0.05887936892962134	4.075330030414188e-05	0.027756023252510746	9.26873396509024e-05	0.0008910070656860309	0.022773602910794055	0.03184298023194562	0.0008465500967183486	0.000324514753089705	0.0009766871747718911	0.00015042706243023943	0.0004905531722847269	0.006038229093963724	0.0
Sor-CPnd_053-Ex1-2C-lcwgs-1-2.clmp.r1	0.0	0.041267229393723216	0.0018225274811108046	0.0	0.0	0.0006509026718252873	0.004556318702777011	0.0005207221374602299	0.0	0.004113704885935816	0.0030462245041423448	0.0	0.0006769387786982987	0.006119492066534242	0.009050152492453847	0.0006609224574048695	0.014708377510003446	0.001621727409062323	0.002003626846793661	0.0007848714002745307	0.17851890596932732	0.0	0.004042656821126343	0.003867926781155057	0.0	0.0011255263197068404	0.0017738499790912153	0.0	0.0	0.0	0.11896808063949635	0.0001375138144086058	0.00047810837378130174	0.12449899035270379	0.06435728732198155	0.0	0.0004091215400737471	0.0
Sor-CPnd_053-Ex1-2C-lcwgs-1-2.clmp.r2	0.0688655026791154	0.019657260689123674	0.0	0.0	0.00013018053436505747	0.0035148744278565513	0.0	0.0	0.0	0.004556318702777011	0.0	0.0021870329773329656	0.004426138168411953	0.02854015790311085	0.0032957926852235486	0.0002379465529740411	0.000268928245641211	0.0	0.0	0.021860833700103083	0.0017123904971339992	0.00040459482784645684	0.06457136833746026	0.07336569672866998	0.12008780132819413	3.628489155171613e-05	0.06063920052795324	3.9148872199289685e-05	0.0004472384651101142	0.0004225024822020829	0.07005050755855524	0.0005490900205634212	0.00047716912734832817	0.001197858827346119	0.0005232706298137627	0.0004974269210765866	0.005427687157450201	0.0
Sor-CPnd_054-Ex1-8F-lcwgs-1-2.clmp.r1	0.0	0.05001623122888437	0.003606939752083008	0.00048092530027773437	0.00024046265013886718	0.00048092530027773437	0.006492491553749414	0.0168323855097207	0.0	0.005097808182943984	0.002404626501388672	0.0	0.00048092530027773437	0.011018340002877278	0.009893423943450554	0.0013022385480641223	0.04540652114709786	0.0018020379410897415	0.0013234401387885921	0.0012186487379064347	0.09322234014671651	0.0	0.003952731300038408	0.004104043126250827	0.0	0.002351719389079744	0.0014187056337814077	0.0	0.0	0.0	0.06444432941663647	0.0004116604185763136	0.0016036224373020072	0.06395122322236554	0.035447248200306765	0.0	0.0013391029540611166	0.0
Sor-CPnd_054-Ex1-8F-lcwgs-1-2.clmp.r2	0.12119317566998905	0.014187296358193165	0.0	0.0	0.001442775900833203	0.04111911317374629	0.0	0.001202313250694336	0.0009618506005554687	0.00432832770249961	0.0	0.0029336443316941795	0.005530640953193945	0.04537266208096446	0.004629927461220702	0.0033556912523640095	0.000728981763479784	5.460876099274358e-05	0.0	0.031622585959815555	0.003048551095013608	0.00048549749622005516	0.031089241780362334	0.12716833677328643	0.06182506549891784	0.0001879748715191753	0.03168692909113181	0.00021615055318330322	0.0008039249915013643	0.003045719910723858	0.036670617796612355	0.0006844448946570862	0.00043625005271354805	0.0006189756262872759	0.0004953895743612777	0.0023127104788911797	0.007641652354488611	0.0
Sor-CPnd_055-Ex1-7G-lcwgs-1-2.clmp.r1	0.0	0.04579285973260209	0.005218046885050925	0.0	0.0006297642792302841	0.0008096969304389368	0.00557791218746823	0.0016193938608778735	0.0	0.0057398515735560185	0.003256780986876612	0.0	0.0010616026421310504	0.008693554889989633	0.012960478165406197	0.001886206633196978	0.0689060793980517	0.002147085184127328	0.0019926014912054375	0.0018930813469962178	0.1114444571813845	0.0	0.005442046612640917	0.006320733205051787	0.0	0.001466058501718131	0.0028850147262564872	0.00013448334524631634	0.0001071137451571198	0.0	0.07322745359401876	0.0001290802259420275	0.0006431937694738399	0.07925047621527632	0.043070840197693576	0.0	0.001477887114055938	0.0
Sor-CPnd_055-Ex1-7G-lcwgs-1-2.clmp.r2	0.08060982774147636	0.023931042610750797	0.0	0.0	0.0013494948840648943	0.005397979536259577	0.0	0.0005397979536259579	0.0005397979536259579	0.0060637303457315925	0.0	0.00349069343344786	0.005955770755006401	0.03232640889415423	0.004465494794975701	0.0002958926767672098	0.0002851485509891233	0.0	0.0	0.040253500236551165	0.003549882978220676	0.000881688590925804	0.038740007697624416	0.15615998908106324	0.08002713472946257	2.9890013716527294e-05	0.03739303723282659	0.00026856226867976466	0.0006772206153083938	0.00026504780515805744	0.044704545244020365	0.0013730729243320967	0.00041214905507959974	0.0015666553084156807	0.00010498478245578304	0.00045419938558178115	0.00816373130398114	0.0
Sor-CPnd_058-Ex1-2G-lcwgs-1-2.clmp.r1	0.0	0.04413935082774064	0.0017042220396811059	0.0	0.0	0.0011929554277767742	0.0071577325666606455	0.0005112666119043318	0.0	0.004874075033487963	0.0028971774674578805	0.0	0.0007157732566660644	0.0062725825756519485	0.010103725877354468	0.0007624323254671111	0.019294758893258282	0.0024684420573157723	0.002364579056135107	0.0008982213654839304	0.18057932495451803	0.0	0.004011366754704012	0.0042663460442972775	0.0	0.0011515493822760099	0.0010525780267319732	0.0	0.0	0.0	0.12910036950456227	0.0	0.0005184754402504582	0.13281162203855623	0.06228464483232713	0.0002182908048272829	0.00035623995848617016	0.0
Sor-CPnd_058-Ex1-2G-lcwgs-1-2.clmp.r2	0.07004352583089346	0.02045066447617327	0.0	0.0	0.0005112666119043318	0.0028971774674578805	0.0	0.0001704222039681106	0.0001704222039681106	0.005658017171741272	0.0	0.0025904175003152808	0.005760270494122138	0.027476676358501765	0.004281263239806569	0.00013862670151279855	0.0004947391558477815	3.629899774837317e-05	3.753301497830029e-05	0.024448970585076366	0.001879839821300792	0.0002580827206736303	0.06306011989624241	0.07925131726249673	0.12114674607250896	0.00010952482654005598	0.06193410701349766	0.00018627234880118221	0.0014542983440169175	0.0004930626090901022	0.07099994214819529	0.0004817713769989497	0.0002579631061165632	0.0011082512073011589	0.0003978765329436796	0.000324898252697197	0.005303626737821694	0.0
Sor-CPnd_063-Ex1-7D-lcwgs-1-2.clmp.r1	0.0	0.04891061444662137	0.005434512716291263	0.0	0.00028109548532541015	0.00018739699021694015	0.0041227337847726826	0.0020613668923863413	0.0	0.004759883551510279	0.002904653348362572	0.0	0.0008432864559762306	0.007591441727249808	0.01124699128829945	0.0014179724947827235	0.049797163346463516	0.001758379283624153	0.0019483719152873032	0.0013304859479963207	0.0872659414180932	0.0	0.005427374319222579	0.0062229978166545965	0.0	0.0018567715870327788	0.0021794150512271506	0.0	0.0	0.0	0.05562880515120387	0.00012468900484042717	0.0007953386087848685	0.05702218026260339	0.03187691688873246	5.406577317569916e-05	0.0006390184676337146	0.0
Sor-CPnd_063-Ex1-7D-lcwgs-1-2.clmp.r2	0.08264207268567059	0.020051477953212594	0.0	0.0	0.0017802714070609313	0.028578041008083366	0.0	0.0008432864559762306	0.0008432864559762306	0.005340814221182794	0.0	0.003054570940536124	0.004628705658358421	0.04363689529488175	0.003566747720536824	0.0005748897361486067	0.0002353561870728653	4.042411363056645e-05	2.0951969495608573e-05	0.0324153209727563	0.00364697883133931	0.0006929409153176024	0.03042662347141392	0.11564054217623428	0.05723985032239627	0.0	0.03164115876954783	0.00029587967822756236	0.0006608438210407107	0.022955132480222844	0.03547929677533048	0.0007465122326397544	0.0004407429868975925	0.001314645336859087	0.0003007010845786952	0.0007005061426305946	0.007532856291064932	0.0
Sor-CPnd_066-Ex1-8B-lcwgs-1-2.clmp.r1	0.0	0.05112714630378369	0.001243633288470414	0.0	0.0	0.0005527259059868506	0.004421807247894805	0.0011054518119737013	0.0	0.004670533905588888	0.0008567251542796185	0.0	0.00019345406709539775	0.005583801667787573	0.006036102569237852	0.000761403283170957	0.06602936147822873	0.0005022350938839878	3.0435831983250552e-05	0.000282924559737949	0.11397260559135812	0.0	0.004167130653903341	0.0019291141544201282	0.0	0.0010213509487564658	0.0005712033541060953	4.2300737090343797e-05	0.0	0.0	0.07647943298460161	4.906578740775632e-05	0.0004591794565151953	0.07947199993200256	0.042572062084257206	0.0	0.0	0.0
Sor-CPnd_066-Ex1-8B-lcwgs-1-2.clmp.r2	0.07821071569713936	0.005941803489358645	0.0	0.0	0.0002763629529934253	0.016996321609095658	0.0	0.00013818147649671266	0.0	0.0034545369124178165	0.0	0.001354178469667784	0.0036203546842138714	0.029218217793756426	0.0025869752195590906	0.0002820102820948852	0.00017270292161532496	2.954452389295192e-05	0.0001217480709779079	0.04171494639928025	0.0021466493243421252	0.000101158671422473	0.04121382235266846	0.14636706180678527	0.0820253999021743	7.85282240253175e-05	0.03951360344490115	0.00012681294963116452	8.7679727000402e-05	0.0005000218191339259	0.04463272597912453	0.00029402410703653593	0.0002547875861373132	0.0007428434987928794	0.00016608113838655498	0.00011629462079231525	0.0038456138637431862	0.0
Sor-CPnd_069-Ex1-6B-lcwgs-1-2.clmp.r1	0.0	0.04393383564352085	0.0009249228556530706	0.0	0.0	0.0005780767847831692	0.00543392177696179	0.0010405382126097045	0.0	0.0039077990651342235	0.0007861844273051101	0.0	0.00011561535695663383	0.0049494279478931626	0.004164773323486785	0.0007777394930929663	0.040739665132443544	0.0005163841307779696	5.0480078163353026e-05	0.0002595134382546164	0.10239659853135395	0.0	0.003722078374468929	0.0013199732485421629	0.0	0.0009390514891322006	0.00032381794307604375	0.0	6.937656140623515e-05	0.0	0.07112478933754415	0.00011610271064998553	0.0004022322279723554	0.06921501220887534	0.037769258614749196	4.5737075845792875e-05	4.792641569839332e-05	0.0
Sor-CPnd_069-Ex1-6B-lcwgs-1-2.clmp.r2	0.0672881377487609	0.0038153067795689164	0.0	0.0	0.00023123071391326766	0.006474459989571494	0.0	0.00011561535695663383	0.00011561535695663383	0.0036303222084383023	0.0	0.0014105073548709328	0.0041159067076561645	0.02322063768866768	0.00330374619225802	0.00030635933640682446	0.0002882434850366802	0.0	0.0	0.0379675155853667	0.0018429206606630187	0.00019269212368191706	0.03704828579229492	0.1376483686923141	0.07142275150849516	6.258766184387008e-05	0.0348301786017755	0.0001339456435184038	6.933495299783536e-05	0.0005387157017669876	0.04182811586872304	0.000309326144593733	0.0008036986210540909	0.0006270357761532442	0.00021782088501496867	0.00018277759804647304	0.003785158250758589	0.0
Sor-CPnd_072-Ex1-8C-lcwgs-1-2.clmp.r1	0.0	0.0493635859416981	0.004880436921115363	5.083788459495169e-05	0.0003558651921646619	0.0004575409613545653	0.004727923267330508	0.0006100546151394204	0.0	0.004331387767489885	0.0032841273448338793	0.0	0.0009049143457901402	0.007729248493305046	0.012214313948378259	0.0016871704454109275	0.062443916939284805	0.0017362316827557469	0.0021011897987235273	0.0011976751669889381	0.10321410369601405	0.0	0.005239386228840696	0.005768217395058138	0.0	0.001625070326884207	0.0020607859110128397	5.531800314731778e-05	9.937879733483101e-05	0.0	0.0719696691983731	4.613530685822866e-05	0.0006487963877549018	0.07249010353562899	0.03997006454306758	5.2488166542852916e-05	0.000671996873216711	0.0
Sor-CPnd_072-Ex1-8C-lcwgs-1-2.clmp.r2	0.08052720919840349	0.018708341530942224	0.0	0.0	0.0010675955764939858	0.01016757691899034	0.0	0.0002541894229747585	0.0003558651921646619	0.004321220190570894	0.0	0.003517981613970657	0.004097533498353107	0.0303067778159268	0.0036418301014648647	0.00038299486248621217	0.00019982329310680102	0.0	4.378133238415405e-05	0.03928074482292321	0.003381802395210267	0.000540732560963482	0.037834331021664565	0.13853729473837362	0.07570943333930358	7.861674363682628e-05	0.03763732405224303	0.0002488527198358014	0.0007379197219972591	0.002242804239307795	0.041226433306412284	0.0007222849653925612	0.0004427139249024369	0.0011892555162721107	0.00030277742780818916	0.0006642362611469333	0.007970119495511407	0.0
Undetermined.clmp.r1	0.0	0.06423124208395976	0.005402000858062027	0.0005662338248812004	0.0006893934366590743	0.0005542182530004322	0.005146669955595703	0.13130566886420628	0.0	0.004080388080943201	0.0027612785479662004	0.011621360993313309	0.001858308321126472	0.05840369266080688	0.010665015667465427	0.0020105114296798815	0.03476261038492792	0.002203428534800149	0.007583764162869861	0.002480716864002864	0.06678617757812301	2.0569323330570435e-06	0.008444097561355196	0.006393719646521377	0.0025743944518798706	0.0023553901818002447	0.005118778779747858	0.003074378821661797	7.940265713688222e-05	0.0012065535633905009	0.029413874106815986	0.0005484554544834616	0.0037765101855970194	0.028636410482732175	0.017238564044716444	0.0007590914458181076	0.01694593974762701	0.0
Undetermined.clmp.r2	0.34570802896283515	0.01677874483383603	0.0	0.0	0.0018213604375931097	0.10066295667527725	0.0	0.16430994157653464	0.07968977595739639	0.009446542482894268	1.8724266180863743e-05	0.0038222535450380306	0.004202546395064343	0.06999854700459174	0.021073788242169836	0.018711124180324896	0.0003158543625414103	0.005733227823253948	0.011153612049987067	0.018943459641107527	0.03406548461921748	0.0009411259818397921	0.01658156350045534	0.06797732820510625	0.030971843789040037	0.0029939614313440775	0.01674004602800597	0.00027031895387370113	0.0007492557569763774	0.018336356810562185	0.0187672794614056	0.0033653577805128243	0.0010183333035196798	0.0013864968130942125	0.0008252480795722435	0.01719946649215882	0.058936316804996745	0.0
