	16.0	17.0	18.0	19.0	20.0	21.0	22.0	23.0	24.0	25.0	26.0	27.0	28.0	29.0	30.0	31.0	32.0	33.0	34.0	35.0	36.0	37.0	38.0	39.0	40.0
Sor-ACeb_001-Ex1-8E-lcwgs-1-2.1	2.0	5.0	64.0	186.0	521.0	825.0	1075.0	1313.0	1538.0	1721.0	2073.0	2379.0	2916.0	3702.0	4480.0	6685.0	17819.0	43976.0	72842.0	91008.0	112661.0	99712.0	143378.0	153273.0	88544.0
	14.0	15.0	16.0	17.0	18.0	19.0	20.0	21.0	22.0	23.0	24.0	25.0	26.0	27.0	28.0	29.0	30.0	31.0	32.0	33.0	34.0	35.0	36.0	37.0	38.0	39.0	40.0
Sor-ACeb_001-Ex1-8E-lcwgs-1-2.2	7.0	51.0	433.0	1206.0	2191.0	2399.0	2202.0	1963.0	2020.0	2307.0	2543.0	2826.0	3292.0	3677.0	4572.0	6586.0	10831.0	17349.0	28605.0	42832.0	66189.0	84400.0	98926.0	111433.0	125114.0	170177.0	58567.0
	16.0	17.0	18.0	19.0	20.0	21.0	22.0	23.0	24.0	25.0	26.0	27.0	28.0	29.0	30.0	31.0	32.0	33.0	34.0	35.0	36.0	37.0	38.0	39.0	40.0
Sor-ACeb_002-Ex1-9E-lcwgs-1-2.1	3.0	4.0	14.0	52.0	110.0	165.0	150.0	171.0	202.0	234.0	276.0	385.0	645.0	886.0	1166.0	2080.0	7545.0	16128.0	18358.0	17668.0	16038.0	11698.0	15309.0	21750.0	15806.0
	15.0	16.0	17.0	18.0	19.0	20.0	21.0	22.0	23.0	24.0	25.0	26.0	27.0	28.0	29.0	30.0	31.0	32.0	33.0	34.0	35.0	36.0	37.0	38.0	39.0	40.0
Sor-ACeb_002-Ex1-9E-lcwgs-1-2.2	7.0	86.0	234.0	432.0	476.0	394.0	314.0	314.0	279.0	307.0	329.0	381.0	417.0	589.0	988.0	1701.0	2999.0	5186.0	8121.0	12905.0	15863.0	17584.0	18635.0	18421.0	27584.0	12297.0
	16.0	17.0	18.0	19.0	20.0	21.0	22.0	23.0	24.0	25.0	26.0	27.0	28.0	29.0	30.0	31.0	32.0	33.0	34.0	35.0	36.0	37.0	38.0	39.0	40.0
Sor-ACeb_003-Ex1-10E-lcwgs-1-2.1	1.0	1.0	15.0	61.0	144.0	210.0	230.0	252.0	308.0	354.0	448.0	564.0	706.0	1032.0	1885.0	5545.0	18685.0	45770.0	68916.0	53334.0	30522.0	26231.0	28296.0	37977.0	20827.0
	15.0	16.0	17.0	18.0	19.0	20.0	21.0	22.0	23.0	24.0	25.0	26.0	27.0	28.0	29.0	30.0	31.0	32.0	33.0	34.0	35.0	36.0	37.0	38.0	39.0	40.0
Sor-ACeb_003-Ex1-10E-lcwgs-1-2.2	28.0	155.0	435.0	776.0	907.0	782.0	630.0	522.0	525.0	543.0	628.0	809.0	1045.0	1833.0	3718.0	7692.0	12616.0	20132.0	27941.0	38836.0	42020.0	40911.0	39646.0	38118.0	48474.0	12592.0
	17.0	18.0	19.0	20.0	21.0	22.0	23.0	24.0	25.0	26.0	27.0	28.0	29.0	30.0	31.0	32.0	33.0	34.0	35.0	36.0	37.0	38.0	39.0	40.0
Sor-ACeb_004-Ex1-11E-lcwgs-1-2.1	5.0	32.0	91.0	198.0	321.0	367.0	360.0	455.0	531.0	714.0	940.0	1426.0	2188.0	2894.0	5063.0	18357.0	44204.0	51575.0	44961.0	42919.0	29846.0	29953.0	9282.0	3591.0
	15.0	16.0	17.0	18.0	19.0	20.0	21.0	22.0	23.0	24.0	25.0	26.0	27.0	28.0	29.0	30.0	31.0	32.0	33.0	34.0	35.0	36.0	37.0	38.0	39.0	40.0
Sor-ACeb_004-Ex1-11E-lcwgs-1-2.2	15.0	155.0	457.0	859.0	938.0	896.0	644.0	561.0	618.0	717.0	789.0	903.0	986.0	1393.0	2242.0	3985.0	6880.0	11998.0	18996.0	31583.0	42021.0	47624.0	49896.0	37895.0	22377.0	4845.0
	18.0	19.0	20.0	21.0	22.0	23.0	24.0	25.0	26.0	27.0	28.0	29.0	30.0	31.0	32.0	33.0	34.0	35.0	36.0	37.0	38.0	39.0	40.0
Sor-ACeb_005-Ex1-12E-lcwgs-1-2.1	2.0	24.0	48.0	77.0	68.0	67.0	88.0	94.0	123.0	167.0	206.0	322.0	442.0	781.0	2334.0	5966.0	8087.0	7257.0	5197.0	4645.0	5170.0	11093.0	8056.0
	15.0	16.0	17.0	18.0	19.0	20.0	21.0	22.0	23.0	24.0	25.0	26.0	27.0	28.0	29.0	30.0	31.0	32.0	33.0	34.0	35.0	36.0	37.0	38.0	39.0	40.0
Sor-ACeb_005-Ex1-12E-lcwgs-1-2.2	9.0	29.0	90.0	168.0	197.0	175.0	148.0	152.0	134.0	137.0	113.0	159.0	193.0	253.0	410.0	759.0	1214.0	2081.0	3131.0	4651.0	5663.0	6264.0	6836.0	7407.0	13407.0	6534.0
	17.0	18.0	19.0	20.0	21.0	22.0	23.0	24.0	25.0	26.0	27.0	28.0	29.0	30.0	31.0	32.0	33.0	34.0	35.0	36.0	37.0	38.0	39.0	40.0
Sor-ACeb_006-Ex1-1F-lcwgs-1-2.1	2.0	3.0	16.0	29.0	41.0	49.0	36.0	57.0	51.0	85.0	129.0	164.0	216.0	371.0	537.0	1409.0	3207.0	3964.0	4117.0	4117.0	3266.0	4786.0	7420.0	4948.0
	15.0	16.0	17.0	18.0	19.0	20.0	21.0	22.0	23.0	24.0	25.0	26.0	27.0	28.0	29.0	30.0	31.0	32.0	33.0	34.0	35.0	36.0	37.0	38.0	39.0	40.0
Sor-ACeb_006-Ex1-1F-lcwgs-1-2.2	1.0	16.0	54.0	90.0	128.0	108.0	86.0	60.0	73.0	86.0	76.0	91.0	115.0	95.0	143.0	200.0	294.0	376.0	536.0	717.0	1012.0	1825.0	3895.0	9723.0	15491.0	3729.0
	18.0	19.0	20.0	21.0	22.0	23.0	24.0	25.0	26.0	27.0	28.0	29.0	30.0	31.0	32.0	33.0	34.0	35.0	36.0	37.0	38.0	39.0	40.0
Sor-ACeb_007-Ex1-2F-lcwgs-1-2.1	6.0	14.0	37.0	47.0	45.0	44.0	49.0	58.0	68.0	102.0	166.0	213.0	278.0	396.0	1027.0	1848.0	2164.0	2037.0	1866.0	1539.0	2095.0	3554.0	2212.0
	16.0	17.0	18.0	19.0	20.0	21.0	22.0	23.0	24.0	25.0	26.0	27.0	28.0	29.0	30.0	31.0	32.0	33.0	34.0	35.0	36.0	37.0	38.0	39.0	40.0
Sor-ACeb_007-Ex1-2F-lcwgs-1-2.2	5.0	21.0	44.0	50.0	71.0	62.0	49.0	48.0	58.0	67.0	53.0	85.0	92.0	100.0	134.0	175.0	267.0	307.0	452.0	602.0	1125.0	2403.0	5065.0	6676.0	1854.0
	17.0	18.0	19.0	20.0	21.0	22.0	23.0	24.0	25.0	26.0	27.0	28.0	29.0	30.0	31.0	32.0	33.0	34.0	35.0	36.0	37.0	38.0	39.0	40.0
Sor-ACeb_008-Ex1-3F-lcwgs-1-2.1	1.0	3.0	20.0	39.0	57.0	48.0	56.0	61.0	72.0	92.0	121.0	174.0	267.0	355.0	689.0	2149.0	4862.0	6361.0	6225.0	5187.0	3639.0	5075.0	6558.0	4231.0
	16.0	17.0	18.0	19.0	20.0	21.0	22.0	23.0	24.0	25.0	26.0	27.0	28.0	29.0	30.0	31.0	32.0	33.0	34.0	35.0	36.0	37.0	38.0	39.0	40.0
Sor-ACeb_008-Ex1-3F-lcwgs-1-2.2	16.0	61.0	93.0	135.0	128.0	118.0	81.0	96.0	109.0	115.0	128.0	153.0	153.0	193.0	265.0	366.0	585.0	698.0	923.0	1217.0	2456.0	5455.0	12749.0	16913.0	3136.0
	19.0	20.0	21.0	22.0	23.0	24.0	25.0	26.0	27.0	28.0	29.0	30.0	31.0	32.0	33.0	34.0	35.0	36.0	37.0	38.0	39.0	40.0
Sor-ACeb_009-Ex1-4F-lcwgs-1-2.1	3.0	6.0	17.0	15.0	7.0	22.0	22.0	28.0	26.0	39.0	55.0	97.0	254.0	859.0	2075.0	2470.0	2058.0	1230.0	1003.0	1061.0	1305.0	816.0
	15.0	16.0	17.0	18.0	19.0	20.0	21.0	22.0	23.0	24.0	25.0	26.0	27.0	28.0	29.0	30.0	31.0	32.0	33.0	34.0	35.0	36.0	37.0	38.0	39.0	40.0
Sor-ACeb_009-Ex1-4F-lcwgs-1-2.2	1.0	5.0	15.0	27.0	39.0	33.0	22.0	35.0	17.0	26.0	25.0	22.0	42.0	34.0	56.0	60.0	111.0	158.0	203.0	261.0	360.0	745.0	1809.0	4218.0	4533.0	611.0
	17.0	18.0	19.0	20.0	21.0	22.0	23.0	24.0	25.0	26.0	27.0	28.0	29.0	30.0	31.0	32.0	33.0	34.0	35.0	36.0	37.0	38.0	39.0	40.0
Sor-ACeb_010-Ex1-5F-lcwgs-1-2.1	3.0	9.0	26.0	57.0	93.0	75.0	63.0	103.0	114.0	135.0	174.0	258.0	338.0	490.0	939.0	2917.0	7915.0	12012.0	9560.0	6330.0	6039.0	6587.0	10279.0	6853.0
	14.0	15.0	16.0	17.0	18.0	19.0	20.0	21.0	22.0	23.0	24.0	25.0	26.0	27.0	28.0	29.0	30.0	31.0	32.0	33.0	34.0	35.0	36.0	37.0	38.0	39.0	40.0
Sor-ACeb_010-Ex1-5F-lcwgs-1-2.2	1.0	4.0	32.0	85.0	191.0	228.0	195.0	164.0	141.0	126.0	136.0	115.0	178.0	169.0	205.0	250.0	367.0	517.0	783.0	932.0	1356.0	1878.0	3618.0	8174.0	19346.0	27159.0	5019.0
	18.0	19.0	20.0	21.0	22.0	23.0	24.0	25.0	26.0	27.0	28.0	29.0	30.0	31.0	32.0	33.0	34.0	35.0	36.0	37.0	38.0	39.0	40.0
Sor-ACeb_011-Ex1-6F-lcwgs-1-2.1	5.0	6.0	25.0	21.0	23.0	27.0	27.0	48.0	40.0	54.0	108.0	115.0	169.0	294.0	755.0	1832.0	2339.0	1917.0	1390.0	1543.0	1929.0	6577.0	5447.0
	15.0	16.0	17.0	18.0	19.0	20.0	21.0	22.0	23.0	24.0	25.0	26.0	27.0	28.0	29.0	30.0	31.0	32.0	33.0	34.0	35.0	36.0	37.0	38.0	39.0	40.0
Sor-ACeb_011-Ex1-6F-lcwgs-1-2.2	1.0	8.0	28.0	39.0	52.0	60.0	63.0	64.0	39.0	41.0	52.0	55.0	61.0	60.0	88.0	97.0	170.0	211.0	278.0	374.0	527.0	962.0	1979.0	4580.0	10203.0	4599.0
	17.0	18.0	19.0	20.0	21.0	22.0	23.0	24.0	25.0	26.0	27.0	28.0	29.0	30.0	31.0	32.0	33.0	34.0	35.0	36.0	37.0	38.0	39.0	40.0
Sor-ACeb_012-Ex1-7F-lcwgs-1-2.1	3.0	11.0	38.0	93.0	119.0	141.0	116.0	153.0	168.0	238.0	276.0	385.0	566.0	769.0	1211.0	3378.0	8504.0	11323.0	13055.0	16372.0	14770.0	18661.0	24440.0	14932.0
	15.0	16.0	17.0	18.0	19.0	20.0	21.0	22.0	23.0	24.0	25.0	26.0	27.0	28.0	29.0	30.0	31.0	32.0	33.0	34.0	35.0	36.0	37.0	38.0	39.0	40.0
Sor-ACeb_012-Ex1-7F-lcwgs-1-2.2	11.0	51.0	153.0	286.0	341.0	324.0	230.0	229.0	212.0	240.0	242.0	266.0	300.0	331.0	452.0	594.0	867.0	1174.0	1611.0	2158.0	3153.0	6084.0	13550.0	33746.0	52306.0	10811.0
	17.0	18.0	19.0	20.0	21.0	22.0	23.0	24.0	25.0	26.0	27.0	28.0	29.0	30.0	31.0	32.0	33.0	34.0	35.0	36.0	37.0	38.0	39.0	40.0
Sor-ACeb_013-Ex1-8F-lcwgs-1-2.1	1.0	4.0	16.0	39.0	53.0	53.0	43.0	45.0	59.0	84.0	111.0	155.0	224.0	280.0	426.0	1253.0	2588.0	3490.0	3762.0	4264.0	3801.0	5951.0	13897.0	10559.0
	14.0	15.0	16.0	17.0	18.0	19.0	20.0	21.0	22.0	23.0	24.0	25.0	26.0	27.0	28.0	29.0	30.0	31.0	32.0	33.0	34.0	35.0	36.0	37.0	38.0	39.0	40.0
Sor-ACeb_013-Ex1-8F-lcwgs-1-2.2	1.0	2.0	17.0	81.0	122.0	159.0	137.0	135.0	108.0	97.0	94.0	97.0	126.0	96.0	140.0	167.0	208.0	288.0	411.0	493.0	712.0	1062.0	1811.0	3808.0	9776.0	22172.0	8838.0
	18.0	19.0	20.0	21.0	22.0	23.0	24.0	25.0	26.0	27.0	28.0	29.0	30.0	31.0	32.0	33.0	34.0	35.0	36.0	37.0	38.0	39.0	40.0
Sor-ACeb_014-Ex1-9F-lcwgs-1-2.1	5.0	6.0	28.0	37.0	31.0	38.0	48.0	53.0	60.0	103.0	108.0	149.0	219.0	504.0	1529.0	3589.0	4510.0	4606.0	4086.0	3383.0	4726.0	6569.0	4771.0
	14.0	15.0	16.0	17.0	18.0	19.0	20.0	21.0	22.0	23.0	24.0	25.0	26.0	27.0	28.0	29.0	30.0	31.0	32.0	33.0	34.0	35.0	36.0	37.0	38.0	39.0	40.0
Sor-ACeb_014-Ex1-9F-lcwgs-1-2.2	1.0	4.0	16.0	50.0	98.0	118.0	112.0	84.0	73.0	66.0	63.0	82.0	91.0	93.0	116.0	142.0	174.0	270.0	396.0	474.0	718.0	908.0	1886.0	4100.0	10125.0	15181.0	3717.0
	17.0	18.0	19.0	20.0	21.0	22.0	23.0	24.0	25.0	26.0	27.0	28.0	29.0	30.0	31.0	32.0	33.0	34.0	35.0	36.0	37.0	38.0	39.0	40.0
Sor-ACeb_015-Ex1-10F-lcwgs-1-2.1	1.0	7.0	19.0	34.0	50.0	46.0	51.0	73.0	67.0	88.0	111.0	149.0	230.0	283.0	633.0	1939.0	5406.0	8191.0	7069.0	4584.0	4477.0	5281.0	8640.0	6410.0
	15.0	16.0	17.0	18.0	19.0	20.0	21.0	22.0	23.0	24.0	25.0	26.0	27.0	28.0	29.0	30.0	31.0	32.0	33.0	34.0	35.0	36.0	37.0	38.0	39.0	40.0
Sor-ACeb_015-Ex1-10F-lcwgs-1-2.2	4.0	30.0	70.0	142.0	160.0	129.0	101.0	87.0	95.0	81.0	99.0	113.0	128.0	130.0	172.0	238.0	355.0	533.0	690.0	925.0	1345.0	2573.0	5738.0	13921.0	21289.0	4691.0
	16.0	17.0	18.0	19.0	20.0	21.0	22.0	23.0	24.0	25.0	26.0	27.0	28.0	29.0	30.0	31.0	32.0	33.0	34.0	35.0	36.0	37.0	38.0	39.0	40.0
Sor-ACeb_016-Ex1-11F-lcwgs-1-2.1	1.0	4.0	47.0	136.0	347.0	381.0	488.0	480.0	635.0	698.0	935.0	1271.0	2189.0	3257.0	4408.0	7389.0	24820.0	57376.0	63185.0	55605.0	54897.0	40257.0	44556.0	15312.0	6685.0
	14.0	15.0	16.0	17.0	18.0	19.0	20.0	21.0	22.0	23.0	24.0	25.0	26.0	27.0	28.0	29.0	30.0	31.0	32.0	33.0	34.0	35.0	36.0	37.0	38.0	39.0	40.0
Sor-ACeb_016-Ex1-11F-lcwgs-1-2.2	4.0	31.0	162.0	506.0	1021.0	1275.0	1198.0	1089.0	921.0	848.0	923.0	943.0	1006.0	1142.0	1356.0	1581.0	2297.0	3363.0	4954.0	6596.0	9045.0	12398.0	23608.0	49357.0	124114.0	124867.0	10754.0
	17.0	18.0	19.0	20.0	21.0	22.0	23.0	24.0	25.0	26.0	27.0	28.0	29.0	30.0	31.0	32.0	33.0	34.0	35.0	36.0	37.0	38.0	39.0	40.0
Sor-ACeb_017-Ex1-12F-lcwgs-1-2.1	6.0	24.0	93.0	176.0	215.0	289.0	286.0	361.0	507.0	660.0	824.0	1480.0	2312.0	3223.0	6407.0	21124.0	55544.0	58577.0	39591.0	25327.0	22499.0	24874.0	34090.0	24410.0
	14.0	15.0	16.0	17.0	18.0	19.0	20.0	21.0	22.0	23.0	24.0	25.0	26.0	27.0	28.0	29.0	30.0	31.0	32.0	33.0	34.0	35.0	36.0	37.0	38.0	39.0	40.0
Sor-ACeb_017-Ex1-12F-lcwgs-1-2.2	2.0	27.0	151.0	425.0	826.0	1048.0	970.0	908.0	793.0	763.0	701.0	663.0	703.0	778.0	962.0	1181.0	1871.0	2685.0	4133.0	5275.0	7515.0	10718.0	22017.0	46202.0	91698.0	100135.0	19749.0
	18.0	19.0	20.0	21.0	22.0	23.0	24.0	25.0	26.0	27.0	28.0	29.0	30.0	31.0	32.0	33.0	34.0	35.0	36.0	37.0	38.0	39.0	40.0
Sor-ACeb_018-Ex1-1G-lcwgs-1-2.1	2.0	12.0	27.0	46.0	55.0	34.0	57.0	67.0	83.0	90.0	143.0	224.0	276.0	409.0	1109.0	2589.0	3536.0	4004.0	4971.0	4894.0	7415.0	13748.0	8438.0
	14.0	15.0	16.0	17.0	18.0	19.0	20.0	21.0	22.0	23.0	24.0	25.0	26.0	27.0	28.0	29.0	30.0	31.0	32.0	33.0	34.0	35.0	36.0	37.0	38.0	39.0	40.0
Sor-ACeb_018-Ex1-1G-lcwgs-1-2.2	1.0	5.0	22.0	67.0	125.0	130.0	152.0	99.0	98.0	106.0	117.0	113.0	121.0	157.0	207.0	280.0	536.0	791.0	1250.0	1516.0	1984.0	2487.0	3781.0	5979.0	10021.0	16173.0	5911.0
	16.0	17.0	18.0	19.0	20.0	21.0	22.0	23.0	24.0	25.0	26.0	27.0	28.0	29.0	30.0	31.0	32.0	33.0	34.0	35.0	36.0	37.0	38.0	39.0	40.0
Sor-ACeb_019-Ex1-3G-lcwgs-1-2.1	1.0	0.0	3.0	2.0	10.0	17.0	25.0	22.0	25.0	27.0	26.0	38.0	60.0	55.0	114.0	160.0	386.0	851.0	1096.0	1080.0	1064.0	872.0	1237.0	2649.0	1847.0
	15.0	16.0	17.0	18.0	19.0	20.0	21.0	22.0	23.0	24.0	25.0	26.0	27.0	28.0	29.0	30.0	31.0	32.0	33.0	34.0	35.0	36.0	37.0	38.0	39.0	40.0
Sor-ACeb_019-Ex1-3G-lcwgs-1-2.2	1.0	4.0	8.0	31.0	17.0	30.0	27.0	30.0	25.0	44.0	48.0	46.0	47.0	75.0	85.0	114.0	200.0	270.0	348.0	472.0	581.0	951.0	1442.0	2002.0	3384.0	1385.0
	18.0	19.0	20.0	21.0	22.0	23.0	24.0	25.0	26.0	27.0	28.0	29.0	30.0	31.0	32.0	33.0	34.0	35.0	36.0	37.0	38.0	39.0	40.0
Sor-ACeb_020-Ex1-2G-lcwgs-1-2.1	3.0	7.0	23.0	23.0	23.0	30.0	28.0	38.0	41.0	47.0	71.0	82.0	119.0	191.0	413.0	683.0	865.0	875.0	829.0	709.0	979.0	2102.0	1383.0
	16.0	17.0	18.0	19.0	20.0	21.0	22.0	23.0	24.0	25.0	26.0	27.0	28.0	29.0	30.0	31.0	32.0	33.0	34.0	35.0	36.0	37.0	38.0	39.0	40.0
Sor-ACeb_020-Ex1-2G-lcwgs-1-2.2	3.0	17.0	24.0	34.0	36.0	30.0	28.0	37.0	34.0	48.0	28.0	67.0	67.0	80.0	107.0	174.0	264.0	332.0	429.0	551.0	823.0	1186.0	1626.0	2503.0	1036.0
	20.0	21.0	22.0	23.0	24.0	25.0	26.0	27.0	28.0	29.0	30.0	31.0	32.0	33.0	34.0	35.0	36.0	37.0	38.0	39.0	40.0
Sor-ACeb_021-Ex1-4G-lcwgs-1-2.1	1.0	7.0	6.0	2.0	2.0	6.0	5.0	4.0	5.0	9.0	16.0	19.0	77.0	146.0	187.0	151.0	97.0	91.0	113.0	202.0	123.0
	15.0	16.0	17.0	18.0	19.0	20.0	21.0	22.0	23.0	24.0	25.0	26.0	27.0	28.0	29.0	30.0	31.0	32.0	33.0	34.0	35.0	36.0	37.0	38.0	39.0	40.0
Sor-ACeb_021-Ex1-4G-lcwgs-1-2.2	1.0	1.0	0.0	3.0	2.0	6.0	5.0	5.0	3.0	4.0	5.0	9.0	6.0	4.0	8.0	16.0	19.0	41.0	59.0	63.0	74.0	106.0	181.0	244.0	320.0	84.0
	18.0	19.0	20.0	21.0	22.0	23.0	24.0	25.0	26.0	27.0	28.0	29.0	30.0	31.0	32.0	33.0	34.0	35.0	36.0	37.0	38.0	39.0	40.0
Sor-ACeb_022-Ex1-5G-lcwgs-1-2.1	4.0	10.0	29.0	45.0	58.0	75.0	88.0	98.0	120.0	137.0	144.0	197.0	253.0	375.0	1016.0	2353.0	3702.0	3212.0	2219.0	2070.0	2512.0	6702.0	5046.0
	15.0	16.0	17.0	18.0	19.0	20.0	21.0	22.0	23.0	24.0	25.0	26.0	27.0	28.0	29.0	30.0	31.0	32.0	33.0	34.0	35.0	36.0	37.0	38.0	39.0	40.0
Sor-ACeb_022-Ex1-5G-lcwgs-1-2.2	1.0	16.0	37.0	65.0	88.0	95.0	90.0	112.0	94.0	122.0	130.0	166.0	177.0	191.0	257.0	322.0	519.0	699.0	908.0	1222.0	1556.0	2433.0	3676.0	4957.0	8495.0	4037.0
	16.0	17.0	18.0	19.0	20.0	21.0	22.0	23.0	24.0	25.0	26.0	27.0	28.0	29.0	30.0	31.0	32.0	33.0	34.0	35.0	36.0	37.0	38.0	39.0	40.0
Sor-CPnd_001-Ex1-3E-lcwgs-1-2.1	8.0	25.0	140.0	565.0	1509.0	2182.0	2570.0	2742.0	3233.0	3603.0	4288.0	4649.0	5311.0	6037.0	8020.0	12510.0	28907.0	64531.0	98635.0	108904.0	111935.0	102497.0	160929.0	436057.0	364093.0
	14.0	15.0	16.0	17.0	18.0	19.0	20.0	21.0	22.0	23.0	24.0	25.0	26.0	27.0	28.0	29.0	30.0	31.0	32.0	33.0	34.0	35.0	36.0	37.0	38.0	39.0	40.0
Sor-CPnd_001-Ex1-3E-lcwgs-1-2.2	6.0	133.0	636.0	2008.0	3439.0	3790.0	3872.0	3699.0	3881.0	4133.0	4586.0	5030.0	5656.0	6164.0	7102.0	7878.0	9905.0	11914.0	15154.0	17849.0	23160.0	30741.0	50221.0	95956.0	246211.0	658417.0	312339.0
	15.0	16.0	17.0	18.0	19.0	20.0	21.0	22.0	23.0	24.0	25.0	26.0	27.0	28.0	29.0	30.0	31.0	32.0	33.0	34.0	35.0	36.0	37.0	38.0	39.0	40.0
Sor-CPnd_002-Ex1-5E-lcwgs-1-2.1	2.0	2.0	24.0	155.0	514.0	1144.0	1619.0	1906.0	2121.0	2510.0	2681.0	3103.0	3279.0	3851.0	4457.0	6423.0	13465.0	33734.0	75702.0	108931.0	80897.0	54439.0	52899.0	68774.0	198783.0	163667.0
	13.0	14.0	15.0	16.0	17.0	18.0	19.0	20.0	21.0	22.0	23.0	24.0	25.0	26.0	27.0	28.0	29.0	30.0	31.0	32.0	33.0	34.0	35.0	36.0	37.0	38.0	39.0	40.0
Sor-CPnd_002-Ex1-5E-lcwgs-1-2.2	1.0	6.0	64.0	402.0	1041.0	1943.0	2440.0	2359.0	2245.0	2413.0	2695.0	3051.0	3353.0	3708.0	4039.0	4556.0	5252.0	6929.0	8532.0	10472.0	12258.0	15330.0	20645.0	35654.0	73952.0	180130.0	343240.0	138372.0
	16.0	17.0	18.0	19.0	20.0	21.0	22.0	23.0	24.0	25.0	26.0	27.0	28.0	29.0	30.0	31.0	32.0	33.0	34.0	35.0	36.0	37.0	38.0	39.0	40.0
Sor-CPnd_003-Ex1-2B-lcwgs-1-2.1	3.0	16.0	70.0	327.0	682.0	1049.0	1353.0	1488.0	1705.0	1802.0	2152.0	2359.0	2834.0	3141.0	4236.0	7002.0	16576.0	32044.0	41958.0	44576.0	44743.0	40967.0	70242.0	227263.0	182721.0
	13.0	14.0	15.0	16.0	17.0	18.0	19.0	20.0	21.0	22.0	23.0	24.0	25.0	26.0	27.0	28.0	29.0	30.0	31.0	32.0	33.0	34.0	35.0	36.0	37.0	38.0	39.0	40.0
Sor-CPnd_003-Ex1-2B-lcwgs-1-2.2	1.0	4.0	59.0	215.0	672.0	1261.0	1522.0	1729.0	1639.0	1751.0	1916.0	2211.0	2364.0	2706.0	2880.0	3067.0	3380.0	4214.0	5584.0	7190.0	8395.0	10834.0	15115.0	26864.0	56313.0	123121.0	280571.0	165731.0
	15.0	16.0	17.0	18.0	19.0	20.0	21.0	22.0	23.0	24.0	25.0	26.0	27.0	28.0	29.0	30.0	31.0	32.0	33.0	34.0	35.0	36.0	37.0	38.0	39.0	40.0
Sor-CPnd_004-Ex1-1G-lcwgs-1-2.1	1.0	3.0	30.0	174.0	753.0	1771.0	2744.0	3438.0	3672.0	4315.0	4690.0	5274.0	5673.0	6489.0	7380.0	9249.0	14293.0	31809.0	69639.0	105879.0	122000.0	139802.0	127501.0	222503.0	613529.0	549648.0
	14.0	15.0	16.0	17.0	18.0	19.0	20.0	21.0	22.0	23.0	24.0	25.0	26.0	27.0	28.0	29.0	30.0	31.0	32.0	33.0	34.0	35.0	36.0	37.0	38.0	39.0	40.0
Sor-CPnd_004-Ex1-1G-lcwgs-1-2.2	11.0	115.0	638.0	1871.0	3433.0	4325.0	4632.0	4539.0	4932.0	5307.0	6214.0	6700.0	7554.0	7965.0	8784.0	9590.0	11539.0	14294.0	18804.0	22275.0	28622.0	38239.0	65694.0	136533.0	342243.0	850101.0	447305.0
	15.0	16.0	17.0	18.0	19.0	20.0	21.0	22.0	23.0	24.0	25.0	26.0	27.0	28.0	29.0	30.0	31.0	32.0	33.0	34.0	35.0	36.0	37.0	38.0	39.0	40.0
Sor-CPnd_005-Ex1-3D-lcwgs-1-2.1	1.0	5.0	28.0	143.0	469.0	1329.0	1974.0	2407.0	2558.0	2980.0	3299.0	3722.0	4162.0	4746.0	5434.0	6705.0	9243.0	17482.0	34018.0	50874.0	59810.0	68542.0	73678.0	136034.0	535825.0	490965.0
	14.0	15.0	16.0	17.0	18.0	19.0	20.0	21.0	22.0	23.0	24.0	25.0	26.0	27.0	28.0	29.0	30.0	31.0	32.0	33.0	34.0	35.0	36.0	37.0	38.0	39.0	40.0
Sor-CPnd_005-Ex1-3D-lcwgs-1-2.2	10.0	103.0	647.0	1830.0	3042.0	3507.0	3649.0	3613.0	3728.0	3853.0	4382.0	4551.0	5108.0	5615.0	6292.0	7055.0	8171.0	9664.0	11944.0	14194.0	18229.0	24206.0	38279.0	68793.0	172621.0	653611.0	439736.0
	15.0	16.0	17.0	18.0	19.0	20.0	21.0	22.0	23.0	24.0	25.0	26.0	27.0	28.0	29.0	30.0	31.0	32.0	33.0	34.0	35.0	36.0	37.0	38.0	39.0	40.0
Sor-CPnd_006-Ex1-2D-lcwgs-1-2.1	1.0	4.0	34.0	229.0	755.0	1868.0	2583.0	3232.0	3515.0	3987.0	4338.0	4801.0	5137.0	5766.0	6710.0	8909.0	14640.0	33540.0	68031.0	90397.0	94902.0	96099.0	83236.0	136673.0	417974.0	321834.0
	14.0	15.0	16.0	17.0	18.0	19.0	20.0	21.0	22.0	23.0	24.0	25.0	26.0	27.0	28.0	29.0	30.0	31.0	32.0	33.0	34.0	35.0	36.0	37.0	38.0	39.0	40.0
Sor-CPnd_006-Ex1-2D-lcwgs-1-2.2	11.0	100.0	532.0	1481.0	2809.0	3441.0	3732.0	3556.0	3874.0	4273.0	4714.0	5302.0	5843.0	6247.0	7026.0	7826.0	9992.0	12280.0	14973.0	17809.0	22250.0	30177.0	51424.0	103480.0	244087.0	550723.0	291233.0
	15.0	16.0	17.0	18.0	19.0	20.0	21.0	22.0	23.0	24.0	25.0	26.0	27.0	28.0	29.0	30.0	31.0	32.0	33.0	34.0	35.0	36.0	37.0	38.0	39.0	40.0
Sor-CPnd_007-Ex1-1C-lcwgs-1-2.1	1.0	0.0	11.0	63.0	200.0	509.0	816.0	888.0	954.0	1072.0	1282.0	1348.0	1613.0	2186.0	2623.0	3450.0	5600.0	13499.0	28252.0	36828.0	38599.0	42797.0	41704.0	75038.0	246697.0	210912.0
	14.0	15.0	16.0	17.0	18.0	19.0	20.0	21.0	22.0	23.0	24.0	25.0	26.0	27.0	28.0	29.0	30.0	31.0	32.0	33.0	34.0	35.0	36.0	37.0	38.0	39.0	40.0
Sor-CPnd_007-Ex1-1C-lcwgs-1-2.2	6.0	58.0	307.0	795.0	1431.0	1664.0	1755.0	1558.0	1605.0	1670.0	1868.0	2072.0	2142.0	2528.0	3051.0	4235.0	7171.0	13731.0	27211.0	37778.0	41396.0	37077.0	36635.0	41353.0	65235.0	252652.0	169958.0
	15.0	16.0	17.0	18.0	19.0	20.0	21.0	22.0	23.0	24.0	25.0	26.0	27.0	28.0	29.0	30.0	31.0	32.0	33.0	34.0	35.0	36.0	37.0	38.0	39.0	40.0
Sor-CPnd_008-Ex1-1A-lcwgs-1-2.1	1.0	19.0	49.0	226.0	714.0	1712.0	2576.0	2983.0	3238.0	3805.0	4335.0	5037.0	5810.0	7472.0	9040.0	11859.0	16113.0	29515.0	52252.0	64316.0	77908.0	104904.0	140462.0	293504.0	1594658.0	1279145.0
	13.0	14.0	15.0	16.0	17.0	18.0	19.0	20.0	21.0	22.0	23.0	24.0	25.0	26.0	27.0	28.0	29.0	30.0	31.0	32.0	33.0	34.0	35.0	36.0	37.0	38.0	39.0	40.0
Sor-CPnd_008-Ex1-1A-lcwgs-1-2.2	1.0	46.0	409.0	1972.0	4956.0	7839.0	8892.0	9255.0	8790.0	8956.0	8982.0	9304.0	9586.0	10650.0	11222.0	12887.0	14248.0	16951.0	20377.0	26310.0	32678.0	44293.0	60397.0	93158.0	149510.0	342402.0	1662646.0	1134936.0
	14.0	15.0	16.0	17.0	18.0	19.0	20.0	21.0	22.0	23.0	24.0	25.0	26.0	27.0	28.0	29.0	30.0	31.0	32.0	33.0	34.0	35.0	36.0	37.0	38.0	39.0	40.0
Sor-CPnd_009-Ex1-6A-lcwgs-1-2.1	1.0	1.0	6.0	34.0	176.0	676.0	1587.0	2344.0	2825.0	3032.0	3565.0	3948.0	4821.0	5576.0	6900.0	8464.0	11804.0	21537.0	55671.0	123768.0	170611.0	155154.0	130872.0	158513.0	256074.0	1213442.0	1008400.0
	14.0	15.0	16.0	17.0	18.0	19.0	20.0	21.0	22.0	23.0	24.0	25.0	26.0	27.0	28.0	29.0	30.0	31.0	32.0	33.0	34.0	35.0	36.0	37.0	38.0	39.0	40.0
Sor-CPnd_009-Ex1-6A-lcwgs-1-2.2	11.0	193.0	1195.0	3403.0	6484.0	7573.0	7137.0	6206.0	6237.0	6031.0	6530.0	6687.0	7564.0	7962.0	9377.0	11008.0	15322.0	21393.0	28719.0	33396.0	42271.0	56517.0	92506.0	171980.0	419225.0	1418061.0	956814.0
	16.0	17.0	18.0	19.0	20.0	21.0	22.0	23.0	24.0	25.0	26.0	27.0	28.0	29.0	30.0	31.0	32.0	33.0	34.0	35.0	36.0	37.0	38.0	39.0	40.0
Sor-CPnd_010-Ex1-1H-lcwgs-1-2.1	3.0	11.0	51.0	136.0	344.0	485.0	574.0	614.0	705.0	846.0	920.0	1031.0	1256.0	1543.0	2148.0	3356.0	7492.0	15648.0	23376.0	25946.0	29130.0	27901.0	50218.0	149246.0	124162.0
	14.0	15.0	16.0	17.0	18.0	19.0	20.0	21.0	22.0	23.0	24.0	25.0	26.0	27.0	28.0	29.0	30.0	31.0	32.0	33.0	34.0	35.0	36.0	37.0	38.0	39.0	40.0
Sor-CPnd_010-Ex1-1H-lcwgs-1-2.2	2.0	34.0	181.0	543.0	918.0	1103.0	1139.0	1020.0	1029.0	1079.0	1195.0	1291.0	1453.0	1526.0	1821.0	2088.0	2678.0	3294.0	4036.0	4934.0	6643.0	8880.0	15017.0	28595.0	71454.0	204991.0	100198.0
	17.0	18.0	19.0	20.0	21.0	22.0	23.0	24.0	25.0	26.0	27.0	28.0	29.0	30.0	31.0	32.0	33.0	34.0	35.0	36.0	37.0	38.0	39.0	40.0
Sor-CPnd_012-Ex1-5B-lcwgs-1-2.1	11.0	60.0	151.0	409.0	576.0	750.0	816.0	943.0	1082.0	1251.0	1442.0	1714.0	2146.0	2864.0	5347.0	13847.0	32338.0	42820.0	31174.0	22752.0	24309.0	35800.0	133020.0	116521.0
	14.0	15.0	16.0	17.0	18.0	19.0	20.0	21.0	22.0	23.0	24.0	25.0	26.0	27.0	28.0	29.0	30.0	31.0	32.0	33.0	34.0	35.0	36.0	37.0	38.0	39.0	40.0
Sor-CPnd_012-Ex1-5B-lcwgs-1-2.2	3.0	22.0	164.0	453.0	960.0	1088.0	1231.0	1281.0	1364.0	1326.0	1472.0	1559.0	1721.0	1721.0	1966.0	2339.0	2896.0	3659.0	4893.0	5678.0	7247.0	10126.0	17684.0	37670.0	81819.0	178851.0	102950.0
	16.0	17.0	18.0	19.0	20.0	21.0	22.0	23.0	24.0	25.0	26.0	27.0	28.0	29.0	30.0	31.0	32.0	33.0	34.0	35.0	36.0	37.0	38.0	39.0	40.0
Sor-CPnd_013-Ex1-7F-lcwgs-1-2.1	1.0	5.0	68.0	239.0	593.0	791.0	990.0	1092.0	1191.0	1288.0	1644.0	1824.0	2434.0	2881.0	4043.0	6565.0	16274.0	34597.0	44236.0	45600.0	54664.0	59954.0	91246.0	279960.0	196740.0
	14.0	15.0	16.0	17.0	18.0	19.0	20.0	21.0	22.0	23.0	24.0	25.0	26.0	27.0	28.0	29.0	30.0	31.0	32.0	33.0	34.0	35.0	36.0	37.0	38.0	39.0	40.0
Sor-CPnd_013-Ex1-7F-lcwgs-1-2.2	7.0	64.0	373.0	1064.0	2123.0	2335.0	2215.0	1983.0	1963.0	2003.0	2313.0	2379.0	2733.0	3199.0	4502.0	7124.0	13095.0	21975.0	36486.0	46957.0	50434.0	46668.0	48512.0	53629.0	79173.0	250003.0	165608.0
	16.0	17.0	18.0	19.0	20.0	21.0	22.0	23.0	24.0	25.0	26.0	27.0	28.0	29.0	30.0	31.0	32.0	33.0	34.0	35.0	36.0	37.0	38.0	39.0	40.0
Sor-CPnd_014-Ex1-1F-lcwgs-1-2.1	6.0	51.0	313.0	1090.0	2624.0	3998.0	4910.0	5183.0	6140.0	6798.0	8103.0	8849.0	10659.0	12417.0	16230.0	25430.0	59240.0	129689.0	194940.0	223599.0	273068.0	280769.0	467602.0	1598654.0	1218802.0
	13.0	14.0	15.0	16.0	17.0	18.0	19.0	20.0	21.0	22.0	23.0	24.0	25.0	26.0	27.0	28.0	29.0	30.0	31.0	32.0	33.0	34.0	35.0	36.0	37.0	38.0	39.0	40.0
Sor-CPnd_014-Ex1-1F-lcwgs-1-2.2	3.0	47.0	304.0	1688.0	4600.0	8290.0	9618.0	10007.0	9135.0	9671.0	10043.0	11212.0	12142.0	14104.0	15823.0	20962.0	31399.0	56502.0	94239.0	159860.0	210991.0	238148.0	231123.0	245323.0	273163.0	418427.0	1425529.0	1036811.0
	15.0	16.0	17.0	18.0	19.0	20.0	21.0	22.0	23.0	24.0	25.0	26.0	27.0	28.0	29.0	30.0	31.0	32.0	33.0	34.0	35.0	36.0	37.0	38.0	39.0	40.0
Sor-CPnd_015-Ex1-5F-lcwgs-1-2.1	1.0	2.0	21.0	75.0	268.0	567.0	834.0	1046.0	1138.0	1287.0	1442.0	1650.0	1896.0	2188.0	2739.0	4045.0	8776.0	21930.0	48736.0	64398.0	44630.0	29640.0	29143.0	38597.0	119801.0	100068.0
	14.0	15.0	16.0	17.0	18.0	19.0	20.0	21.0	22.0	23.0	24.0	25.0	26.0	27.0	28.0	29.0	30.0	31.0	32.0	33.0	34.0	35.0	36.0	37.0	38.0	39.0	40.0
Sor-CPnd_015-Ex1-5F-lcwgs-1-2.2	5.0	27.0	256.0	597.0	1222.0	1443.0	1449.0	1376.0	1422.0	1487.0	1789.0	1988.0	2205.0	2489.0	3538.0	5798.0	11101.0	20309.0	37429.0	45931.0	42761.0	34938.0	32107.0	31953.0	41496.0	118136.0	81666.0
	15.0	16.0	17.0	18.0	19.0	20.0	21.0	22.0	23.0	24.0	25.0	26.0	27.0	28.0	29.0	30.0	31.0	32.0	33.0	34.0	35.0	36.0	37.0	38.0	39.0	40.0
Sor-CPnd_016-Ex1-1B-lcwgs-1-2.1	1.0	5.0	18.0	84.0	307.0	684.0	1119.0	1296.0	1450.0	1635.0	1867.0	2184.0	2579.0	3230.0	4069.0	5162.0	7033.0	14379.0	27796.0	35429.0	39736.0	49247.0	56381.0	116244.0	559142.0	537776.0
	14.0	15.0	16.0	17.0	18.0	19.0	20.0	21.0	22.0	23.0	24.0	25.0	26.0	27.0	28.0	29.0	30.0	31.0	32.0	33.0	34.0	35.0	36.0	37.0	38.0	39.0	40.0
Sor-CPnd_016-Ex1-1B-lcwgs-1-2.2	13.0	113.0	596.0	1674.0	2754.0	3165.0	3269.0	3302.0	3313.0	3333.0	3456.0	3682.0	3982.0	4159.0	4630.0	5111.0	6435.0	7645.0	9924.0	12050.0	16132.0	22200.0	35644.0	63962.0	148291.0	632558.0	467460.0
	17.0	18.0	19.0	20.0	21.0	22.0	23.0	24.0	25.0	26.0	27.0	28.0	29.0	30.0	31.0	32.0	33.0	34.0	35.0	36.0	37.0	38.0	39.0	40.0
Sor-CPnd_017-Ex1-3G-lcwgs-1-2.1	5.0	54.0	233.0	562.0	802.0	957.0	1088.0	1168.0	1342.0	1513.0	1708.0	1971.0	2219.0	3189.0	5318.0	12694.0	28478.0	41461.0	43938.0	43405.0	38954.0	63435.0	171504.0	145422.0
	14.0	15.0	16.0	17.0	18.0	19.0	20.0	21.0	22.0	23.0	24.0	25.0	26.0	27.0	28.0	29.0	30.0	31.0	32.0	33.0	34.0	35.0	36.0	37.0	38.0	39.0	40.0
Sor-CPnd_017-Ex1-3G-lcwgs-1-2.2	3.0	35.0	219.0	717.0	1273.0	1628.0	1664.0	1520.0	1510.0	1689.0	1848.0	1903.0	2214.0	2272.0	2492.0	2856.0	3536.0	4547.0	5979.0	7220.0	9317.0	12228.0	21743.0	45461.0	110216.0	245489.0	121841.0
	15.0	16.0	17.0	18.0	19.0	20.0	21.0	22.0	23.0	24.0	25.0	26.0	27.0	28.0	29.0	30.0	31.0	32.0	33.0	34.0	35.0	36.0	37.0	38.0	39.0	40.0
Sor-CPnd_018-Ex1-1E-lcwgs-1-2.1	1.0	9.0	29.0	171.0	653.0	1626.0	2263.0	2648.0	2658.0	3202.0	3406.0	4000.0	4474.0	5431.0	6555.0	9081.0	15622.0	40450.0	87171.0	120013.0	128195.0	149254.0	147925.0	232874.0	725897.0	534958.0
	14.0	15.0	16.0	17.0	18.0	19.0	20.0	21.0	22.0	23.0	24.0	25.0	26.0	27.0	28.0	29.0	30.0	31.0	32.0	33.0	34.0	35.0	36.0	37.0	38.0	39.0	40.0
Sor-CPnd_018-Ex1-1E-lcwgs-1-2.2	13.0	134.0	871.0	2396.0	4204.0	4943.0	5055.0	4582.0	4679.0	4793.0	5283.0	5788.0	6638.0	7021.0	8217.0	10073.0	14589.0	20069.0	25863.0	29478.0	36673.0	48021.0	77141.0	140888.0	344178.0	955362.0	461614.0
	15.0	16.0	17.0	18.0	19.0	20.0	21.0	22.0	23.0	24.0	25.0	26.0	27.0	28.0	29.0	30.0	31.0	32.0	33.0	34.0	35.0	36.0	37.0	38.0	39.0	40.0
Sor-CPnd_019-Ex1-6G-lcwgs-1-2.1	1.0	4.0	22.0	106.0	456.0	1141.0	1713.0	2026.0	2354.0	2748.0	2998.0	3439.0	3753.0	4665.0	5291.0	7262.0	14556.0	40156.0	88951.0	111915.0	88763.0	63680.0	72029.0	105234.0	394055.0	376688.0
	14.0	15.0	16.0	17.0	18.0	19.0	20.0	21.0	22.0	23.0	24.0	25.0	26.0	27.0	28.0	29.0	30.0	31.0	32.0	33.0	34.0	35.0	36.0	37.0	38.0	39.0	40.0
Sor-CPnd_019-Ex1-6G-lcwgs-1-2.2	7.0	78.0	458.0	1414.0	2684.0	3423.0	3686.0	3401.0	3595.0	3649.0	4193.0	4544.0	4899.0	5229.0	5711.0	6219.0	7821.0	10475.0	13878.0	16495.0	20999.0	28202.0	51752.0	108383.0	232536.0	522524.0	327751.0
	15.0	16.0	17.0	18.0	19.0	20.0	21.0	22.0	23.0	24.0	25.0	26.0	27.0	28.0	29.0	30.0	31.0	32.0	33.0	34.0	35.0	36.0	37.0	38.0	39.0	40.0
Sor-CPnd_020-Ex1-2E-lcwgs-1-2.1	1.0	5.0	51.0	259.0	943.0	2079.0	3168.0	3809.0	4118.0	4658.0	5092.0	5538.0	5899.0	6854.0	7791.0	9934.0	15113.0	31546.0	61265.0	83070.0	91918.0	96552.0	90892.0	155977.0	524756.0	414547.0
	14.0	15.0	16.0	17.0	18.0	19.0	20.0	21.0	22.0	23.0	24.0	25.0	26.0	27.0	28.0	29.0	30.0	31.0	32.0	33.0	34.0	35.0	36.0	37.0	38.0	39.0	40.0
Sor-CPnd_020-Ex1-2E-lcwgs-1-2.2	13.0	86.0	594.0	1742.0	3184.0	3784.0	3992.0	4035.0	4488.0	4843.0	5535.0	5994.0	6634.0	7136.0	8127.0	8836.0	10912.0	12641.0	15599.0	18336.0	24038.0	31656.0	53381.0	103621.0	245865.0	664875.0	375888.0
	16.0	17.0	18.0	19.0	20.0	21.0	22.0	23.0	24.0	25.0	26.0	27.0	28.0	29.0	30.0	31.0	32.0	33.0	34.0	35.0	36.0	37.0	38.0	39.0	40.0
Sor-CPnd_022-Ex1-7C-lcwgs-1-2.1	8.0	21.0	108.0	408.0	1049.0	1531.0	1925.0	2147.0	2484.0	2843.0	3305.0	3780.0	4699.0	5678.0	7683.0	12126.0	30390.0	65390.0	80840.0	80627.0	93268.0	95676.0	151779.0	522893.0	457694.0
	13.0	14.0	15.0	16.0	17.0	18.0	19.0	20.0	21.0	22.0	23.0	24.0	25.0	26.0	27.0	28.0	29.0	30.0	31.0	32.0	33.0	34.0	35.0	36.0	37.0	38.0	39.0	40.0
Sor-CPnd_022-Ex1-7C-lcwgs-1-2.2	1.0	10.0	110.0	692.0	1875.0	3460.0	3995.0	3833.0	3515.0	3743.0	3813.0	4375.0	4666.0	5090.0	5855.0	7080.0	9753.0	17288.0	34021.0	67043.0	88254.0	88491.0	74891.0	74070.0	84119.0	129895.0	518496.0	389918.0
	16.0	17.0	18.0	19.0	20.0	21.0	22.0	23.0	24.0	25.0	26.0	27.0	28.0	29.0	30.0	31.0	32.0	33.0	34.0	35.0	36.0	37.0	38.0	39.0	40.0
Sor-CPnd_024-Ex1-5G-lcwgs-1-2.1	1.0	10.0	63.0	190.0	525.0	708.0	806.0	895.0	1108.0	1185.0	1296.0	1440.0	1725.0	1986.0	2815.0	5461.0	13945.0	32734.0	45363.0	34704.0	24407.0	24921.0	33853.0	104212.0	86778.0
	14.0	15.0	16.0	17.0	18.0	19.0	20.0	21.0	22.0	23.0	24.0	25.0	26.0	27.0	28.0	29.0	30.0	31.0	32.0	33.0	34.0	35.0	36.0	37.0	38.0	39.0	40.0
Sor-CPnd_024-Ex1-5G-lcwgs-1-2.2	6.0	31.0	150.0	439.0	960.0	1131.0	1187.0	1276.0	1298.0	1251.0	1464.0	1549.0	1770.0	1746.0	1979.0	2194.0	2805.0	3699.0	4866.0	5886.0	7487.0	9805.0	18022.0	37863.0	84182.0	154439.0	73646.0
	15.0	16.0	17.0	18.0	19.0	20.0	21.0	22.0	23.0	24.0	25.0	26.0	27.0	28.0	29.0	30.0	31.0	32.0	33.0	34.0	35.0	36.0	37.0	38.0	39.0	40.0
Sor-CPnd_026-Ex1-3H-lcwgs-1-2.1	1.0	1.0	8.0	45.0	175.0	441.0	644.0	819.0	889.0	1003.0	1153.0	1352.0	1526.0	1787.0	2128.0	2617.0	4243.0	9183.0	19029.0	28504.0	32712.0	34994.0	35610.0	63465.0	217120.0	193803.0
	14.0	15.0	16.0	17.0	18.0	19.0	20.0	21.0	22.0	23.0	24.0	25.0	26.0	27.0	28.0	29.0	30.0	31.0	32.0	33.0	34.0	35.0	36.0	37.0	38.0	39.0	40.0
Sor-CPnd_026-Ex1-3H-lcwgs-1-2.2	1.0	43.0	282.0	801.0	1332.0	1482.0	1538.0	1327.0	1436.0	1445.0	1681.0	1779.0	2021.0	2243.0	2417.0	2699.0	3382.0	4012.0	5183.0	6297.0	8167.0	10981.0	18426.0	35303.0	87977.0	284664.0	166333.0
	16.0	17.0	18.0	19.0	20.0	21.0	22.0	23.0	24.0	25.0	26.0	27.0	28.0	29.0	30.0	31.0	32.0	33.0	34.0	35.0	36.0	37.0	38.0	39.0	40.0
Sor-CPnd_027-Ex1-3C-lcwgs-1-2.1	1.0	10.0	79.0	336.0	858.0	1313.0	1667.0	1750.0	2064.0	2306.0	2558.0	2955.0	3494.0	4066.0	5309.0	7234.0	14412.0	27863.0	40620.0	47038.0	53177.0	59641.0	111570.0	459754.0	424665.0
	13.0	14.0	15.0	16.0	17.0	18.0	19.0	20.0	21.0	22.0	23.0	24.0	25.0	26.0	27.0	28.0	29.0	30.0	31.0	32.0	33.0	34.0	35.0	36.0	37.0	38.0	39.0	40.0
Sor-CPnd_027-Ex1-3C-lcwgs-1-2.2	1.0	13.0	97.0	525.0	1493.0	2599.0	2867.0	2957.0	2872.0	2974.0	2931.0	3373.0	3552.0	4039.0	4351.0	5024.0	5957.0	8682.0	14648.0	27253.0	39398.0	45796.0	45426.0	49084.0	58720.0	99473.0	469816.0	370819.0
	15.0	16.0	17.0	18.0	19.0	20.0	21.0	22.0	23.0	24.0	25.0	26.0	27.0	28.0	29.0	30.0	31.0	32.0	33.0	34.0	35.0	36.0	37.0	38.0	39.0	40.0
Sor-CPnd_028-Ex1-3A-lcwgs-1-2.1	1.0	6.0	36.0	163.0	563.0	1344.0	2036.0	2502.0	2763.0	3013.0	3379.0	3918.0	4323.0	5261.0	5945.0	7587.0	11043.0	24665.0	51005.0	72833.0	81841.0	88115.0	89449.0	155391.0	575330.0	510475.0
	14.0	15.0	16.0	17.0	18.0	19.0	20.0	21.0	22.0	23.0	24.0	25.0	26.0	27.0	28.0	29.0	30.0	31.0	32.0	33.0	34.0	35.0	36.0	37.0	38.0	39.0	40.0
Sor-CPnd_028-Ex1-3A-lcwgs-1-2.2	15.0	169.0	785.0	2026.0	3517.0	3872.0	3921.0	3915.0	4013.0	3949.0	4478.0	4816.0	5280.0	5568.0	6654.0	7234.0	8794.0	10390.0	13590.0	16427.0	21391.0	28799.0	46997.0	85932.0	217838.0	737625.0	454992.0
	14.0	15.0	16.0	17.0	18.0	19.0	20.0	21.0	22.0	23.0	24.0	25.0	26.0	27.0	28.0	29.0	30.0	31.0	32.0	33.0	34.0	35.0	36.0	37.0	38.0	39.0	40.0
Sor-CPnd_029-Ex1-8E-lcwgs-1-2.1	1.0	0.0	5.0	39.0	214.0	856.0	2136.0	3143.0	3875.0	4334.0	4950.0	5414.0	6041.0	6853.0	8164.0	9690.0	12858.0	20981.0	52336.0	109591.0	148961.0	156198.0	173378.0	160182.0	259461.0	700375.0	597184.0
	14.0	15.0	16.0	17.0	18.0	19.0	20.0	21.0	22.0	23.0	24.0	25.0	26.0	27.0	28.0	29.0	30.0	31.0	32.0	33.0	34.0	35.0	36.0	37.0	38.0	39.0	40.0
Sor-CPnd_029-Ex1-8E-lcwgs-1-2.2	13.0	201.0	1157.0	3299.0	5959.0	6738.0	6915.0	6281.0	6545.0	6504.0	7253.0	7942.0	9241.0	9601.0	11399.0	13226.0	17071.0	21350.0	26168.0	30686.0	39169.0	50485.0	81892.0	154092.0	383409.0	1017015.0	523609.0
	16.0	17.0	18.0	19.0	20.0	21.0	22.0	23.0	24.0	25.0	26.0	27.0	28.0	29.0	30.0	31.0	32.0	33.0	34.0	35.0	36.0	37.0	38.0	39.0	40.0
Sor-CPnd_030-Ex1-2H-lcwgs-1-2.1	2.0	20.0	114.0	396.0	906.0	1355.0	1627.0	1883.0	2129.0	2324.0	2620.0	2777.0	3221.0	3825.0	4920.0	8051.0	18250.0	36225.0	49267.0	52913.0	53543.0	47392.0	77343.0	227363.0	175414.0
	14.0	15.0	16.0	17.0	18.0	19.0	20.0	21.0	22.0	23.0	24.0	25.0	26.0	27.0	28.0	29.0	30.0	31.0	32.0	33.0	34.0	35.0	36.0	37.0	38.0	39.0	40.0
Sor-CPnd_030-Ex1-2H-lcwgs-1-2.2	7.0	40.0	272.0	741.0	1320.0	1605.0	1711.0	1858.0	2050.0	2290.0	2638.0	2902.0	3242.0	3480.0	3873.0	4406.0	5468.0	6448.0	8069.0	9366.0	12265.0	16507.0	28673.0	58252.0	135146.0	305933.0	155318.0
	15.0	16.0	17.0	18.0	19.0	20.0	21.0	22.0	23.0	24.0	25.0	26.0	27.0	28.0	29.0	30.0	31.0	32.0	33.0	34.0	35.0	36.0	37.0	38.0	39.0	40.0
Sor-CPnd_031-Ex1-5D-lcwgs-1-2.1	1.0	7.0	25.0	136.0	498.0	1117.0	1641.0	1925.0	2061.0	2448.0	2720.0	2982.0	3320.0	3788.0	4420.0	5655.0	9390.0	21722.0	48401.0	79925.0	69520.0	53827.0	57338.0	88896.0	349047.0	309526.0
	14.0	15.0	16.0	17.0	18.0	19.0	20.0	21.0	22.0	23.0	24.0	25.0	26.0	27.0	28.0	29.0	30.0	31.0	32.0	33.0	34.0	35.0	36.0	37.0	38.0	39.0	40.0
Sor-CPnd_031-Ex1-5D-lcwgs-1-2.2	9.0	76.0	479.0	1299.0	2220.0	2694.0	2852.0	2646.0	2779.0	2946.0	3243.0	3438.0	3880.0	4113.0	4639.0	5400.0	6882.0	8273.0	10201.0	12020.0	15481.0	20668.0	34138.0	67086.0	166354.0	463006.0	273514.0
	15.0	16.0	17.0	18.0	19.0	20.0	21.0	22.0	23.0	24.0	25.0	26.0	27.0	28.0	29.0	30.0	31.0	32.0	33.0	34.0	35.0	36.0	37.0	38.0	39.0	40.0
Sor-CPnd_033-Ex1-2F-lcwgs-1-2.1	2.0	2.0	23.0	116.0	445.0	959.0	1363.0	1679.0	1855.0	2135.0	2336.0	2506.0	2839.0	3248.0	3698.0	4783.0	7342.0	15038.0	28551.0	38091.0	41842.0	43751.0	41590.0	71473.0	227774.0	173984.0
	13.0	14.0	15.0	16.0	17.0	18.0	19.0	20.0	21.0	22.0	23.0	24.0	25.0	26.0	27.0	28.0	29.0	30.0	31.0	32.0	33.0	34.0	35.0	36.0	37.0	38.0	39.0	40.0
Sor-CPnd_033-Ex1-2F-lcwgs-1-2.2	1.0	6.0	46.0	263.0	761.0	1405.0	1676.0	1816.0	1868.0	2064.0	2184.0	2569.0	2787.0	3088.0	3461.0	4313.0	5847.0	9774.0	16806.0	30601.0	39096.0	42062.0	39113.0	40373.0	43616.0	62997.0	206712.0	152120.0
	17.0	18.0	19.0	20.0	21.0	22.0	23.0	24.0	25.0	26.0	27.0	28.0	29.0	30.0	31.0	32.0	33.0	34.0	35.0	36.0	37.0	38.0	39.0	40.0
Sor-CPnd_034-Ex1-4G-lcwgs-1-2.1	7.0	31.0	143.0	348.0	538.0	715.0	725.0	870.0	935.0	1115.0	1208.0	1440.0	1726.0	2680.0	5430.0	15954.0	34984.0	43238.0	37020.0	25475.0	25101.0	33692.0	94671.0	86813.0
	14.0	15.0	16.0	17.0	18.0	19.0	20.0	21.0	22.0	23.0	24.0	25.0	26.0	27.0	28.0	29.0	30.0	31.0	32.0	33.0	34.0	35.0	36.0	37.0	38.0	39.0	40.0
Sor-CPnd_034-Ex1-4G-lcwgs-1-2.2	3.0	23.0	128.0	418.0	860.0	1088.0	1127.0	1048.0	1098.0	1283.0	1382.0	1511.0	1638.0	1659.0	1794.0	1978.0	2520.0	3513.0	4655.0	5633.0	7042.0	9629.0	17869.0	38426.0	85533.0	150517.0	72484.0
	16.0	17.0	18.0	19.0	20.0	21.0	22.0	23.0	24.0	25.0	26.0	27.0	28.0	29.0	30.0	31.0	32.0	33.0	34.0	35.0	36.0	37.0	38.0	39.0	40.0
Sor-CPnd_036-Ex1-5C-lcwgs-1-2.1	5.0	20.0	136.0	435.0	1093.0	1564.0	1910.0	2171.0	2543.0	2810.0	3233.0	3577.0	4293.0	5145.0	6868.0	11833.0	30004.0	72269.0	103865.0	79340.0	58025.0	60935.0	87265.0	300127.0	259367.0
	14.0	15.0	16.0	17.0	18.0	19.0	20.0	21.0	22.0	23.0	24.0	25.0	26.0	27.0	28.0	29.0	30.0	31.0	32.0	33.0	34.0	35.0	36.0	37.0	38.0	39.0	40.0
Sor-CPnd_036-Ex1-5C-lcwgs-1-2.2	6.0	88.0	422.0	1217.0	2351.0	2841.0	2900.0	2843.0	2865.0	3141.0	3480.0	3815.0	4321.0	4736.0	5587.0	7698.0	13757.0	27564.0	57139.0	75782.0	75621.0	63749.0	59393.0	63121.0	88893.0	305914.0	219589.0
	16.0	17.0	18.0	19.0	20.0	21.0	22.0	23.0	24.0	25.0	26.0	27.0	28.0	29.0	30.0	31.0	32.0	33.0	34.0	35.0	36.0	37.0	38.0	39.0	40.0
Sor-CPnd_037-Ex1-6C-lcwgs-1-2.1	5.0	13.0	108.0	422.0	965.0	1532.0	1907.0	2177.0	2605.0	2937.0	3587.0	4293.0	5806.0	7750.0	10272.0	17865.0	48095.0	111800.0	115070.0	81583.0	61071.0	73109.0	111782.0	456474.0	428219.0
	14.0	15.0	16.0	17.0	18.0	19.0	20.0	21.0	22.0	23.0	24.0	25.0	26.0	27.0	28.0	29.0	30.0	31.0	32.0	33.0	34.0	35.0	36.0	37.0	38.0	39.0	40.0
Sor-CPnd_037-Ex1-6C-lcwgs-1-2.2	14.0	125.0	654.0	1914.0	3645.0	4457.0	4244.0	3848.0	3783.0	3887.0	4298.0	4489.0	4982.0	5372.0	6793.0	9435.0	17556.0	34800.0	67212.0	82358.0	79039.0	69108.0	73101.0	89632.0	129590.0	471608.0	373503.0
	16.0	17.0	18.0	19.0	20.0	21.0	22.0	23.0	24.0	25.0	26.0	27.0	28.0	29.0	30.0	31.0	32.0	33.0	34.0	35.0	36.0	37.0	38.0	39.0	40.0
Sor-CPnd_038-Ex1-2A-lcwgs-1-2.1	4.0	21.0	157.0	541.0	1235.0	1747.0	2002.0	2123.0	2552.0	2745.0	3055.0	3442.0	4086.0	4697.0	5761.0	8366.0	16918.0	31781.0	41501.0	46659.0	50711.0	52327.0	96490.0	395715.0	329252.0
	14.0	15.0	16.0	17.0	18.0	19.0	20.0	21.0	22.0	23.0	24.0	25.0	26.0	27.0	28.0	29.0	30.0	31.0	32.0	33.0	34.0	35.0	36.0	37.0	38.0	39.0	40.0
Sor-CPnd_038-Ex1-2A-lcwgs-1-2.2	9.0	108.0	475.0	1208.0	2088.0	2404.0	2678.0	2536.0	2785.0	2827.0	3098.0	3311.0	3680.0	4058.0	4450.0	4837.0	5867.0	6652.0	8621.0	10502.0	14005.0	18854.0	31043.0	59193.0	140963.0	462780.0	304856.0
	16.0	17.0	18.0	19.0	20.0	21.0	22.0	23.0	24.0	25.0	26.0	27.0	28.0	29.0	30.0	31.0	32.0	33.0	34.0	35.0	36.0	37.0	38.0	39.0	40.0
Sor-CPnd_041-Ex1-7A-lcwgs-1-2.1	4.0	19.0	98.0	366.0	929.0	1328.0	1489.0	1540.0	1795.0	1988.0	2440.0	2895.0	3813.0	4782.0	6272.0	9626.0	26600.0	59764.0	75924.0	82060.0	105419.0	117999.0	190117.0	641868.0	483846.0
	13.0	14.0	15.0	16.0	17.0	18.0	19.0	20.0	21.0	22.0	23.0	24.0	25.0	26.0	27.0	28.0	29.0	30.0	31.0	32.0	33.0	34.0	35.0	36.0	37.0	38.0	39.0	40.0
Sor-CPnd_041-Ex1-7A-lcwgs-1-2.2	2.0	10.0	110.0	733.0	2223.0	4390.0	5129.0	4334.0	3477.0	3089.0	2852.0	3161.0	3329.0	3762.0	4006.0	4681.0	5766.0	7986.0	11706.0	16442.0	19367.0	24594.0	33177.0	55529.0	104270.0	264372.0	796079.0	438405.0
	15.0	16.0	17.0	18.0	19.0	20.0	21.0	22.0	23.0	24.0	25.0	26.0	27.0	28.0	29.0	30.0	31.0	32.0	33.0	34.0	35.0	36.0	37.0	38.0	39.0	40.0
Sor-CPnd_043-Ex1-1D-lcwgs-1-2.1	1.0	2.0	30.0	188.0	701.0	1594.0	2323.0	2779.0	3134.0	3501.0	3985.0	4392.0	4945.0	5924.0	6801.0	8722.0	13118.0	28280.0	59596.0	86347.0	98522.0	115814.0	117655.0	214620.0	771879.0	691553.0
	14.0	15.0	16.0	17.0	18.0	19.0	20.0	21.0	22.0	23.0	24.0	25.0	26.0	27.0	28.0	29.0	30.0	31.0	32.0	33.0	34.0	35.0	36.0	37.0	38.0	39.0	40.0
Sor-CPnd_043-Ex1-1D-lcwgs-1-2.2	21.0	145.0	839.0	2554.0	4359.0	5026.0	5235.0	5059.0	5175.0	5252.0	5907.0	6210.0	7122.0	7317.0	8405.0	9677.0	12087.0	14560.0	18093.0	21749.0	28752.0	37895.0	61052.0	114576.0	289377.0	979182.0	590780.0
	16.0	17.0	18.0	19.0	20.0	21.0	22.0	23.0	24.0	25.0	26.0	27.0	28.0	29.0	30.0	31.0	32.0	33.0	34.0	35.0	36.0	37.0	38.0	39.0	40.0
Sor-CPnd_044-Ex1-8G-lcwgs-1-2.1	6.0	18.0	125.0	476.0	1205.0	1804.0	2175.0	2324.0	2713.0	3034.0	3418.0	3936.0	4628.0	5514.0	7599.0	13124.0	34314.0	72844.0	93076.0	91715.0	93932.0	80209.0	129099.0	360570.0	319626.0
	14.0	15.0	16.0	17.0	18.0	19.0	20.0	21.0	22.0	23.0	24.0	25.0	26.0	27.0	28.0	29.0	30.0	31.0	32.0	33.0	34.0	35.0	36.0	37.0	38.0	39.0	40.0
Sor-CPnd_044-Ex1-8G-lcwgs-1-2.2	9.0	108.0	583.0	1614.0	3276.0	4024.0	4199.0	3872.0	3869.0	4016.0	4616.0	4902.0	5298.0	5365.0	5890.0	6538.0	8114.0	10740.0	14204.0	16874.0	21154.0	27923.0	49024.0	102809.0	240214.0	507979.0	270270.0
	15.0	16.0	17.0	18.0	19.0	20.0	21.0	22.0	23.0	24.0	25.0	26.0	27.0	28.0	29.0	30.0	31.0	32.0	33.0	34.0	35.0	36.0	37.0	38.0	39.0	40.0
Sor-CPnd_045-Ex1-7B-lcwgs-1-2.1	2.0	7.0	13.0	135.0	457.0	1052.0	1562.0	1910.0	2133.0	2578.0	2846.0	3271.0	3824.0	4770.0	5692.0	7559.0	11571.0	28038.0	58796.0	73731.0	75810.0	91532.0	95269.0	158166.0	627084.0	583990.0
	12.0	13.0	14.0	15.0	16.0	17.0	18.0	19.0	20.0	21.0	22.0	23.0	24.0	25.0	26.0	27.0	28.0	29.0	30.0	31.0	32.0	33.0	34.0	35.0	36.0	37.0	38.0	39.0	40.0
Sor-CPnd_045-Ex1-7B-lcwgs-1-2.2	1.0	0.0	14.0	116.0	705.0	1925.0	3556.0	4197.0	4481.0	4119.0	4176.0	4211.0	4691.0	5038.0	5442.0	5660.0	6246.0	7037.0	8889.0	11249.0	14388.0	17256.0	22819.0	32033.0	55522.0	109354.0	245058.0	746327.0	517288.0
	17.0	18.0	19.0	20.0	21.0	22.0	23.0	24.0	25.0	26.0	27.0	28.0	29.0	30.0	31.0	32.0	33.0	34.0	35.0	36.0	37.0	38.0	39.0	40.0
Sor-CPnd_046-Ex1-5A-lcwgs-1-2.1	8.0	67.0	220.0	532.0	725.0	798.0	860.0	1062.0	1130.0	1324.0	1502.0	2056.0	2575.0	3477.0	6412.0	16612.0	40565.0	52488.0	36980.0	25955.0	26442.0	35637.0	114269.0	97036.0
	14.0	15.0	16.0	17.0	18.0	19.0	20.0	21.0	22.0	23.0	24.0	25.0	26.0	27.0	28.0	29.0	30.0	31.0	32.0	33.0	34.0	35.0	36.0	37.0	38.0	39.0	40.0
Sor-CPnd_046-Ex1-5A-lcwgs-1-2.2	3.0	40.0	214.0	564.0	1057.0	1317.0	1247.0	1142.0	1125.0	1134.0	1274.0	1367.0	1607.0	1680.0	1913.0	2211.0	2824.0	3690.0	4749.0	5581.0	7390.0	10358.0	18137.0	37500.0	91669.0	185554.0	83385.0
	16.0	17.0	18.0	19.0	20.0	21.0	22.0	23.0	24.0	25.0	26.0	27.0	28.0	29.0	30.0	31.0	32.0	33.0	34.0	35.0	36.0	37.0	38.0	39.0	40.0
Sor-CPnd_049-Ex1-3B-lcwgs-1-2.1	5.0	3.0	36.0	139.0	322.0	491.0	651.0	702.0	781.0	932.0	1097.0	1186.0	1393.0	1801.0	2292.0	3697.0	8957.0	19456.0	27647.0	29927.0	30179.0	28239.0	49486.0	161438.0	143785.0
	15.0	16.0	17.0	18.0	19.0	20.0	21.0	22.0	23.0	24.0	25.0	26.0	27.0	28.0	29.0	30.0	31.0	32.0	33.0	34.0	35.0	36.0	37.0	38.0	39.0	40.0
Sor-CPnd_049-Ex1-3B-lcwgs-1-2.2	32.0	178.0	557.0	891.0	1039.0	1075.0	1036.0	1118.0	1150.0	1415.0	1429.0	1604.0	1757.0	1896.0	2058.0	2593.0	3380.0	4408.0	4995.0	6615.0	9206.0	16018.0	33617.0	80292.0	212379.0	123904.0
	15.0	16.0	17.0	18.0	19.0	20.0	21.0	22.0	23.0	24.0	25.0	26.0	27.0	28.0	29.0	30.0	31.0	32.0	33.0	34.0	35.0	36.0	37.0	38.0	39.0	40.0
Sor-CPnd_050-Ex1-3F-lcwgs-1-2.1	1.0	3.0	22.0	173.0	647.0	1548.0	2380.0	2914.0	3343.0	3815.0	4171.0	4977.0	5169.0	6241.0	7109.0	9697.0	16295.0	39814.0	87823.0	125840.0	133384.0	133290.0	119911.0	190342.0	582915.0	507327.0
	14.0	15.0	16.0	17.0	18.0	19.0	20.0	21.0	22.0	23.0	24.0	25.0	26.0	27.0	28.0	29.0	30.0	31.0	32.0	33.0	34.0	35.0	36.0	37.0	38.0	39.0	40.0
Sor-CPnd_050-Ex1-3F-lcwgs-1-2.2	17.0	127.0	794.0	2250.0	3930.0	4589.0	4560.0	4489.0	4667.0	4979.0	5689.0	6065.0	7097.0	7867.0	10341.0	14981.0	25912.0	46120.0	85243.0	115708.0	126787.0	117344.0	114725.0	117169.0	164907.0	562466.0	430328.0
	15.0	16.0	17.0	18.0	19.0	20.0	21.0	22.0	23.0	24.0	25.0	26.0	27.0	28.0	29.0	30.0	31.0	32.0	33.0	34.0	35.0	36.0	37.0	38.0	39.0	40.0
Sor-CPnd_052-Ex1-6D-lcwgs-1-2.1	1.0	2.0	16.0	92.0	305.0	829.0	1195.0	1551.0	1683.0	1863.0	2185.0	2520.0	2885.0	3479.0	4118.0	5802.0	11363.0	30348.0	69987.0	99488.0	81766.0	57959.0	60055.0	83234.0	263087.0	228063.0
	14.0	15.0	16.0	17.0	18.0	19.0	20.0	21.0	22.0	23.0	24.0	25.0	26.0	27.0	28.0	29.0	30.0	31.0	32.0	33.0	34.0	35.0	36.0	37.0	38.0	39.0	40.0
Sor-CPnd_052-Ex1-6D-lcwgs-1-2.2	8.0	51.0	414.0	1234.0	2565.0	2976.0	2964.0	2555.0	2575.0	2681.0	3067.0	3234.0	3590.0	3757.0	4362.0	5170.0	6878.0	9399.0	12066.0	13328.0	16892.0	22624.0	38547.0	78105.0	183944.0	399111.0	191779.0
	15.0	16.0	17.0	18.0	19.0	20.0	21.0	22.0	23.0	24.0	25.0	26.0	27.0	28.0	29.0	30.0	31.0	32.0	33.0	34.0	35.0	36.0	37.0	38.0	39.0	40.0
Sor-CPnd_053-Ex1-2C-lcwgs-1-2.1	2.0	4.0	27.0	126.0	476.0	1063.0	1629.0	1974.0	2105.0	2360.0	2771.0	3102.0	3420.0	4013.0	4725.0	6006.0	9281.0	20589.0	38485.0	48398.0	50758.0	52765.0	50794.0	90005.0	329600.0	269007.0
	14.0	15.0	16.0	17.0	18.0	19.0	20.0	21.0	22.0	23.0	24.0	25.0	26.0	27.0	28.0	29.0	30.0	31.0	32.0	33.0	34.0	35.0	36.0	37.0	38.0	39.0	40.0
Sor-CPnd_053-Ex1-2C-lcwgs-1-2.2	9.0	99.0	412.0	1061.0	1908.0	2393.0	2466.0	2486.0	2673.0	2882.0	3194.0	3455.0	3842.0	4093.0	4931.0	6461.0	10598.0	20125.0	38722.0	50287.0	50885.0	45049.0	44178.0	49894.0	78046.0	321115.0	242221.0
	16.0	17.0	18.0	19.0	20.0	21.0	22.0	23.0	24.0	25.0	26.0	27.0	28.0	29.0	30.0	31.0	32.0	33.0	34.0	35.0	36.0	37.0	38.0	39.0	40.0
Sor-CPnd_054-Ex1-8F-lcwgs-1-2.1	3.0	6.0	56.0	178.0	466.0	744.0	830.0	892.0	1002.0	1057.0	1281.0	1490.0	1968.0	2530.0	3611.0	6619.0	18959.0	38472.0	44486.0	41174.0	42261.0	35819.0	52778.0	111721.0	86071.0
	14.0	15.0	16.0	17.0	18.0	19.0	20.0	21.0	22.0	23.0	24.0	25.0	26.0	27.0	28.0	29.0	30.0	31.0	32.0	33.0	34.0	35.0	36.0	37.0	38.0	39.0	40.0
Sor-CPnd_054-Ex1-8F-lcwgs-1-2.2	4.0	27.0	208.0	622.0	1163.0	1370.0	1386.0	1340.0	1321.0	1392.0	1558.0	1750.0	1970.0	2315.0	3501.0	5831.0	10880.0	18681.0	32921.0	41432.0	41860.0	35912.0	34149.0	34146.0	42614.0	108317.0	67804.0
	14.0	15.0	16.0	17.0	18.0	19.0	20.0	21.0	22.0	23.0	24.0	25.0	26.0	27.0	28.0	29.0	30.0	31.0	32.0	33.0	34.0	35.0	36.0	37.0	38.0	39.0	40.0
Sor-CPnd_055-Ex1-7G-lcwgs-1-2.1	1.0	0.0	3.0	21.0	127.0	495.0	1135.0	1747.0	2093.0	2358.0	2749.0	3016.0	3501.0	3943.0	4757.0	5664.0	7598.0	12424.0	32921.0	71133.0	90799.0	89571.0	102050.0	94479.0	133157.0	363809.0	309901.0
	14.0	15.0	16.0	17.0	18.0	19.0	20.0	21.0	22.0	23.0	24.0	25.0	26.0	27.0	28.0	29.0	30.0	31.0	32.0	33.0	34.0	35.0	36.0	37.0	38.0	39.0	40.0
Sor-CPnd_055-Ex1-7G-lcwgs-1-2.2	11.0	93.0	505.0	1540.0	2966.0	3814.0	3961.0	3555.0	3890.0	4016.0	4480.0	4797.0	5199.0	5403.0	5799.0	6436.0	8365.0	10814.0	14531.0	17249.0	22384.0	29928.0	54632.0	113481.0	250423.0	498455.0	262725.0
	16.0	17.0	18.0	19.0	20.0	21.0	22.0	23.0	24.0	25.0	26.0	27.0	28.0	29.0	30.0	31.0	32.0	33.0	34.0	35.0	36.0	37.0	38.0	39.0	40.0
Sor-CPnd_058-Ex1-2G-lcwgs-1-2.1	2.0	13.0	119.0	373.0	999.0	1467.0	1781.0	1984.0	2155.0	2431.0	2715.0	2944.0	3309.0	3740.0	4891.0	7786.0	16719.0	32819.0	45033.0	48347.0	49310.0	43897.0	73438.0	199136.0	152206.0
	14.0	15.0	16.0	17.0	18.0	19.0	20.0	21.0	22.0	23.0	24.0	25.0	26.0	27.0	28.0	29.0	30.0	31.0	32.0	33.0	34.0	35.0	36.0	37.0	38.0	39.0	40.0
Sor-CPnd_058-Ex1-2G-lcwgs-1-2.2	8.0	41.0	244.0	633.0	1215.0	1640.0	1830.0	1902.0	2097.0	2425.0	2684.0	2978.0	3299.0	3498.0	3737.0	4021.0	4830.0	6005.0	7975.0	9262.0	12124.0	16162.0	28736.0	58777.0	128372.0	258617.0	134502.0
	17.0	18.0	19.0	20.0	21.0	22.0	23.0	24.0	25.0	26.0	27.0	28.0	29.0	30.0	31.0	32.0	33.0	34.0	35.0	36.0	37.0	38.0	39.0	40.0
Sor-CPnd_063-Ex1-7D-lcwgs-1-2.1	18.0	102.0	424.0	924.0	1445.0	1697.0	1849.0	2204.0	2385.0	2916.0	3144.0	3924.0	4643.0	6232.0	9653.0	25487.0	55588.0	75704.0	78917.0	91894.0	90322.0	134359.0	382950.0	314271.0
	14.0	15.0	16.0	17.0	18.0	19.0	20.0	21.0	22.0	23.0	24.0	25.0	26.0	27.0	28.0	29.0	30.0	31.0	32.0	33.0	34.0	35.0	36.0	37.0	38.0	39.0	40.0
Sor-CPnd_063-Ex1-7D-lcwgs-1-2.2	12.0	112.0	539.0	1587.0	2917.0	3610.0	3311.0	2983.0	3020.0	3098.0	3465.0	3802.0	4321.0	4477.0	5071.0	5892.0	7911.0	10132.0	12941.0	14930.0	19305.0	26080.0	44354.0	88930.0	217958.0	531764.0	268530.0
	15.0	16.0	17.0	18.0	19.0	20.0	21.0	22.0	23.0	24.0	25.0	26.0	27.0	28.0	29.0	30.0	31.0	32.0	33.0	34.0	35.0	36.0	37.0	38.0	39.0	40.0
Sor-CPnd_066-Ex1-8B-lcwgs-1-2.1	2.0	0.0	12.0	62.0	267.0	585.0	873.0	1129.0	1234.0	1436.0	1645.0	1943.0	2229.0	2718.0	3592.0	4799.0	7696.0	20184.0	40922.0	49201.0	48140.0	51648.0	47664.0	84487.0	288482.0	264818.0
	14.0	15.0	16.0	17.0	18.0	19.0	20.0	21.0	22.0	23.0	24.0	25.0	26.0	27.0	28.0	29.0	30.0	31.0	32.0	33.0	34.0	35.0	36.0	37.0	38.0	39.0	40.0
Sor-CPnd_066-Ex1-8B-lcwgs-1-2.2	13.0	74.0	354.0	1106.0	2087.0	2509.0	2466.0	2507.0	2493.0	2486.0	2700.0	2872.0	3170.0	3193.0	3540.0	3979.0	5168.0	6297.0	8446.0	9831.0	12934.0	17917.0	30599.0	60937.0	140220.0	371733.0	226137.0
	15.0	16.0	17.0	18.0	19.0	20.0	21.0	22.0	23.0	24.0	25.0	26.0	27.0	28.0	29.0	30.0	31.0	32.0	33.0	34.0	35.0	36.0	37.0	38.0	39.0	40.0
Sor-CPnd_069-Ex1-6B-lcwgs-1-2.1	1.0	2.0	8.0	73.0	303.0	674.0	1059.0	1263.0	1483.0	1767.0	1888.0	2375.0	2689.0	3412.0	4479.0	5859.0	10470.0	27775.0	62475.0	72102.0	56119.0	43265.0	52297.0	85140.0	375641.0	364224.0
	14.0	15.0	16.0	17.0	18.0	19.0	20.0	21.0	22.0	23.0	24.0	25.0	26.0	27.0	28.0	29.0	30.0	31.0	32.0	33.0	34.0	35.0	36.0	37.0	38.0	39.0	40.0
Sor-CPnd_069-Ex1-6B-lcwgs-1-2.2	5.0	98.0	424.0	1188.0	2339.0	2785.0	2882.0	2851.0	2969.0	3001.0	3153.0	3482.0	3676.0	3742.0	4066.0	4636.0	6066.0	7772.0	9920.0	11909.0	15710.0	22144.0	38784.0	76653.0	162024.0	458606.0	325958.0
	15.0	16.0	17.0	18.0	19.0	20.0	21.0	22.0	23.0	24.0	25.0	26.0	27.0	28.0	29.0	30.0	31.0	32.0	33.0	34.0	35.0	36.0	37.0	38.0	39.0	40.0
Sor-CPnd_072-Ex1-8C-lcwgs-1-2.1	1.0	9.0	45.0	203.0	676.0	1743.0	2660.0	3225.0	3540.0	4191.0	4618.0	5401.0	6065.0	7645.0	9412.0	12847.0	20155.0	48278.0	91751.0	108370.0	108543.0	122229.0	126906.0	237743.0	937928.0	851286.0
	14.0	15.0	16.0	17.0	18.0	19.0	20.0	21.0	22.0	23.0	24.0	25.0	26.0	27.0	28.0	29.0	30.0	31.0	32.0	33.0	34.0	35.0	36.0	37.0	38.0	39.0	40.0
Sor-CPnd_072-Ex1-8C-lcwgs-1-2.2	18.0	271.0	1271.0	3414.0	5821.0	6538.0	6715.0	6454.0	6770.0	6634.0	7390.0	7845.0	8818.0	9497.0	11263.0	14911.0	24533.0	44691.0	84278.0	109868.0	112969.0	102042.0	106394.0	127178.0	211517.0	960638.0	727732.0
	13.0	14.0	15.0	16.0	17.0	18.0	19.0	20.0	21.0	22.0	23.0	24.0	25.0	26.0	27.0	28.0	29.0	30.0	31.0	32.0	33.0	34.0	35.0	36.0	37.0	38.0	39.0	40.0
Undetermined.1	5.0	29.0	223.0	1490.0	6202.0	28715.0	115447.0	320104.0	483312.0	472259.0	412757.0	448186.0	495820.0	585731.0	673216.0	840287.0	1027619.0	1427614.0	2494053.0	6209193.0	12784440.0	18516594.0	18475881.0	16601983.0	17972367.0	28384577.0	108063109.0	81056901.0
	5.0	6.0	7.0	8.0	9.0	10.0	11.0	12.0	13.0	14.0	15.0	16.0	17.0	18.0	19.0	20.0	21.0	22.0	23.0	24.0	25.0	26.0	27.0	28.0	29.0	30.0	31.0	32.0	33.0	34.0	35.0	36.0	37.0	38.0	39.0	40.0
Undetermined.2	1.0	237.0	1475.0	2342.0	4319.0	5369.0	5083.0	7360.0	13986.0	65493.0	131106.0	141220.0	390699.0	736826.0	923606.0	996133.0	889732.0	793781.0	750726.0	811653.0	855889.0	960078.0	1049583.0	1292900.0	1697198.0	2638410.0	3949993.0	5724842.0	6928473.0	8150401.0	9267875.0	12562585.0	19774858.0	40976705.0	121599721.0	73797456.0

