	24.0	25.0	26.0	27.0	28.0	29.0	30.0	31.0	32.0	33.0	34.0	35.0	36.0	37.0	38.0	39.0	40.0
Sor-ACeb_001-Ex1-8E-lcwgs-1-2.clmp.fp2_repr.R1	4.0	17.0	58.0	173.0	227.0	346.0	462.0	623.0	935.0	1300.0	1796.0	2598.0	4305.0	7625.0	20218.0	211117.0	379714.0
	23.0	24.0	25.0	26.0	27.0	28.0	29.0	30.0	31.0	32.0	33.0	34.0	35.0	36.0	37.0	38.0	39.0	40.0
Sor-ACeb_001-Ex1-8E-lcwgs-1-2.clmp.fp2_repr.R2	1.0	9.0	26.0	69.0	112.0	170.0	239.0	343.0	486.0	760.0	1116.0	1607.0	2295.0	3676.0	5879.0	13126.0	115097.0	486507.0
	25.0	26.0	27.0	28.0	29.0	30.0	31.0	32.0	33.0	34.0	35.0	36.0	37.0	38.0	39.0	40.0
Sor-ACeb_002-Ex1-9E-lcwgs-1-2.clmp.fp2_repr.R1	3.0	16.0	19.0	44.0	53.0	71.0	93.0	140.0	156.0	248.0	351.0	597.0	1031.0	2894.0	32302.0	60205.0
	25.0	26.0	27.0	28.0	29.0	30.0	31.0	32.0	33.0	34.0	35.0	36.0	37.0	38.0	39.0	40.0
Sor-ACeb_002-Ex1-9E-lcwgs-1-2.clmp.fp2_repr.R2	2.0	10.0	17.0	34.0	31.0	56.0	62.0	85.0	129.0	199.0	276.0	442.0	672.0	1575.0	16939.0	77694.0
	24.0	25.0	26.0	27.0	28.0	29.0	30.0	31.0	32.0	33.0	34.0	35.0	36.0	37.0	38.0	39.0	40.0
Sor-ACeb_003-Ex1-10E-lcwgs-1-2.clmp.fp2_repr.R1	2.0	7.0	24.0	59.0	127.0	156.0	222.0	271.0	350.0	460.0	630.0	879.0	1506.0	2825.0	9549.0	97403.0	165553.0
	24.0	25.0	26.0	27.0	28.0	29.0	30.0	31.0	32.0	33.0	34.0	35.0	36.0	37.0	38.0	39.0	40.0
Sor-ACeb_003-Ex1-10E-lcwgs-1-2.clmp.fp2_repr.R2	5.0	12.0	21.0	39.0	75.0	91.0	122.0	183.0	199.0	311.0	433.0	590.0	906.0	1492.0	3934.0	40076.0	231534.0
	25.0	26.0	27.0	28.0	29.0	30.0	31.0	32.0	33.0	34.0	35.0	36.0	37.0	38.0	39.0	40.0
Sor-ACeb_004-Ex1-11E-lcwgs-1-2.clmp.fp2_repr.R1	8.0	32.0	73.0	118.0	135.0	180.0	185.0	266.0	325.0	455.0	652.0	1074.0	1805.0	5447.0	57972.0	125699.0
	24.0	25.0	26.0	27.0	28.0	29.0	30.0	31.0	32.0	33.0	34.0	35.0	36.0	37.0	38.0	39.0	40.0
Sor-ACeb_004-Ex1-11E-lcwgs-1-2.clmp.fp2_repr.R2	4.0	12.0	15.0	26.0	42.0	68.0	96.0	132.0	176.0	227.0	325.0	416.0	632.0	1008.0	2358.0	24121.0	164768.0
	24.0	25.0	26.0	27.0	28.0	29.0	30.0	31.0	32.0	33.0	34.0	35.0	36.0	37.0	38.0	39.0	40.0
Sor-ACeb_005-Ex1-12E-lcwgs-1-2.clmp.fp2_repr.R1	1.0	4.0	10.0	12.0	28.0	29.0	40.0	54.0	85.0	108.0	111.0	159.0	301.0	494.0	1298.0	12554.0	21285.0
	23.0	24.0	25.0	26.0	27.0	28.0	29.0	30.0	31.0	32.0	33.0	34.0	35.0	36.0	37.0	38.0	39.0	40.0
Sor-ACeb_005-Ex1-12E-lcwgs-1-2.clmp.fp2_repr.R2	1.0	2.0	6.0	8.0	8.0	12.0	13.0	31.0	45.0	50.0	70.0	90.0	141.0	222.0	353.0	785.0	7498.0	27238.0
	25.0	26.0	27.0	28.0	29.0	30.0	31.0	32.0	33.0	34.0	35.0	36.0	37.0	38.0	39.0	40.0
Sor-ACeb_006-Ex1-1F-lcwgs-1-2.clmp.fp2_repr.R1	2.0	10.0	10.0	21.0	31.0	33.0	41.0	59.0	66.0	84.0	149.0	250.0	404.0	1075.0	9355.0	17606.0
	25.0	26.0	27.0	28.0	29.0	30.0	31.0	32.0	33.0	34.0	35.0	36.0	37.0	38.0	39.0	40.0
Sor-ACeb_006-Ex1-1F-lcwgs-1-2.clmp.fp2_repr.R2	1.0	5.0	8.0	11.0	16.0	32.0	26.0	41.0	62.0	78.0	138.0	170.0	288.0	703.0	6353.0	21264.0
	25.0	26.0	27.0	28.0	29.0	30.0	31.0	32.0	33.0	34.0	35.0	36.0	37.0	38.0	39.0	40.0
Sor-ACeb_007-Ex1-2F-lcwgs-1-2.clmp.fp2_repr.R1	1.0	2.0	7.0	11.0	24.0	34.0	22.0	42.0	59.0	71.0	83.0	159.0	275.0	727.0	5186.0	8193.0
	24.0	25.0	26.0	27.0	28.0	29.0	30.0	31.0	32.0	33.0	34.0	35.0	36.0	37.0	38.0	39.0	40.0
Sor-ACeb_007-Ex1-2F-lcwgs-1-2.clmp.fp2_repr.R2	2.0	2.0	3.0	10.0	9.0	9.0	9.0	20.0	34.0	37.0	58.0	63.0	120.0	172.0	397.0	3097.0	10854.0
	25.0	26.0	27.0	28.0	29.0	30.0	31.0	32.0	33.0	34.0	35.0	36.0	37.0	38.0	39.0	40.0
Sor-ACeb_008-Ex1-3F-lcwgs-1-2.clmp.fp2_repr.R1	2.0	6.0	11.0	19.0	27.0	39.0	45.0	69.0	72.0	118.0	149.0	224.0	447.0	1273.0	11206.0	23045.0
	23.0	24.0	25.0	26.0	27.0	28.0	29.0	30.0	31.0	32.0	33.0	34.0	35.0	36.0	37.0	38.0	39.0	40.0
Sor-ACeb_008-Ex1-3F-lcwgs-1-2.clmp.fp2_repr.R2	1.0	1.0	2.0	4.0	5.0	23.0	14.0	19.0	24.0	51.0	38.0	90.0	116.0	200.0	295.0	709.0	6321.0	28839.0
	26.0	27.0	28.0	29.0	30.0	31.0	32.0	33.0	34.0	35.0	36.0	37.0	38.0	39.0	40.0
Sor-ACeb_009-Ex1-4F-lcwgs-1-2.clmp.fp2_repr.R1	1.0	3.0	4.0	5.0	3.0	8.0	17.0	13.0	26.0	45.0	61.0	95.0	310.0	3145.0	7085.0
	26.0	27.0	28.0	29.0	30.0	31.0	32.0	33.0	34.0	35.0	36.0	37.0	38.0	39.0	40.0
Sor-ACeb_009-Ex1-4F-lcwgs-1-2.clmp.fp2_repr.R2	1.0	2.0	1.0	1.0	5.0	5.0	9.0	12.0	25.0	30.0	34.0	68.0	139.0	1459.0	9030.0
	24.0	25.0	26.0	27.0	28.0	29.0	30.0	31.0	32.0	33.0	34.0	35.0	36.0	37.0	38.0	39.0	40.0
Sor-ACeb_010-Ex1-5F-lcwgs-1-2.clmp.fp2_repr.R1	1.0	3.0	9.0	18.0	24.0	44.0	51.0	58.0	64.0	92.0	135.0	176.0	336.0	555.0	1558.0	16099.0	33014.0
	24.0	25.0	26.0	27.0	28.0	29.0	30.0	31.0	32.0	33.0	34.0	35.0	36.0	37.0	38.0	39.0	40.0
Sor-ACeb_010-Ex1-5F-lcwgs-1-2.clmp.fp2_repr.R2	2.0	2.0	6.0	19.0	15.0	30.0	21.0	50.0	50.0	62.0	97.0	132.0	224.0	333.0	844.0	8309.0	42041.0
	25.0	26.0	27.0	28.0	29.0	30.0	31.0	32.0	33.0	34.0	35.0	36.0	37.0	38.0	39.0	40.0
Sor-ACeb_011-Ex1-6F-lcwgs-1-2.clmp.fp2_repr.R1	1.0	2.0	8.0	11.0	16.0	13.0	18.0	31.0	38.0	56.0	82.0	177.0	270.0	661.0	5556.0	9283.0
	24.0	25.0	26.0	27.0	28.0	29.0	30.0	31.0	32.0	33.0	34.0	35.0	36.0	37.0	38.0	39.0	40.0
Sor-ACeb_011-Ex1-6F-lcwgs-1-2.clmp.fp2_repr.R2	1.0	0.0	0.0	6.0	6.0	9.0	19.0	16.0	25.0	34.0	50.0	67.0	116.0	195.0	462.0	4258.0	10959.0
	25.0	26.0	27.0	28.0	29.0	30.0	31.0	32.0	33.0	34.0	35.0	36.0	37.0	38.0	39.0	40.0
Sor-ACeb_012-Ex1-7F-lcwgs-1-2.clmp.fp2_repr.R1	3.0	7.0	23.0	46.0	70.0	73.0	111.0	147.0	189.0	263.0	351.0	547.0	964.0	2731.0	28916.0	58546.0
	24.0	25.0	26.0	27.0	28.0	29.0	30.0	31.0	32.0	33.0	34.0	35.0	36.0	37.0	38.0	39.0	40.0
Sor-ACeb_012-Ex1-7F-lcwgs-1-2.clmp.fp2_repr.R2	4.0	7.0	10.0	15.0	33.0	37.0	58.0	67.0	105.0	146.0	189.0	244.0	399.0	664.0	1575.0	15730.0	73704.0
	24.0	25.0	26.0	27.0	28.0	29.0	30.0	31.0	32.0	33.0	34.0	35.0	36.0	37.0	38.0	39.0	40.0
Sor-ACeb_013-Ex1-8F-lcwgs-1-2.clmp.fp2_repr.R1	1.0	2.0	3.0	10.0	14.0	19.0	13.0	43.0	45.0	90.0	105.0	161.0	294.0	435.0	1102.0	10799.0	18715.0
	24.0	25.0	26.0	27.0	28.0	29.0	30.0	31.0	32.0	33.0	34.0	35.0	36.0	37.0	38.0	39.0	40.0
Sor-ACeb_013-Ex1-8F-lcwgs-1-2.clmp.fp2_repr.R2	2.0	2.0	2.0	10.0	17.0	12.0	23.0	43.0	50.0	60.0	87.0	134.0	228.0	339.0	823.0	8384.0	21635.0
	25.0	26.0	27.0	28.0	29.0	30.0	31.0	32.0	33.0	34.0	35.0	36.0	37.0	38.0	39.0	40.0
Sor-ACeb_014-Ex1-9F-lcwgs-1-2.clmp.fp2_repr.R1	1.0	4.0	9.0	3.0	12.0	23.0	42.0	46.0	36.0	64.0	104.0	152.0	291.0	789.0	8541.0	17525.0
	25.0	26.0	27.0	28.0	29.0	30.0	31.0	32.0	33.0	34.0	35.0	36.0	37.0	38.0	39.0	40.0
Sor-ACeb_014-Ex1-9F-lcwgs-1-2.clmp.fp2_repr.R2	1.0	4.0	3.0	11.0	9.0	14.0	22.0	35.0	38.0	47.0	78.0	116.0	182.0	471.0	4776.0	21835.0
	26.0	27.0	28.0	29.0	30.0	31.0	32.0	33.0	34.0	35.0	36.0	37.0	38.0	39.0	40.0
Sor-ACeb_015-Ex1-10F-lcwgs-1-2.clmp.fp2_repr.R1	9.0	6.0	14.0	21.0	26.0	39.0	45.0	80.0	102.0	136.0	211.0	369.0	1034.0	11869.0	24695.0
	25.0	26.0	27.0	28.0	29.0	30.0	31.0	32.0	33.0	34.0	35.0	36.0	37.0	38.0	39.0	40.0
Sor-ACeb_015-Ex1-10F-lcwgs-1-2.clmp.fp2_repr.R2	2.0	5.0	6.0	6.0	16.0	12.0	29.0	36.0	45.0	66.0	99.0	134.0	250.0	572.0	6419.0	30959.0
	24.0	25.0	26.0	27.0	28.0	29.0	30.0	31.0	32.0	33.0	34.0	35.0	36.0	37.0	38.0	39.0	40.0
Sor-ACeb_016-Ex1-11F-lcwgs-1-2.clmp.fp2_repr.R1	3.0	12.0	45.0	74.0	116.0	178.0	215.0	264.0	365.0	450.0	615.0	893.0	1330.0	2500.0	7392.0	72974.0	168095.0
	23.0	24.0	25.0	26.0	27.0	28.0	29.0	30.0	31.0	32.0	33.0	34.0	35.0	36.0	37.0	38.0	39.0	40.0
Sor-ACeb_016-Ex1-11F-lcwgs-1-2.clmp.fp2_repr.R2	2.0	6.0	18.0	36.0	36.0	79.0	89.0	145.0	154.0	214.0	302.0	379.0	545.0	825.0	1235.0	2967.0	32861.0	215628.0
	24.0	25.0	26.0	27.0	28.0	29.0	30.0	31.0	32.0	33.0	34.0	35.0	36.0	37.0	38.0	39.0	40.0
Sor-ACeb_017-Ex1-12F-lcwgs-1-2.clmp.fp2_repr.R1	1.0	8.0	16.0	59.0	99.0	129.0	146.0	189.0	247.0	305.0	463.0	604.0	974.0	1784.0	5491.0	61686.0	133114.0
	24.0	25.0	26.0	27.0	28.0	29.0	30.0	31.0	32.0	33.0	34.0	35.0	36.0	37.0	38.0	39.0	40.0
Sor-ACeb_017-Ex1-12F-lcwgs-1-2.clmp.fp2_repr.R2	3.0	14.0	19.0	32.0	54.0	75.0	106.0	113.0	175.0	200.0	331.0	451.0	634.0	1038.0	2496.0	28361.0	171213.0
	24.0	25.0	26.0	27.0	28.0	29.0	30.0	31.0	32.0	33.0	34.0	35.0	36.0	37.0	38.0	39.0	40.0
Sor-ACeb_018-Ex1-1G-lcwgs-1-2.clmp.fp2_repr.R1	1.0	1.0	8.0	9.0	24.0	20.0	27.0	51.0	74.0	74.0	124.0	194.0	336.0	616.0	1540.0	14856.0	21583.0
	24.0	25.0	26.0	27.0	28.0	29.0	30.0	31.0	32.0	33.0	34.0	35.0	36.0	37.0	38.0	39.0	40.0
Sor-ACeb_018-Ex1-1G-lcwgs-1-2.clmp.fp2_repr.R2	3.0	1.0	3.0	8.0	15.0	30.0	31.0	42.0	53.0	86.0	124.0	170.0	272.0	459.0	1082.0	9470.0	27689.0
	26.0	27.0	28.0	29.0	30.0	31.0	32.0	33.0	34.0	35.0	36.0	37.0	38.0	39.0	40.0
Sor-ACeb_019-Ex1-3G-lcwgs-1-2.clmp.fp2_repr.R1	3.0	6.0	5.0	4.0	13.0	15.0	17.0	31.0	46.0	77.0	96.0	186.0	428.0	3274.0	5162.0
	24.0	25.0	26.0	27.0	28.0	29.0	30.0	31.0	32.0	33.0	34.0	35.0	36.0	37.0	38.0	39.0	40.0
Sor-ACeb_019-Ex1-3G-lcwgs-1-2.clmp.fp2_repr.R2	2.0	3.0	4.0	0.0	5.0	10.0	14.0	14.0	20.0	29.0	37.0	59.0	88.0	119.0	328.0	2381.0	6250.0
	26.0	27.0	28.0	29.0	30.0	31.0	32.0	33.0	34.0	35.0	36.0	37.0	38.0	39.0	40.0
Sor-ACeb_020-Ex1-2G-lcwgs-1-2.clmp.fp2_repr.R1	1.0	2.0	8.0	5.0	6.0	10.0	21.0	40.0	40.0	64.0	91.0	151.0	403.0	2708.0	3914.0
	25.0	26.0	27.0	28.0	29.0	30.0	31.0	32.0	33.0	34.0	35.0	36.0	37.0	38.0	39.0	40.0
Sor-ACeb_020-Ex1-2G-lcwgs-1-2.clmp.fp2_repr.R2	1.0	0.0	7.0	3.0	6.0	8.0	13.0	16.0	24.0	21.0	56.0	66.0	111.0	264.0	1813.0	5055.0
	27.0	28.0	29.0	30.0	31.0	32.0	33.0	34.0	35.0	36.0	37.0	38.0	39.0	40.0
Sor-ACeb_021-Ex1-4G-lcwgs-1-2.clmp.fp2_repr.R1	1.0	1.0	2.0	4.0	4.0	3.0	3.0	2.0	3.0	11.0	20.0	47.0	345.0	570.0
	29.0	30.0	31.0	32.0	33.0	34.0	35.0	36.0	37.0	38.0	39.0	40.0
Sor-ACeb_021-Ex1-4G-lcwgs-1-2.clmp.fp2_repr.R2	2.0	2.0	2.0	1.0	1.0	2.0	3.0	7.0	10.0	30.0	213.0	743.0
	25.0	26.0	27.0	28.0	29.0	30.0	31.0	32.0	33.0	34.0	35.0	36.0	37.0	38.0	39.0	40.0
Sor-ACeb_022-Ex1-5G-lcwgs-1-2.clmp.fp2_repr.R1	2.0	2.0	3.0	13.0	10.0	15.0	21.0	36.0	52.0	63.0	100.0	167.0	277.0	795.0	6627.0	11500.0
	25.0	26.0	27.0	28.0	29.0	30.0	31.0	32.0	33.0	34.0	35.0	36.0	37.0	38.0	39.0	40.0
Sor-ACeb_022-Ex1-5G-lcwgs-1-2.clmp.fp2_repr.R2	1.0	6.0	3.0	8.0	8.0	15.0	20.0	30.0	36.0	64.0	89.0	130.0	219.0	460.0	4463.0	14131.0
	24.0	25.0	26.0	27.0	28.0	29.0	30.0	31.0	32.0	33.0	34.0	35.0	36.0	37.0	38.0	39.0	40.0
Sor-CPnd_001-Ex1-3E-lcwgs-1-2.clmp.fp2_repr.R1	2.0	45.0	122.0	263.0	468.0	627.0	880.0	1250.0	1859.0	2824.0	4363.0	6501.0	10735.0	18209.0	44271.0	397898.0	626457.0
	23.0	24.0	25.0	26.0	27.0	28.0	29.0	30.0	31.0	32.0	33.0	34.0	35.0	36.0	37.0	38.0	39.0	40.0
Sor-CPnd_001-Ex1-3E-lcwgs-1-2.clmp.fp2_repr.R2	8.0	37.0	66.0	155.0	245.0	404.0	598.0	807.0	1172.0	1827.0	2627.0	3874.0	6076.0	9379.0	15345.0	33050.0	286066.0	755038.0
	23.0	24.0	25.0	26.0	27.0	28.0	29.0	30.0	31.0	32.0	33.0	34.0	35.0	36.0	37.0	38.0	39.0	40.0
Sor-CPnd_002-Ex1-5E-lcwgs-1-2.clmp.fp2_repr.R1	1.0	9.0	23.0	85.0	160.0	308.0	426.0	610.0	784.0	1144.0	1613.0	2447.0	3749.0	5934.0	10290.0	25942.0	217680.0	375730.0
	23.0	24.0	25.0	26.0	27.0	28.0	29.0	30.0	31.0	32.0	33.0	34.0	35.0	36.0	37.0	38.0	39.0	40.0
Sor-CPnd_002-Ex1-5E-lcwgs-1-2.clmp.fp2_repr.R2	2.0	18.0	43.0	105.0	160.0	212.0	307.0	490.0	666.0	943.0	1399.0	2114.0	3178.0	4907.0	7822.0	17269.0	143190.0	464110.0
	23.0	24.0	25.0	26.0	27.0	28.0	29.0	30.0	31.0	32.0	33.0	34.0	35.0	36.0	37.0	38.0	39.0	40.0
Sor-CPnd_003-Ex1-2B-lcwgs-1-2.clmp.fp2_repr.R1	1.0	7.0	29.0	71.0	123.0	224.0	306.0	446.0	636.0	950.0	1398.0	2206.0	3178.0	5244.0	9087.0	22432.0	201067.0	286255.0
	23.0	24.0	25.0	26.0	27.0	28.0	29.0	30.0	31.0	32.0	33.0	34.0	35.0	36.0	37.0	38.0	39.0	40.0
Sor-CPnd_003-Ex1-2B-lcwgs-1-2.clmp.fp2_repr.R2	2.0	18.0	44.0	73.0	139.0	191.0	240.0	367.0	544.0	885.0	1273.0	2045.0	2972.0	4585.0	7309.0	16119.0	141580.0	355274.0
	24.0	25.0	26.0	27.0	28.0	29.0	30.0	31.0	32.0	33.0	34.0	35.0	36.0	37.0	38.0	39.0	40.0
Sor-CPnd_004-Ex1-1G-lcwgs-1-2.clmp.fp2_repr.R1	6.0	39.0	148.0	256.0	492.0	664.0	1005.0	1402.0	2097.0	3198.0	5107.0	7837.0	12851.0	21647.0	53715.0	514836.0	892707.0
	22.0	23.0	24.0	25.0	26.0	27.0	28.0	29.0	30.0	31.0	32.0	33.0	34.0	35.0	36.0	37.0	38.0	39.0	40.0
Sor-CPnd_004-Ex1-1G-lcwgs-1-2.clmp.fp2_repr.R2	2.0	5.0	46.0	108.0	209.0	319.0	499.0	711.0	1012.0	1438.0	2312.0	3303.0	5131.0	7629.0	12210.0	19839.0	43871.0	397452.0	1021911.0
	24.0	25.0	26.0	27.0	28.0	29.0	30.0	31.0	32.0	33.0	34.0	35.0	36.0	37.0	38.0	39.0	40.0
Sor-CPnd_005-Ex1-3D-lcwgs-1-2.clmp.fp2_repr.R1	7.0	33.0	110.0	196.0	366.0	563.0	846.0	1203.0	1973.0	2859.0	4841.0	7412.0	11869.0	19621.0	45040.0	389266.0	565833.0
	22.0	23.0	24.0	25.0	26.0	27.0	28.0	29.0	30.0	31.0	32.0	33.0	34.0	35.0	36.0	37.0	38.0	39.0	40.0
Sor-CPnd_005-Ex1-3D-lcwgs-1-2.clmp.fp2_repr.R2	1.0	12.0	39.0	109.0	195.0	303.0	455.0	597.0	857.0	1255.0	2056.0	3040.0	4691.0	7091.0	11131.0	17510.0	37817.0	335017.0	629862.0
	24.0	25.0	26.0	27.0	28.0	29.0	30.0	31.0	32.0	33.0	34.0	35.0	36.0	37.0	38.0	39.0	40.0
Sor-CPnd_006-Ex1-2D-lcwgs-1-2.clmp.fp2_repr.R1	12.0	52.0	136.0	255.0	441.0	645.0	896.0	1263.0	1856.0	2756.0	4262.0	6372.0	10339.0	17227.0	42524.0	383361.0	544622.0
	22.0	23.0	24.0	25.0	26.0	27.0	28.0	29.0	30.0	31.0	32.0	33.0	34.0	35.0	36.0	37.0	38.0	39.0	40.0
Sor-CPnd_006-Ex1-2D-lcwgs-1-2.clmp.fp2_repr.R2	1.0	10.0	28.0	79.0	155.0	258.0	430.0	555.0	756.0	1064.0	1674.0	2474.0	3740.0	5424.0	8726.0	13734.0	29750.0	252899.0	695262.0
	24.0	25.0	26.0	27.0	28.0	29.0	30.0	31.0	32.0	33.0	34.0	35.0	36.0	37.0	38.0	39.0	40.0
Sor-CPnd_007-Ex1-1C-lcwgs-1-2.clmp.fp2_repr.R1	3.0	20.0	60.0	118.0	215.0	299.0	451.0	600.0	969.0	1452.0	2222.0	3548.0	5698.0	9863.0	23817.0	204941.0	307030.0
	23.0	24.0	25.0	26.0	27.0	28.0	29.0	30.0	31.0	32.0	33.0	34.0	35.0	36.0	37.0	38.0	39.0	40.0
Sor-CPnd_007-Ex1-1C-lcwgs-1-2.clmp.fp2_repr.R2	1.0	15.0	42.0	84.0	161.0	234.0	325.0	466.0	632.0	1024.0	1483.0	2435.0	3521.0	5407.0	9009.0	20050.0	175280.0	341137.0
	23.0	24.0	25.0	26.0	27.0	28.0	29.0	30.0	31.0	32.0	33.0	34.0	35.0	36.0	37.0	38.0	39.0	40.0
Sor-CPnd_008-Ex1-1A-lcwgs-1-2.clmp.fp2_repr.R1	3.0	29.0	117.0	319.0	650.0	1112.0	1439.0	2110.0	3326.0	5728.0	9580.0	15647.0	23451.0	34851.0	53241.0	113535.0	871246.0	1002963.0
	22.0	23.0	24.0	25.0	26.0	27.0	28.0	29.0	30.0	31.0	32.0	33.0	34.0	35.0	36.0	37.0	38.0	39.0	40.0
Sor-CPnd_008-Ex1-1A-lcwgs-1-2.clmp.fp2_repr.R2	3.0	26.0	140.0	383.0	701.0	1219.0	1711.0	2227.0	3111.0	4576.0	7136.0	10780.0	16778.0	24190.0	37253.0	55491.0	115128.0	901730.0	956764.0
	23.0	24.0	25.0	26.0	27.0	28.0	29.0	30.0	31.0	32.0	33.0	34.0	35.0	36.0	37.0	38.0	39.0	40.0
Sor-CPnd_009-Ex1-6A-lcwgs-1-2.clmp.fp2_repr.R1	3.0	19.0	73.0	209.0	413.0	750.0	1089.0	1587.0	2299.0	3683.0	5816.0	9423.0	14155.0	22065.0	35823.0	88119.0	888819.0	1160101.0
	21.0	22.0	23.0	24.0	25.0	26.0	27.0	28.0	29.0	30.0	31.0	32.0	33.0	34.0	35.0	36.0	37.0	38.0	39.0	40.0
Sor-CPnd_009-Ex1-6A-lcwgs-1-2.clmp.fp2_repr.R2	1.0	2.0	24.0	63.0	205.0	319.0	545.0	839.0	1056.0	1562.0	2237.0	3605.0	5396.0	8418.0	12456.0	19435.0	30789.0	68829.0	672308.0	1406357.0
	24.0	25.0	26.0	27.0	28.0	29.0	30.0	31.0	32.0	33.0	34.0	35.0	36.0	37.0	38.0	39.0	40.0
Sor-CPnd_010-Ex1-1H-lcwgs-1-2.clmp.fp2_repr.R1	3.0	15.0	42.0	82.0	135.0	204.0	290.0	402.0	605.0	996.0	1420.0	2294.0	3650.0	6222.0	15338.0	130035.0	197983.0
	23.0	24.0	25.0	26.0	27.0	28.0	29.0	30.0	31.0	32.0	33.0	34.0	35.0	36.0	37.0	38.0	39.0	40.0
Sor-CPnd_010-Ex1-1H-lcwgs-1-2.clmp.fp2_repr.R2	2.0	15.0	23.0	54.0	93.0	145.0	221.0	304.0	441.0	678.0	919.0	1460.0	2112.0	3436.0	5544.0	12761.0	110810.0	220698.0
	24.0	25.0	26.0	27.0	28.0	29.0	30.0	31.0	32.0	33.0	34.0	35.0	36.0	37.0	38.0	39.0	40.0
Sor-CPnd_012-Ex1-5B-lcwgs-1-2.clmp.fp2_repr.R1	2.0	11.0	38.0	72.0	152.0	177.0	263.0	344.0	635.0	846.0	1311.0	1987.0	3229.0	5507.0	13689.0	117414.0	192059.0
	23.0	24.0	25.0	26.0	27.0	28.0	29.0	30.0	31.0	32.0	33.0	34.0	35.0	36.0	37.0	38.0	39.0	40.0
Sor-CPnd_012-Ex1-5B-lcwgs-1-2.clmp.fp2_repr.R2	6.0	9.0	27.0	68.0	79.0	135.0	178.0	248.0	312.0	505.0	863.0	1202.0	1787.0	2818.0	4649.0	10049.0	89106.0	225695.0
	24.0	25.0	26.0	27.0	28.0	29.0	30.0	31.0	32.0	33.0	34.0	35.0	36.0	37.0	38.0	39.0	40.0
Sor-CPnd_013-Ex1-7F-lcwgs-1-2.clmp.fp2_repr.R1	3.0	24.0	69.0	174.0	332.0	438.0	582.0	810.0	1339.0	1893.0	2896.0	4343.0	6934.0	11963.0	30058.0	256310.0	316921.0
	22.0	23.0	24.0	25.0	26.0	27.0	28.0	29.0	30.0	31.0	32.0	33.0	34.0	35.0	36.0	37.0	38.0	39.0	40.0
Sor-CPnd_013-Ex1-7F-lcwgs-1-2.clmp.fp2_repr.R2	1.0	3.0	23.0	48.0	112.0	178.0	296.0	396.0	571.0	782.0	1141.0	1808.0	2716.0	3997.0	6118.0	9963.0	22277.0	186788.0	397871.0
	23.0	24.0	25.0	26.0	27.0	28.0	29.0	30.0	31.0	32.0	33.0	34.0	35.0	36.0	37.0	38.0	39.0	40.0
Sor-CPnd_014-Ex1-1F-lcwgs-1-2.clmp.fp2_repr.R1	1.0	25.0	92.0	284.0	564.0	1028.0	1441.0	2283.0	3171.0	5113.0	7807.0	12735.0	18969.0	30834.0	51607.0	131165.0	1311412.0	1708704.0
	22.0	23.0	24.0	25.0	26.0	27.0	28.0	29.0	30.0	31.0	32.0	33.0	34.0	35.0	36.0	37.0	38.0	39.0	40.0
Sor-CPnd_014-Ex1-1F-lcwgs-1-2.clmp.fp2_repr.R2	3.0	13.0	94.0	258.0	501.0	788.0	1196.0	1648.0	2445.0	3497.0	5338.0	8317.0	12578.0	18708.0	29602.0	47434.0	105750.0	970620.0	2078445.0
	24.0	25.0	26.0	27.0	28.0	29.0	30.0	31.0	32.0	33.0	34.0	35.0	36.0	37.0	38.0	39.0	40.0
Sor-CPnd_015-Ex1-5F-lcwgs-1-2.clmp.fp2_repr.R1	4.0	12.0	56.0	111.0	207.0	240.0	322.0	480.0	664.0	1051.0	1511.0	2206.0	3646.0	6313.0	15899.0	133182.0	223416.0
	23.0	24.0	25.0	26.0	27.0	28.0	29.0	30.0	31.0	32.0	33.0	34.0	35.0	36.0	37.0	38.0	39.0	40.0
Sor-CPnd_015-Ex1-5F-lcwgs-1-2.clmp.fp2_repr.R2	3.0	6.0	25.0	61.0	86.0	149.0	193.0	277.0	420.0	644.0	906.0	1353.0	1895.0	3129.0	4824.0	10599.0	90503.0	274247.0
	23.0	24.0	25.0	26.0	27.0	28.0	29.0	30.0	31.0	32.0	33.0	34.0	35.0	36.0	37.0	38.0	39.0	40.0
Sor-CPnd_016-Ex1-1B-lcwgs-1-2.clmp.fp2_repr.R1	2.0	5.0	16.0	132.0	208.0	315.0	469.0	714.0	925.0	1713.0	2692.0	4556.0	7115.0	11523.0	18426.0	43200.0	374745.0	538622.0
	22.0	23.0	24.0	25.0	26.0	27.0	28.0	29.0	30.0	31.0	32.0	33.0	34.0	35.0	36.0	37.0	38.0	39.0	40.0
Sor-CPnd_016-Ex1-1B-lcwgs-1-2.clmp.fp2_repr.R2	2.0	9.0	41.0	116.0	241.0	322.0	489.0	630.0	940.0	1329.0	2275.0	3341.0	5235.0	7645.0	12088.0	18906.0	40661.0	371287.0	539821.0
	24.0	25.0	26.0	27.0	28.0	29.0	30.0	31.0	32.0	33.0	34.0	35.0	36.0	37.0	38.0	39.0	40.0
Sor-CPnd_017-Ex1-3G-lcwgs-1-2.clmp.fp2_repr.R1	4.0	14.0	51.0	106.0	192.0	276.0	381.0	463.0	783.0	1094.0	1698.0	2544.0	4191.0	7158.0	18088.0	158893.0	266295.0
	22.0	23.0	24.0	25.0	26.0	27.0	28.0	29.0	30.0	31.0	32.0	33.0	34.0	35.0	36.0	37.0	38.0	39.0	40.0
Sor-CPnd_017-Ex1-3G-lcwgs-1-2.clmp.fp2_repr.R2	1.0	5.0	10.0	29.0	73.0	110.0	173.0	201.0	319.0	440.0	680.0	1045.0	1551.0	2324.0	3699.0	5993.0	13287.0	117339.0	314952.0
	23.0	24.0	25.0	26.0	27.0	28.0	29.0	30.0	31.0	32.0	33.0	34.0	35.0	36.0	37.0	38.0	39.0	40.0
Sor-CPnd_018-Ex1-1E-lcwgs-1-2.clmp.fp2_repr.R1	2.0	6.0	43.0	186.0	343.0	587.0	906.0	1236.0	1704.0	2876.0	4176.0	6473.0	9631.0	15660.0	26190.0	68581.0	649208.0	859845.0
	22.0	23.0	24.0	25.0	26.0	27.0	28.0	29.0	30.0	31.0	32.0	33.0	34.0	35.0	36.0	37.0	38.0	39.0	40.0
Sor-CPnd_018-Ex1-1E-lcwgs-1-2.clmp.fp2_repr.R2	1.0	7.0	40.0	134.0	259.0	430.0	673.0	854.0	1233.0	1709.0	2774.0	4010.0	6244.0	9359.0	14850.0	23685.0	53768.0	467183.0	1060440.0
	24.0	25.0	26.0	27.0	28.0	29.0	30.0	31.0	32.0	33.0	34.0	35.0	36.0	37.0	38.0	39.0	40.0
Sor-CPnd_019-Ex1-6G-lcwgs-1-2.clmp.fp2_repr.R1	7.0	24.0	97.0	175.0	345.0	511.0	714.0	1001.0	1500.0	2207.0	3570.0	5398.0	8815.0	14525.0	35471.0	330901.0	567998.0
	22.0	23.0	24.0	25.0	26.0	27.0	28.0	29.0	30.0	31.0	32.0	33.0	34.0	35.0	36.0	37.0	38.0	39.0	40.0
Sor-CPnd_019-Ex1-6G-lcwgs-1-2.clmp.fp2_repr.R2	1.0	5.0	38.0	70.0	152.0	260.0	389.0	444.0	626.0	933.0	1391.0	2286.0	3433.0	4903.0	7905.0	12402.0	26580.0	245886.0	665555.0
	24.0	25.0	26.0	27.0	28.0	29.0	30.0	31.0	32.0	33.0	34.0	35.0	36.0	37.0	38.0	39.0	40.0
Sor-CPnd_020-Ex1-2E-lcwgs-1-2.clmp.fp2_repr.R1	7.0	62.0	146.0	308.0	488.0	693.0	1039.0	1407.0	2245.0	3260.0	5121.0	7638.0	12309.0	20918.0	49094.0	436598.0	604518.0
	22.0	23.0	24.0	25.0	26.0	27.0	28.0	29.0	30.0	31.0	32.0	33.0	34.0	35.0	36.0	37.0	38.0	39.0	40.0
Sor-CPnd_020-Ex1-2E-lcwgs-1-2.clmp.fp2_repr.R2	2.0	9.0	30.0	114.0	215.0	296.0	446.0	637.0	954.0	1312.0	2118.0	2982.0	4641.0	6901.0	10911.0	17285.0	36985.0	309761.0	750252.0
	23.0	24.0	25.0	26.0	27.0	28.0	29.0	30.0	31.0	32.0	33.0	34.0	35.0	36.0	37.0	38.0	39.0	40.0
Sor-CPnd_022-Ex1-7C-lcwgs-1-2.clmp.fp2_repr.R1	1.0	11.0	50.0	139.0	252.0	446.0	622.0	932.0	1218.0	1976.0	3068.0	4708.0	7443.0	11826.0	19573.0	46953.0	406725.0	623957.0
	23.0	24.0	25.0	26.0	27.0	28.0	29.0	30.0	31.0	32.0	33.0	34.0	35.0	36.0	37.0	38.0	39.0	40.0
Sor-CPnd_022-Ex1-7C-lcwgs-1-2.clmp.fp2_repr.R2	9.0	43.0	105.0	181.0	311.0	502.0	643.0	919.0	1291.0	2040.0	3103.0	4739.0	7018.0	10795.0	17066.0	37081.0	331691.0	712363.0
	24.0	25.0	26.0	27.0	28.0	29.0	30.0	31.0	32.0	33.0	34.0	35.0	36.0	37.0	38.0	39.0	40.0
Sor-CPnd_024-Ex1-5G-lcwgs-1-2.clmp.fp2_repr.R1	2.0	5.0	43.0	86.0	139.0	181.0	259.0	371.0	546.0	762.0	1137.0	1738.0	2975.0	4937.0	12387.0	105195.0	179934.0
	23.0	24.0	25.0	26.0	27.0	28.0	29.0	30.0	31.0	32.0	33.0	34.0	35.0	36.0	37.0	38.0	39.0	40.0
Sor-CPnd_024-Ex1-5G-lcwgs-1-2.clmp.fp2_repr.R2	1.0	10.0	20.0	44.0	74.0	106.0	163.0	242.0	303.0	447.0	705.0	1058.0	1589.0	2486.0	4059.0	8740.0	73202.0	217448.0
	24.0	25.0	26.0	27.0	28.0	29.0	30.0	31.0	32.0	33.0	34.0	35.0	36.0	37.0	38.0	39.0	40.0
Sor-CPnd_026-Ex1-3H-lcwgs-1-2.clmp.fp2_repr.R1	3.0	16.0	43.0	88.0	168.0	256.0	355.0	482.0	798.0	1184.0	1859.0	2948.0	4779.0	8056.0	19191.0	169261.0	263059.0
	23.0	24.0	25.0	26.0	27.0	28.0	29.0	30.0	31.0	32.0	33.0	34.0	35.0	36.0	37.0	38.0	39.0	40.0
Sor-CPnd_026-Ex1-3H-lcwgs-1-2.clmp.fp2_repr.R2	5.0	17.0	34.0	77.0	128.0	156.0	266.0	333.0	492.0	755.0	1256.0	1867.0	2850.0	4429.0	6978.0	15629.0	144039.0	293235.0
	23.0	24.0	25.0	26.0	27.0	28.0	29.0	30.0	31.0	32.0	33.0	34.0	35.0	36.0	37.0	38.0	39.0	40.0
Sor-CPnd_027-Ex1-3C-lcwgs-1-2.clmp.fp2_repr.R1	1.0	5.0	33.0	101.0	194.0	333.0	448.0	656.0	1005.0	1551.0	2466.0	4090.0	6086.0	9885.0	16501.0	37722.0	320556.0	472746.0
	22.0	23.0	24.0	25.0	26.0	27.0	28.0	29.0	30.0	31.0	32.0	33.0	34.0	35.0	36.0	37.0	38.0	39.0	40.0
Sor-CPnd_027-Ex1-3C-lcwgs-1-2.clmp.fp2_repr.R2	2.0	3.0	36.0	77.0	166.0	253.0	400.0	499.0	704.0	1096.0	1687.0	2578.0	4054.0	5902.0	9124.0	14633.0	31600.0	290351.0	511214.0
	23.0	24.0	25.0	26.0	27.0	28.0	29.0	30.0	31.0	32.0	33.0	34.0	35.0	36.0	37.0	38.0	39.0	40.0
Sor-CPnd_028-Ex1-3A-lcwgs-1-2.clmp.fp2_repr.R1	1.0	9.0	41.0	135.0	233.0	452.0	660.0	958.0	1465.0	2240.0	3557.0	5744.0	8450.0	13278.0	21816.0	50196.0	426401.0	626426.0
	22.0	23.0	24.0	25.0	26.0	27.0	28.0	29.0	30.0	31.0	32.0	33.0	34.0	35.0	36.0	37.0	38.0	39.0	40.0
Sor-CPnd_028-Ex1-3A-lcwgs-1-2.clmp.fp2_repr.R2	3.0	12.0	52.0	138.0	208.0	330.0	543.0	673.0	913.0	1429.0	2244.0	3528.0	5335.0	7930.0	12463.0	19398.0	41031.0	359788.0	706044.0
	23.0	24.0	25.0	26.0	27.0	28.0	29.0	30.0	31.0	32.0	33.0	34.0	35.0	36.0	37.0	38.0	39.0	40.0
Sor-CPnd_029-Ex1-8E-lcwgs-1-2.clmp.fp2_repr.R1	1.0	9.0	60.0	170.0	365.0	656.0	955.0	1377.0	1961.0	3020.0	4598.0	7348.0	10953.0	17858.0	29150.0	72244.0	617116.0	945835.0
	22.0	23.0	24.0	25.0	26.0	27.0	28.0	29.0	30.0	31.0	32.0	33.0	34.0	35.0	36.0	37.0	38.0	39.0	40.0
Sor-CPnd_029-Ex1-8E-lcwgs-1-2.clmp.fp2_repr.R2	1.0	8.0	60.0	142.0	307.0	488.0	780.0	971.0	1393.0	1967.0	3018.0	4634.0	7122.0	10447.0	16148.0	25603.0	55105.0	470458.0	1115024.0
	24.0	25.0	26.0	27.0	28.0	29.0	30.0	31.0	32.0	33.0	34.0	35.0	36.0	37.0	38.0	39.0	40.0
Sor-CPnd_030-Ex1-2H-lcwgs-1-2.clmp.fp2_repr.R1	3.0	28.0	68.0	169.0	257.0	356.0	485.0	696.0	970.0	1519.0	2219.0	3519.0	5684.0	9556.0	23402.0	209523.0	303053.0
	23.0	24.0	25.0	26.0	27.0	28.0	29.0	30.0	31.0	32.0	33.0	34.0	35.0	36.0	37.0	38.0	39.0	40.0
Sor-CPnd_030-Ex1-2H-lcwgs-1-2.clmp.fp2_repr.R2	4.0	14.0	44.0	87.0	146.0	192.0	301.0	415.0	620.0	925.0	1301.0	2004.0	3100.0	4872.0	7566.0	16713.0	145294.0	377909.0
	24.0	25.0	26.0	27.0	28.0	29.0	30.0	31.0	32.0	33.0	34.0	35.0	36.0	37.0	38.0	39.0	40.0
Sor-CPnd_031-Ex1-5D-lcwgs-1-2.clmp.fp2_repr.R1	12.0	29.0	79.0	186.0	320.0	436.0	623.0	876.0	1418.0	2096.0	3329.0	5113.0	8204.0	13765.0	32707.0	280352.0	437719.0
	23.0	24.0	25.0	26.0	27.0	28.0	29.0	30.0	31.0	32.0	33.0	34.0	35.0	36.0	37.0	38.0	39.0	40.0
Sor-CPnd_031-Ex1-5D-lcwgs-1-2.clmp.fp2_repr.R2	1.0	24.0	54.0	145.0	180.0	328.0	430.0	595.0	931.0	1388.0	2072.0	3144.0	4749.0	7449.0	11722.0	25232.0	221280.0	507540.0
	23.0	24.0	25.0	26.0	27.0	28.0	29.0	30.0	31.0	32.0	33.0	34.0	35.0	36.0	37.0	38.0	39.0	40.0
Sor-CPnd_033-Ex1-2F-lcwgs-1-2.clmp.fp2_repr.R1	1.0	4.0	24.0	66.0	167.0	257.0	387.0	482.0	678.0	1059.0	1528.0	2314.0	3550.0	5691.0	9713.0	23320.0	204100.0	274819.0
	24.0	25.0	26.0	27.0	28.0	29.0	30.0	31.0	32.0	33.0	34.0	35.0	36.0	37.0	38.0	39.0	40.0
Sor-CPnd_033-Ex1-2F-lcwgs-1-2.clmp.fp2_repr.R2	16.0	40.0	85.0	127.0	244.0	300.0	390.0	648.0	949.0	1457.0	2096.0	3141.0	4923.0	7866.0	16849.0	141521.0	347508.0
	24.0	25.0	26.0	27.0	28.0	29.0	30.0	31.0	32.0	33.0	34.0	35.0	36.0	37.0	38.0	39.0	40.0
Sor-CPnd_034-Ex1-4G-lcwgs-1-2.clmp.fp2_repr.R1	5.0	9.0	28.0	52.0	115.0	158.0	195.0	300.0	455.0	617.0	888.0	1333.0	2378.0	3987.0	10217.0	98791.0	185971.0
	24.0	25.0	26.0	27.0	28.0	29.0	30.0	31.0	32.0	33.0	34.0	35.0	36.0	37.0	38.0	39.0	40.0
Sor-CPnd_034-Ex1-4G-lcwgs-1-2.clmp.fp2_repr.R2	3.0	23.0	33.0	60.0	100.0	122.0	204.0	231.0	431.0	533.0	895.0	1302.0	2010.0	3081.0	7052.0	65897.0	223522.0
	24.0	25.0	26.0	27.0	28.0	29.0	30.0	31.0	32.0	33.0	34.0	35.0	36.0	37.0	38.0	39.0	40.0
Sor-CPnd_036-Ex1-5C-lcwgs-1-2.clmp.fp2_repr.R1	7.0	17.0	88.0	186.0	311.0	451.0	651.0	875.0	1398.0	1952.0	3189.0	4736.0	7600.0	12728.0	31007.0	261899.0	436044.0
	23.0	24.0	25.0	26.0	27.0	28.0	29.0	30.0	31.0	32.0	33.0	34.0	35.0	36.0	37.0	38.0	39.0	40.0
Sor-CPnd_036-Ex1-5C-lcwgs-1-2.clmp.fp2_repr.R2	3.0	23.0	55.0	117.0	180.0	305.0	402.0	570.0	867.0	1220.0	1873.0	2853.0	4252.0	6740.0	10446.0	22537.0	197183.0	513513.0
	23.0	24.0	25.0	26.0	27.0	28.0	29.0	30.0	31.0	32.0	33.0	34.0	35.0	36.0	37.0	38.0	39.0	40.0
Sor-CPnd_037-Ex1-6C-lcwgs-1-2.clmp.fp2_repr.R1	3.0	6.0	44.0	96.0	243.0	383.0	538.0	763.0	1088.0	1718.0	2617.0	4054.0	6221.0	10070.0	16314.0	39058.0	350557.0	561790.0
	22.0	23.0	24.0	25.0	26.0	27.0	28.0	29.0	30.0	31.0	32.0	33.0	34.0	35.0	36.0	37.0	38.0	39.0	40.0
Sor-CPnd_037-Ex1-6C-lcwgs-1-2.clmp.fp2_repr.R2	1.0	5.0	39.0	90.0	168.0	261.0	407.0	510.0	780.0	1104.0	1849.0	2668.0	3970.0	5903.0	9048.0	14295.0	30240.0	279849.0	644376.0
	24.0	25.0	26.0	27.0	28.0	29.0	30.0	31.0	32.0	33.0	34.0	35.0	36.0	37.0	38.0	39.0	40.0
Sor-CPnd_038-Ex1-2A-lcwgs-1-2.clmp.fp2_repr.R1	11.0	41.0	118.0	219.0	337.0	463.0	674.0	993.0	1551.0	2480.0	3837.0	5633.0	9203.0	15010.0	35021.0	287154.0	380201.0
	21.0	22.0	23.0	24.0	25.0	26.0	27.0	28.0	29.0	30.0	31.0	32.0	33.0	34.0	35.0	36.0	37.0	38.0	39.0	40.0
Sor-CPnd_038-Ex1-2A-lcwgs-1-2.clmp.fp2_repr.R2	1.0	0.0	6.0	32.0	76.0	162.0	220.0	380.0	501.0	731.0	1017.0	1597.0	2329.0	3660.0	5396.0	8371.0	13254.0	27489.0	233817.0	443907.0
	24.0	25.0	26.0	27.0	28.0	29.0	30.0	31.0	32.0	33.0	34.0	35.0	36.0	37.0	38.0	39.0	40.0
Sor-CPnd_041-Ex1-7A-lcwgs-1-2.clmp.fp2_repr.R1	7.0	39.0	139.0	267.0	463.0	622.0	933.0	1336.0	1972.0	3042.0	4551.0	6829.0	11239.0	19130.0	52131.0	556453.0	716499.0
	22.0	23.0	24.0	25.0	26.0	27.0	28.0	29.0	30.0	31.0	32.0	33.0	34.0	35.0	36.0	37.0	38.0	39.0	40.0
Sor-CPnd_041-Ex1-7A-lcwgs-1-2.clmp.fp2_repr.R2	1.0	2.0	38.0	108.0	187.0	259.0	404.0	595.0	883.0	1202.0	1829.0	2592.0	4083.0	5964.0	9634.0	15443.0	36349.0	381498.0	914581.0
	23.0	24.0	25.0	26.0	27.0	28.0	29.0	30.0	31.0	32.0	33.0	34.0	35.0	36.0	37.0	38.0	39.0	40.0
Sor-CPnd_043-Ex1-1D-lcwgs-1-2.clmp.fp2_repr.R1	1.0	8.0	51.0	172.0	315.0	605.0	840.0	1174.0	1649.0	2690.0	4128.0	6746.0	10051.0	16101.0	26800.0	64491.0	590951.0	884754.0
	22.0	23.0	24.0	25.0	26.0	27.0	28.0	29.0	30.0	31.0	32.0	33.0	34.0	35.0	36.0	37.0	38.0	39.0	40.0
Sor-CPnd_043-Ex1-1D-lcwgs-1-2.clmp.fp2_repr.R2	1.0	9.0	58.0	142.0	322.0	482.0	759.0	942.0	1414.0	1885.0	2933.0	4527.0	6883.0	10091.0	15986.0	25383.0	55548.0	499466.0	984696.0
	23.0	24.0	25.0	26.0	27.0	28.0	29.0	30.0	31.0	32.0	33.0	34.0	35.0	36.0	37.0	38.0	39.0	40.0
Sor-CPnd_044-Ex1-8G-lcwgs-1-2.clmp.fp2_repr.R1	2.0	4.0	41.0	90.0	197.0	366.0	469.0	705.0	878.0	1531.0	2298.0	3468.0	5353.0	8594.0	14536.0	35592.0	325715.0	557834.0
	23.0	24.0	25.0	26.0	27.0	28.0	29.0	30.0	31.0	32.0	33.0	34.0	35.0	36.0	37.0	38.0	39.0	40.0
Sor-CPnd_044-Ex1-8G-lcwgs-1-2.clmp.fp2_repr.R2	6.0	23.0	63.0	144.0	225.0	371.0	453.0	697.0	951.0	1528.0	2358.0	3345.0	4976.0	7805.0	12504.0	27180.0	247919.0	647125.0
	24.0	25.0	26.0	27.0	28.0	29.0	30.0	31.0	32.0	33.0	34.0	35.0	36.0	37.0	38.0	39.0	40.0
Sor-CPnd_045-Ex1-7B-lcwgs-1-2.clmp.fp2_repr.R1	10.0	44.0	134.0	269.0	426.0	591.0	896.0	1369.0	2113.0	3169.0	5340.0	8071.0	12976.0	21268.0	51197.0	462508.0	713900.0
	23.0	24.0	25.0	26.0	27.0	28.0	29.0	30.0	31.0	32.0	33.0	34.0	35.0	36.0	37.0	38.0	39.0	40.0
Sor-CPnd_045-Ex1-7B-lcwgs-1-2.clmp.fp2_repr.R2	5.0	47.0	120.0	229.0	343.0	520.0	720.0	1032.0	1464.0	2310.0	3428.0	5433.0	8070.0	12506.0	19703.0	42176.0	393424.0	792751.0
	24.0	25.0	26.0	27.0	28.0	29.0	30.0	31.0	32.0	33.0	34.0	35.0	36.0	37.0	38.0	39.0	40.0
Sor-CPnd_046-Ex1-5A-lcwgs-1-2.clmp.fp2_repr.R1	1.0	9.0	48.0	85.0	140.0	197.0	286.0	413.0	562.0	865.0	1284.0	1863.0	3257.0	5523.0	13384.0	116121.0	191791.0
	22.0	23.0	24.0	25.0	26.0	27.0	28.0	29.0	30.0	31.0	32.0	33.0	34.0	35.0	36.0	37.0	38.0	39.0	40.0
Sor-CPnd_046-Ex1-5A-lcwgs-1-2.clmp.fp2_repr.R2	1.0	2.0	11.0	17.0	45.0	87.0	137.0	174.0	241.0	330.0	501.0	713.0	1137.0	1701.0	2657.0	4215.0	9238.0	81357.0	233265.0
	23.0	24.0	25.0	26.0	27.0	28.0	29.0	30.0	31.0	32.0	33.0	34.0	35.0	36.0	37.0	38.0	39.0	40.0
Sor-CPnd_049-Ex1-3B-lcwgs-1-2.clmp.fp2_repr.R1	1.0	2.0	17.0	37.0	57.0	135.0	194.0	270.0	364.0	573.0	900.0	1396.0	2102.0	3589.0	6007.0	14871.0	132975.0	215495.0
	23.0	24.0	25.0	26.0	27.0	28.0	29.0	30.0	31.0	32.0	33.0	34.0	35.0	36.0	37.0	38.0	39.0	40.0
Sor-CPnd_049-Ex1-3B-lcwgs-1-2.clmp.fp2_repr.R2	4.0	8.0	21.0	65.0	90.0	109.0	163.0	248.0	360.0	593.0	842.0	1375.0	1987.0	3319.0	5210.0	11675.0	106284.0	246632.0
	23.0	24.0	25.0	26.0	27.0	28.0	29.0	30.0	31.0	32.0	33.0	34.0	35.0	36.0	37.0	38.0	39.0	40.0
Sor-CPnd_050-Ex1-3F-lcwgs-1-2.clmp.fp2_repr.R1	1.0	8.0	37.0	133.0	301.0	562.0	722.0	1094.0	1568.0	2302.0	3623.0	5789.0	8783.0	14026.0	23577.0	56807.0	516991.0	805347.0
	22.0	23.0	24.0	25.0	26.0	27.0	28.0	29.0	30.0	31.0	32.0	33.0	34.0	35.0	36.0	37.0	38.0	39.0	40.0
Sor-CPnd_050-Ex1-3F-lcwgs-1-2.clmp.fp2_repr.R2	1.0	8.0	44.0	95.0	214.0	359.0	548.0	727.0	1008.0	1453.0	2341.0	3423.0	5273.0	7986.0	12649.0	19709.0	43008.0	385055.0	957770.0
	23.0	24.0	25.0	26.0	27.0	28.0	29.0	30.0	31.0	32.0	33.0	34.0	35.0	36.0	37.0	38.0	39.0	40.0
Sor-CPnd_052-Ex1-6D-lcwgs-1-2.clmp.fp2_repr.R1	1.0	9.0	25.0	96.0	160.0	306.0	448.0	605.0	859.0	1220.0	1752.0	2692.0	4028.0	6613.0	11237.0	28130.0	260422.0	421512.0
	23.0	24.0	25.0	26.0	27.0	28.0	29.0	30.0	31.0	32.0	33.0	34.0	35.0	36.0	37.0	38.0	39.0	40.0
Sor-CPnd_052-Ex1-6D-lcwgs-1-2.clmp.fp2_repr.R2	5.0	13.0	49.0	120.0	161.0	281.0	328.0	497.0	709.0	1065.0	1470.0	2391.0	3497.0	5412.0	8747.0	19593.0	177468.0	518309.0
	23.0	24.0	25.0	26.0	27.0	28.0	29.0	30.0	31.0	32.0	33.0	34.0	35.0	36.0	37.0	38.0	39.0	40.0
Sor-CPnd_053-Ex1-2C-lcwgs-1-2.clmp.fp2_repr.R1	1.0	1.0	26.0	87.0	195.0	329.0	450.0	654.0	869.0	1374.0	2101.0	3400.0	5113.0	8279.0	13504.0	31329.0	259197.0	353652.0
	23.0	24.0	25.0	26.0	27.0	28.0	29.0	30.0	31.0	32.0	33.0	34.0	35.0	36.0	37.0	38.0	39.0	40.0
Sor-CPnd_053-Ex1-2C-lcwgs-1-2.clmp.fp2_repr.R2	4.0	26.0	72.0	131.0	197.0	280.0	402.0	656.0	909.0	1407.0	2102.0	2964.0	4569.0	7114.0	11273.0	24262.0	202098.0	422095.0
	24.0	25.0	26.0	27.0	28.0	29.0	30.0	31.0	32.0	33.0	34.0	35.0	36.0	37.0	38.0	39.0	40.0
Sor-CPnd_054-Ex1-8F-lcwgs-1-2.clmp.fp2_repr.R1	2.0	16.0	39.0	102.0	171.0	236.0	345.0	480.0	690.0	1008.0	1480.0	2307.0	3757.0	6326.0	16256.0	132125.0	206135.0
	22.0	23.0	24.0	25.0	26.0	27.0	28.0	29.0	30.0	31.0	32.0	33.0	34.0	35.0	36.0	37.0	38.0	39.0	40.0
Sor-CPnd_054-Ex1-8F-lcwgs-1-2.clmp.fp2_repr.R2	1.0	3.0	9.0	30.0	82.0	112.0	175.0	206.0	290.0	428.0	626.0	924.0	1389.0	1960.0	3182.0	5156.0	11166.0	92196.0	253540.0
	22.0	23.0	24.0	25.0	26.0	27.0	28.0	29.0	30.0	31.0	32.0	33.0	34.0	35.0	36.0	37.0	38.0	39.0	40.0
Sor-CPnd_055-Ex1-7G-lcwgs-1-2.clmp.fp2_repr.R1	1.0	0.0	9.0	30.0	112.0	227.0	387.0	517.0	762.0	1065.0	1580.0	2298.0	3530.0	5149.0	8657.0	14625.0	36440.0	335366.0	572462.0
	23.0	24.0	25.0	26.0	27.0	28.0	29.0	30.0	31.0	32.0	33.0	34.0	35.0	36.0	37.0	38.0	39.0	40.0
Sor-CPnd_055-Ex1-7G-lcwgs-1-2.clmp.fp2_repr.R2	7.0	31.0	80.0	131.0	237.0	350.0	467.0	695.0	909.0	1402.0	2158.0	3233.0	4921.0	7665.0	12101.0	26560.0	235590.0	686680.0
	24.0	25.0	26.0	27.0	28.0	29.0	30.0	31.0	32.0	33.0	34.0	35.0	36.0	37.0	38.0	39.0	40.0
Sor-CPnd_058-Ex1-2G-lcwgs-1-2.clmp.fp2_repr.R1	6.0	27.0	79.0	161.0	236.0	326.0	482.0	645.0	1002.0	1336.0	2140.0	3168.0	5214.0	8809.0	21184.0	189630.0	277262.0
	23.0	24.0	25.0	26.0	27.0	28.0	29.0	30.0	31.0	32.0	33.0	34.0	35.0	36.0	37.0	38.0	39.0	40.0
Sor-CPnd_058-Ex1-2G-lcwgs-1-2.clmp.fp2_repr.R2	2.0	8.0	43.0	67.0	112.0	194.0	254.0	380.0	517.0	846.0	1231.0	1857.0	2898.0	4453.0	7093.0	15143.0	123187.0	353422.0
	24.0	25.0	26.0	27.0	28.0	29.0	30.0	31.0	32.0	33.0	34.0	35.0	36.0	37.0	38.0	39.0	40.0
Sor-CPnd_063-Ex1-7D-lcwgs-1-2.clmp.fp2_repr.R1	5.0	34.0	106.0	204.0	397.0	527.0	753.0	1066.0	1565.0	2273.0	3707.0	5315.0	8801.0	15098.0	37297.0	345676.0	532073.0
	23.0	24.0	25.0	26.0	27.0	28.0	29.0	30.0	31.0	32.0	33.0	34.0	35.0	36.0	37.0	38.0	39.0	40.0
Sor-CPnd_063-Ex1-7D-lcwgs-1-2.clmp.fp2_repr.R2	4.0	26.0	71.0	150.0	231.0	329.0	492.0	644.0	994.0	1487.0	2167.0	3274.0	4898.0	7779.0	12185.0	27607.0	246773.0	645786.0
	24.0	25.0	26.0	27.0	28.0	29.0	30.0	31.0	32.0	33.0	34.0	35.0	36.0	37.0	38.0	39.0	40.0
Sor-CPnd_066-Ex1-8B-lcwgs-1-2.clmp.fp2_repr.R1	5.0	27.0	61.0	136.0	235.0	316.0	440.0	670.0	980.0	1597.0	2538.0	3894.0	6348.0	10386.0	25279.0	227202.0	367901.0
	23.0	24.0	25.0	26.0	27.0	28.0	29.0	30.0	31.0	32.0	33.0	34.0	35.0	36.0	37.0	38.0	39.0	40.0
Sor-CPnd_066-Ex1-8B-lcwgs-1-2.clmp.fp2_repr.R2	7.0	30.0	66.0	110.0	183.0	227.0	337.0	491.0	695.0	1155.0	1611.0	2669.0	3916.0	6174.0	9420.0	21036.0	194264.0	405624.0
	24.0	25.0	26.0	27.0	28.0	29.0	30.0	31.0	32.0	33.0	34.0	35.0	36.0	37.0	38.0	39.0	40.0
Sor-CPnd_069-Ex1-6B-lcwgs-1-2.clmp.fp2_repr.R1	7.0	28.0	60.0	168.0	251.0	378.0	573.0	810.0	1347.0	2003.0	3220.0	4888.0	8009.0	12881.0	30556.0	271792.0	440264.0
	22.0	23.0	24.0	25.0	26.0	27.0	28.0	29.0	30.0	31.0	32.0	33.0	34.0	35.0	36.0	37.0	38.0	39.0	40.0
Sor-CPnd_069-Ex1-6B-lcwgs-1-2.clmp.fp2_repr.R2	1.0	6.0	28.0	68.0	143.0	181.0	322.0	394.0	611.0	871.0	1362.0	2086.0	3105.0	4768.0	7410.0	11525.0	24571.0	227365.0	492418.0
	23.0	24.0	25.0	26.0	27.0	28.0	29.0	30.0	31.0	32.0	33.0	34.0	35.0	36.0	37.0	38.0	39.0	40.0
Sor-CPnd_072-Ex1-8C-lcwgs-1-2.clmp.fp2_repr.R1	2.0	13.0	64.0	203.0	390.0	675.0	922.0	1349.0	1993.0	3230.0	5170.0	8651.0	13055.0	20992.0	33743.0	77166.0	633444.0	948400.0
	22.0	23.0	24.0	25.0	26.0	27.0	28.0	29.0	30.0	31.0	32.0	33.0	34.0	35.0	36.0	37.0	38.0	39.0	40.0
Sor-CPnd_072-Ex1-8C-lcwgs-1-2.clmp.fp2_repr.R2	1.0	15.0	67.0	186.0	430.0	557.0	904.0	1219.0	1641.0	2460.0	3908.0	5887.0	8891.0	13032.0	20668.0	31977.0	67685.0	592710.0	997224.0
	22.0	23.0	24.0	25.0	26.0	27.0	28.0	29.0	30.0	31.0	32.0	33.0	34.0	35.0	36.0	37.0	38.0	39.0	40.0
Undetermined.clmp.fp2_repr.R1	7.0	136.0	1617.0	8410.0	26830.0	52855.0	90319.0	124383.0	175995.0	244425.0	386504.0	587020.0	928251.0	1377165.0	2146091.0	3431233.0	8235526.0	73216026.0	87107529.0
	21.0	22.0	23.0	24.0	25.0	26.0	27.0	28.0	29.0	30.0	31.0	32.0	33.0	34.0	35.0	36.0	37.0	38.0	39.0	40.0
Undetermined.clmp.fp2_repr.R2	1.0	174.0	1673.0	8685.0	22533.0	44921.0	67288.0	100374.0	129037.0	179974.0	251370.0	390116.0	573866.0	873299.0	1279641.0	1988552.0	3090679.0	6698841.0	56377610.0	106061688.0

