Sample	32	37	42	47	52	57	62	67	72	77	82	87	92	97	102	107	112	117	122	127	132	137	142	147	150
Sor-ACeb_001-Ex1-8E-lcwgs-1-2.clmp.fp2_repr.R1	665.0	3412.0	7520.0	13819.0	20833.0	29148.0	37499.0	46012.0	52718.0	55976.0	56583.0	52041.0	45515.0	35152.0	27431.0	22727.0	18870.0	15601.0	13074.0	11466.0	9866.0	8282.0	6898.0	5864.0	34546.0
Sor-ACeb_001-Ex1-8E-lcwgs-1-2.clmp.fp2_repr.R2	679.0	3400.0	7472.0	13832.0	20900.0	29165.0	37520.0	46003.0	52683.0	56106.0	56561.0	52143.0	45528.0	35094.0	27442.0	22649.0	18873.0	15637.0	13095.0	11447.0	9785.0	8280.0	6893.0	6953.0	33378.0
Sor-ACeb_002-Ex1-9E-lcwgs-1-2.clmp.fp2_repr.R1	232.0	1268.0	2688.0	4042.0	5430.0	6308.0	7124.0	7868.0	8261.0	8035.0	6951.0	5310.0	4567.0	3610.0	2903.0	2600.0	2313.0	2002.0	1758.0	1494.0	1301.0	1151.0	980.0	1005.0	9022.0
Sor-ACeb_002-Ex1-9E-lcwgs-1-2.clmp.fp2_repr.R2	228.0	1267.0	2689.0	4029.0	5421.0	6305.0	7114.0	7861.0	8249.0	8046.0	6952.0	5339.0	4551.0	3598.0	2914.0	2603.0	2326.0	1992.0	1743.0	1505.0	1320.0	1155.0	994.0	1285.0	8737.0
Sor-ACeb_003-Ex1-10E-lcwgs-1-2.clmp.fp2_repr.R1	1294.0	6455.0	12159.0	17445.0	20974.0	23189.0	23742.0	23489.0	22409.0	20985.0	18922.0	16275.0	14272.0	11974.0	9787.0	8121.0	6497.0	4938.0	3815.0	2960.0	2194.0	1769.0	1402.0	1069.0	3887.0
Sor-ACeb_003-Ex1-10E-lcwgs-1-2.clmp.fp2_repr.R2	1275.0	6440.0	12145.0	17442.0	20978.0	23207.0	23771.0	23533.0	22385.0	20950.0	18930.0	16302.0	14229.0	12018.0	9799.0	8101.0	6520.0	4923.0	3796.0	2960.0	2197.0	1760.0	1393.0	1167.0	3802.0
Sor-ACeb_004-Ex1-11E-lcwgs-1-2.clmp.fp2_repr.R1	1096.0	5574.0	9951.0	13489.0	15680.0	17391.0	18609.0	20318.0	21729.0	21910.0	17140.0	11675.0	7888.0	3442.0	1708.0	1167.0	848.0	777.0	584.0	539.0	531.0	375.0	347.0	286.0	1372.0
Sor-ACeb_004-Ex1-11E-lcwgs-1-2.clmp.fp2_repr.R2	1080.0	5549.0	9925.0	13457.0	15642.0	17371.0	18615.0	20281.0	21777.0	21923.0	17179.0	11681.0	7855.0	3469.0	1721.0	1169.0	851.0	774.0	580.0	549.0	536.0	383.0	354.0	348.0	1357.0
Sor-ACeb_005-Ex1-12E-lcwgs-1-2.clmp.fp2_repr.R1	64.0	343.0	762.0	1178.0	1561.0	1968.0	2275.0	2712.0	2931.0	3034.0	2741.0	2213.0	1935.0	1439.0	1180.0	994.0	815.0	755.0	688.0	512.0	469.0	448.0	405.0	446.0	4705.0
Sor-ACeb_005-Ex1-12E-lcwgs-1-2.clmp.fp2_repr.R2	64.0	336.0	768.0	1179.0	1544.0	1968.0	2280.0	2714.0	2935.0	3030.0	2753.0	2216.0	1938.0	1432.0	1175.0	978.0	816.0	760.0	679.0	522.0	465.0	443.0	409.0	608.0	4561.0
Sor-ACeb_006-Ex1-1F-lcwgs-1-2.clmp.fp2_repr.R1	90.0	426.0	796.0	1180.0	1418.0	1619.0	1761.0	1899.0	2008.0	2030.0	1818.0	1621.0	1474.0	1314.0	1167.0	1001.0	825.0	653.0	645.0	490.0	467.0	429.0	350.0	341.0	3374.0
Sor-ACeb_006-Ex1-1F-lcwgs-1-2.clmp.fp2_repr.R2	96.0	422.0	785.0	1177.0	1425.0	1631.0	1753.0	1905.0	2009.0	2037.0	1812.0	1616.0	1474.0	1325.0	1157.0	1005.0	821.0	657.0	636.0	504.0	465.0	427.0	357.0	497.0	3203.0
Sor-ACeb_007-Ex1-2F-lcwgs-1-2.clmp.fp2_repr.R1	51.0	251.0	453.0	681.0	773.0	910.0	929.0	1049.0	989.0	1081.0	911.0	813.0	752.0	554.0	503.0	423.0	407.0	323.0	252.0	267.0	223.0	229.0	175.0	204.0	1693.0
Sor-ACeb_007-Ex1-2F-lcwgs-1-2.clmp.fp2_repr.R2	51.0	248.0	450.0	675.0	783.0	912.0	935.0	1054.0	987.0	1081.0	910.0	809.0	749.0	544.0	503.0	431.0	403.0	324.0	250.0	270.0	221.0	227.0	169.0	270.0	1640.0
Sor-ACeb_008-Ex1-3F-lcwgs-1-2.clmp.fp2_repr.R1	155.0	761.0	1436.0	2042.0	2434.0	2703.0	2854.0	2800.0	2759.0	2591.0	2309.0	1969.0	1841.0	1503.0	1243.0	1074.0	863.0	733.0	571.0	473.0	454.0	322.0	312.0	277.0	2273.0
Sor-ACeb_008-Ex1-3F-lcwgs-1-2.clmp.fp2_repr.R2	149.0	758.0	1432.0	2043.0	2437.0	2706.0	2874.0	2792.0	2756.0	2596.0	2320.0	1969.0	1839.0	1509.0	1235.0	1075.0	855.0	726.0	565.0	469.0	453.0	318.0	318.0	383.0	2175.0
Sor-ACeb_009-Ex1-4F-lcwgs-1-2.clmp.fp2_repr.R1	64.0	268.0	529.0	772.0	862.0	901.0	932.0	888.0	856.0	826.0	704.0	607.0	525.0	382.0	342.0	265.0	195.0	148.0	128.0	103.0	94.0	89.0	70.0	42.0	229.0
Sor-ACeb_009-Ex1-4F-lcwgs-1-2.clmp.fp2_repr.R2	64.0	267.0	536.0	770.0	863.0	901.0	926.0	881.0	861.0	823.0	707.0	604.0	533.0	380.0	344.0	264.0	194.0	147.0	131.0	104.0	94.0	88.0	68.0	52.0	219.0
Sor-ACeb_010-Ex1-5F-lcwgs-1-2.clmp.fp2_repr.R1	174.0	914.0	1576.0	2320.0	2797.0	3304.0	3700.0	4028.0	4184.0	4087.0	3798.0	3514.0	2972.0	2455.0	1923.0	1626.0	1352.0	1129.0	935.0	791.0	586.0	584.0	419.0	341.0	2728.0
Sor-ACeb_010-Ex1-5F-lcwgs-1-2.clmp.fp2_repr.R2	173.0	910.0	1568.0	2315.0	2802.0	3309.0	3686.0	4019.0	4195.0	4101.0	3785.0	3534.0	2968.0	2444.0	1928.0	1627.0	1346.0	1136.0	936.0	791.0	589.0	587.0	407.0	443.0	2638.0
Sor-ACeb_011-Ex1-6F-lcwgs-1-2.clmp.fp2_repr.R1	39.0	177.0	317.0	508.0	604.0	689.0	736.0	805.0	848.0	826.0	815.0	764.0	688.0	584.0	589.0	588.0	487.0	408.0	355.0	323.0	256.0	299.0	245.0	278.0	3995.0
Sor-ACeb_011-Ex1-6F-lcwgs-1-2.clmp.fp2_repr.R2	41.0	178.0	318.0	502.0	609.0	691.0	731.0	802.0	845.0	832.0	812.0	764.0	686.0	596.0	592.0	583.0	481.0	415.0	354.0	324.0	258.0	295.0	250.0	444.0	3820.0
Sor-ACeb_012-Ex1-7F-lcwgs-1-2.clmp.fp2_repr.R1	221.0	982.0	1923.0	2968.0	3786.0	4896.0	5730.0	6631.0	7236.0	7346.0	6996.0	6305.0	5914.0	5195.0	4343.0	3668.0	3091.0	2577.0	2134.0	1745.0	1471.0	1185.0	1027.0	863.0	4754.0
Sor-ACeb_012-Ex1-7F-lcwgs-1-2.clmp.fp2_repr.R2	221.0	970.0	1945.0	2970.0	3781.0	4910.0	5709.0	6637.0	7233.0	7346.0	6970.0	6299.0	5952.0	5186.0	4322.0	3679.0	3114.0	2576.0	2153.0	1742.0	1465.0	1164.0	1026.0	1009.0	4608.0
Sor-ACeb_013-Ex1-8F-lcwgs-1-2.clmp.fp2_repr.R1	47.0	301.0	504.0	821.0	1091.0	1292.0	1558.0	1785.0	1862.0	1918.0	1852.0	1657.0	1458.0	1294.0	1109.0	913.0	818.0	703.0	560.0	537.0	458.0	428.0	345.0	454.0	8086.0
Sor-ACeb_013-Ex1-8F-lcwgs-1-2.clmp.fp2_repr.R2	46.0	290.0	513.0	827.0	1075.0	1307.0	1548.0	1781.0	1878.0	1915.0	1857.0	1657.0	1460.0	1286.0	1113.0	916.0	812.0	706.0	554.0	527.0	451.0	441.0	361.0	776.0	7754.0
Sor-ACeb_014-Ex1-9F-lcwgs-1-2.clmp.fp2_repr.R1	74.0	415.0	826.0	1164.0	1531.0	1633.0	1866.0	2185.0	2164.0	2141.0	1931.0	1667.0	1438.0	1162.0	881.0	794.0	664.0	565.0	500.0	373.0	331.0	317.0	252.0	198.0	2570.0
Sor-ACeb_014-Ex1-9F-lcwgs-1-2.clmp.fp2_repr.R2	73.0	406.0	831.0	1164.0	1539.0	1632.0	1866.0	2179.0	2166.0	2140.0	1925.0	1665.0	1441.0	1172.0	880.0	785.0	663.0	573.0	499.0	367.0	331.0	311.0	253.0	283.0	2498.0
Sor-ACeb_015-Ex1-10F-lcwgs-1-2.clmp.fp2_repr.R1	102.0	511.0	912.0	1419.0	1859.0	2165.0	2432.0	2709.0	2875.0	2935.0	2697.0	2605.0	2287.0	2110.0	1673.0	1494.0	1279.0	1022.0	813.0	675.0	607.0	522.0	395.0	331.0	2227.0
Sor-ACeb_015-Ex1-10F-lcwgs-1-2.clmp.fp2_repr.R2	98.0	508.0	904.0	1409.0	1864.0	2164.0	2423.0	2707.0	2888.0	2927.0	2697.0	2614.0	2283.0	2107.0	1668.0	1504.0	1284.0	1019.0	818.0	675.0	608.0	525.0	398.0	385.0	2179.0
Sor-ACeb_016-Ex1-11F-lcwgs-1-2.clmp.fp2_repr.R1	1617.0	7605.0	13286.0	17387.0	19780.0	21158.0	22832.0	25691.0	27432.0	27718.0	23097.0	16752.0	12033.0	5097.0	2557.0	1836.0	1439.0	1160.0	955.0	843.0	791.0	639.0	532.0	441.0	2843.0
Sor-ACeb_016-Ex1-11F-lcwgs-1-2.clmp.fp2_repr.R2	1594.0	7609.0	13258.0	17296.0	19767.0	21134.0	22814.0	25698.0	27410.0	27701.0	23141.0	16742.0	12069.0	5099.0	2578.0	1825.0	1452.0	1158.0	952.0	857.0	798.0	643.0	536.0	571.0	2819.0
Sor-ACeb_017-Ex1-12F-lcwgs-1-2.clmp.fp2_repr.R1	1032.0	5091.0	8714.0	11765.0	13579.0	14544.0	15698.0	16474.0	16747.0	16320.0	14249.0	12121.0	10451.0	8367.0	6447.0	5358.0	4466.0	3804.0	2973.0	2392.0	2015.0	1739.0	1413.0	1245.0	8311.0
Sor-ACeb_017-Ex1-12F-lcwgs-1-2.clmp.fp2_repr.R2	1020.0	5057.0	8677.0	11738.0	13584.0	14538.0	15689.0	16481.0	16776.0	16312.0	14252.0	12140.0	10437.0	8386.0	6460.0	5392.0	4466.0	3801.0	2977.0	2403.0	2030.0	1745.0	1402.0	1465.0	8087.0
Sor-ACeb_018-Ex1-1G-lcwgs-1-2.clmp.fp2_repr.R1	41.0	282.0	535.0	860.0	1106.0	1409.0	1782.0	2068.0	2255.0	2456.0	2486.0	2467.0	2346.0	2196.0	2008.0	1788.0	1557.0	1385.0	1168.0	1055.0	908.0	735.0	697.0	692.0	5256.0
Sor-ACeb_018-Ex1-1G-lcwgs-1-2.clmp.fp2_repr.R2	49.0	277.0	535.0	872.0	1114.0	1398.0	1781.0	2065.0	2259.0	2453.0	2486.0	2464.0	2345.0	2196.0	2011.0	1802.0	1552.0	1388.0	1172.0	1043.0	905.0	749.0	693.0	918.0	5011.0
Sor-ACeb_019-Ex1-3G-lcwgs-1-2.clmp.fp2_repr.R1	22.0	129.0	193.0	330.0	385.0	429.0	420.0	536.0	541.0	582.0	541.0	453.0	433.0	347.0	315.0	317.0	248.0	273.0	246.0	214.0	203.0	179.0	190.0	186.0	1651.0
Sor-ACeb_019-Ex1-3G-lcwgs-1-2.clmp.fp2_repr.R2	18.0	132.0	192.0	332.0	387.0	418.0	435.0	522.0	545.0	584.0	545.0	463.0	432.0	349.0	318.0	314.0	250.0	271.0	245.0	208.0	199.0	181.0	195.0	275.0	1553.0
Sor-ACeb_020-Ex1-2G-lcwgs-1-2.clmp.fp2_repr.R1	24.0	104.0	203.0	276.0	328.0	373.0	360.0	426.0	477.0	434.0	408.0	359.0	358.0	290.0	278.0	257.0	231.0	213.0	198.0	177.0	134.0	143.0	134.0	138.0	1141.0
Sor-ACeb_020-Ex1-2G-lcwgs-1-2.clmp.fp2_repr.R2	26.0	107.0	200.0	281.0	322.0	372.0	366.0	435.0	462.0	435.0	403.0	360.0	356.0	290.0	276.0	256.0	230.0	213.0	196.0	172.0	139.0	138.0	139.0	181.0	1109.0
Sor-ACeb_021-Ex1-4G-lcwgs-1-2.clmp.fp2_repr.R1	2.0	20.0	38.0	54.0	59.0	55.0	76.0	77.0	65.0	55.0	58.0	68.0	46.0	33.0	37.0	33.0	33.0	23.0	17.0	16.0	22.0	10.0	14.0	14.0	91.0
Sor-ACeb_021-Ex1-4G-lcwgs-1-2.clmp.fp2_repr.R2	3.0	22.0	37.0	53.0	58.0	57.0	80.0	76.0	62.0	53.0	58.0	70.0	44.0	33.0	37.0	32.0	36.0	23.0	16.0	16.0	22.0	10.0	15.0	18.0	85.0
Sor-ACeb_022-Ex1-5G-lcwgs-1-2.clmp.fp2_repr.R1	54.0	239.0	470.0	664.0	907.0	1001.0	1146.0	1249.0	1461.0	1273.0	1184.0	1008.0	904.0	764.0	694.0	518.0	475.0	419.0	356.0	302.0	265.0	238.0	228.0	267.0	3597.0
Sor-ACeb_022-Ex1-5G-lcwgs-1-2.clmp.fp2_repr.R2	56.0	239.0	460.0	658.0	928.0	989.0	1148.0	1265.0	1462.0	1280.0	1183.0	999.0	909.0	761.0	690.0	524.0	473.0	419.0	350.0	297.0	267.0	233.0	229.0	409.0	3455.0
Sor-CPnd_001-Ex1-3E-lcwgs-1-2.clmp.fp2_repr.R1	2400.0	10564.0	17292.0	24348.0	30863.0	36270.0	40136.0	44523.0	47804.0	50408.0	50517.0	46480.0	44113.0	40185.0	37026.0	35831.0	34373.0	32661.0	31798.0	30573.0	30068.0	29840.0	28592.0	30211.0	309898.0
Sor-CPnd_001-Ex1-3E-lcwgs-1-2.clmp.fp2_repr.R2	2393.0	10496.0	17283.0	24242.0	30821.0	36199.0	40017.0	44456.0	47814.0	50241.0	50406.0	46465.0	44141.0	40205.0	37017.0	35804.0	34483.0	32733.0	31695.0	30672.0	30092.0	29868.0	28592.0	40630.0	300009.0
Sor-CPnd_002-Ex1-5E-lcwgs-1-2.clmp.fp2_repr.R1	3126.0	13533.0	21542.0	27588.0	30749.0	33121.0	33567.0	33701.0	33035.0	31970.0	29052.0	25538.0	23134.0	21205.0	18315.0	17055.0	16126.0	15257.0	14475.0	13540.0	13314.0	12796.0	12572.0	13269.0	139355.0
Sor-CPnd_002-Ex1-5E-lcwgs-1-2.clmp.fp2_repr.R2	3067.0	13414.0	21420.0	27488.0	30700.0	32967.0	33437.0	33634.0	32838.0	31806.0	29061.0	25562.0	23207.0	21238.0	18322.0	17114.0	16090.0	15300.0	14434.0	13623.0	13290.0	12808.0	12665.0	18076.0	135374.0
Sor-CPnd_003-Ex1-2B-lcwgs-1-2.clmp.fp2_repr.R1	1228.0	5493.0	9336.0	12670.0	15486.0	17215.0	18176.0	19042.0	19926.0	20453.0	19423.0	18095.0	17653.0	16154.0	15346.0	14987.0	14699.0	14121.0	13754.0	13359.0	13311.0	13395.0	13251.0	14582.0	182505.0
Sor-CPnd_003-Ex1-2B-lcwgs-1-2.clmp.fp2_repr.R2	1209.0	5424.0	9294.0	12593.0	15407.0	17095.0	18098.0	18978.0	19868.0	20431.0	19438.0	18126.0	17582.0	16172.0	15375.0	14916.0	14696.0	14117.0	13727.0	13408.0	13339.0	13414.0	13209.0	20872.0	176872.0
Sor-CPnd_004-Ex1-1G-lcwgs-1-2.clmp.fp2_repr.R1	2630.0	11201.0	19042.0	28321.0	36599.0	43276.0	49116.0	53947.0	57842.0	61161.0	60513.0	58106.0	56611.0	55314.0	53756.0	53135.0	51355.0	48771.0	46996.0	44853.0	43710.0	42530.0	41124.0	42863.0	455235.0
Sor-CPnd_004-Ex1-1G-lcwgs-1-2.clmp.fp2_repr.R2	2650.0	11197.0	19088.0	28341.0	36634.0	43225.0	49061.0	54060.0	57808.0	61179.0	60536.0	58225.0	56636.0	55452.0	53699.0	53212.0	51508.0	48759.0	46955.0	44894.0	43683.0	42473.0	41137.0	56477.0	441118.0
Sor-CPnd_005-Ex1-3D-lcwgs-1-2.clmp.fp2_repr.R1	1297.0	5091.0	7647.0	11000.0	13773.0	16302.0	18863.0	21448.0	24273.0	26909.0	27913.0	26839.0	26988.0	26228.0	25783.0	26145.0	26691.0	26827.0	27581.0	27544.0	28790.0	30418.0	31333.0	36209.0	510146.0
Sor-CPnd_005-Ex1-3D-lcwgs-1-2.clmp.fp2_repr.R2	1355.0	5114.0	7620.0	10965.0	13820.0	16236.0	18696.0	21403.0	24077.0	26858.0	27782.0	26817.0	27025.0	26215.0	25752.0	26080.0	26677.0	26866.0	27479.0	27586.0	28708.0	30544.0	31355.0	53367.0	493641.0
Sor-CPnd_006-Ex1-2D-lcwgs-1-2.clmp.fp2_repr.R1	2564.0	11825.0	20295.0	28139.0	33707.0	37289.0	39843.0	41676.0	42243.0	42904.0	40016.0	36357.0	35540.0	32543.0	30635.0	30039.0	28566.0	26622.0	25968.0	25008.0	25297.0	24825.0	24041.0	26339.0	304738.0
Sor-CPnd_006-Ex1-2D-lcwgs-1-2.clmp.fp2_repr.R2	2497.0	11628.0	20153.0	27962.0	33484.0	37154.0	39669.0	41522.0	42033.0	42924.0	39958.0	36286.0	35480.0	32491.0	30601.0	30013.0	28607.0	26689.0	26077.0	25180.0	25285.0	24937.0	24303.0	36342.0	295744.0
Sor-CPnd_007-Ex1-1C-lcwgs-1-2.clmp.fp2_repr.R1	1133.0	4857.0	7893.0	10813.0	12944.0	14289.0	15230.0	16456.0	17027.0	17526.0	17537.0	17462.0	17313.0	17154.0	16844.0	16848.0	16324.0	15849.0	15654.0	15073.0	14779.0	14866.0	14757.0	16791.0	215887.0
Sor-CPnd_007-Ex1-1C-lcwgs-1-2.clmp.fp2_repr.R2	1141.0	4913.0	7981.0	10850.0	12972.0	14309.0	15237.0	16462.0	17075.0	17547.0	17507.0	17446.0	17354.0	17268.0	16856.0	16880.0	16304.0	15841.0	15656.0	15085.0	14807.0	14913.0	14802.0	24983.0	207117.0
Sor-CPnd_008-Ex1-1A-lcwgs-1-2.clmp.fp2_repr.R1	1557.0	4896.0	6556.0	8942.0	11167.0	13233.0	15239.0	17427.0	19380.0	21118.0	22410.0	23657.0	25135.0	26289.0	27013.0	28731.0	29519.0	30305.0	31193.0	32103.0	34221.0	38079.0	41939.0	64555.0	1564683.0
Sor-CPnd_008-Ex1-1A-lcwgs-1-2.clmp.fp2_repr.R2	2004.0	5645.0	7136.0	9456.0	11564.0	13487.0	15384.0	17657.0	19613.0	21395.0	22696.0	24032.0	25456.0	26591.0	27307.0	29125.0	29833.0	30647.0	31433.0	32289.0	34635.0	38747.0	41954.0	141381.0	1479880.0
Sor-CPnd_009-Ex1-6A-lcwgs-1-2.clmp.fp2_repr.R1	3263.0	14369.0	23419.0	32661.0	39688.0	45419.0	50169.0	53516.0	56661.0	59636.0	62094.0	62568.0	63810.0	64023.0	64342.0	65796.0	65020.0	62705.0	62212.0	60995.0	60041.0	60333.0	61029.0	69982.0	970695.0
Sor-CPnd_009-Ex1-6A-lcwgs-1-2.clmp.fp2_repr.R2	3358.0	14379.0	23563.0	32706.0	39823.0	45482.0	50153.0	53636.0	56664.0	59794.0	62173.0	62662.0	64014.0	64022.0	64522.0	65955.0	65093.0	62815.0	62151.0	61077.0	60209.0	60537.0	61079.0	99257.0	939322.0
Sor-CPnd_010-Ex1-1H-lcwgs-1-2.clmp.fp2_repr.R1	640.0	2786.0	4495.0	6629.0	8054.0	9611.0	10682.0	11576.0	12494.0	12793.0	12986.0	12826.0	12791.0	12517.0	12305.0	12262.0	11718.0	11092.0	10821.0	10338.0	10007.0	9782.0	9771.0	10709.0	120031.0
Sor-CPnd_010-Ex1-1H-lcwgs-1-2.clmp.fp2_repr.R2	669.0	2787.0	4533.0	6626.0	8073.0	9620.0	10669.0	11573.0	12510.0	12760.0	13011.0	12878.0	12791.0	12552.0	12312.0	12257.0	11753.0	11113.0	10824.0	10309.0	10040.0	9797.0	9756.0	15181.0	115322.0
Sor-CPnd_012-Ex1-5B-lcwgs-1-2.clmp.fp2_repr.R1	1254.0	5363.0	8480.0	10518.0	11468.0	12323.0	12415.0	12494.0	12431.0	12341.0	11780.0	10689.0	10226.0	9594.0	8584.0	8188.0	7969.0	7541.0	7514.0	7265.0	7485.0	7505.0	7506.0	8519.0	118284.0
Sor-CPnd_012-Ex1-5B-lcwgs-1-2.clmp.fp2_repr.R2	1228.0	5361.0	8457.0	10457.0	11437.0	12312.0	12397.0	12485.0	12405.0	12354.0	11801.0	10691.0	10233.0	9613.0	8579.0	8196.0	7952.0	7534.0	7534.0	7281.0	7426.0	7562.0	7559.0	12584.0	114298.0
Sor-CPnd_013-Ex1-7F-lcwgs-1-2.clmp.fp2_repr.R1	1896.0	8115.0	11935.0	15568.0	17878.0	19459.0	20208.0	21595.0	21907.0	22324.0	22910.0	22634.0	22207.0	21407.0	21211.0	20762.0	19940.0	18848.0	17993.0	17126.0	16612.0	16196.0	15903.0	17474.0	202981.0
Sor-CPnd_013-Ex1-7F-lcwgs-1-2.clmp.fp2_repr.R2	1879.0	8159.0	11969.0	15631.0	17991.0	19477.0	20276.0	21591.0	21911.0	22335.0	22961.0	22655.0	22271.0	21488.0	21223.0	20782.0	20022.0	18768.0	18020.0	17143.0	16669.0	16196.0	15923.0	25414.0	194335.0
Sor-CPnd_014-Ex1-1F-lcwgs-1-2.clmp.fp2_repr.R1	4763.0	20351.0	34921.0	51811.0	67239.0	79428.0	89373.0	97802.0	103489.0	108595.0	111925.0	112616.0	111878.0	111446.0	109809.0	109338.0	106642.0	102324.0	98835.0	95423.0	94387.0	93435.0	93046.0	100360.0	1177999.0
Sor-CPnd_014-Ex1-1F-lcwgs-1-2.clmp.fp2_repr.R2	4881.0	20560.0	35226.0	52029.0	67503.0	79606.0	89389.0	97997.0	103767.0	108760.0	112205.0	112833.0	112076.0	111586.0	109994.0	109459.0	106765.0	102513.0	98929.0	95536.0	94337.0	93551.0	92842.0	139716.0	1135175.0
Sor-CPnd_015-Ex1-5F-lcwgs-1-2.clmp.fp2_repr.R1	2266.0	9522.0	14363.0	17394.0	18644.0	19128.0	19294.0	18766.0	18395.0	17387.0	16057.0	14152.0	13093.0	11946.0	10449.0	9565.0	9102.0	8626.0	8324.0	7889.0	7710.0	7525.0	7320.0	8214.0	94189.0
Sor-CPnd_015-Ex1-5F-lcwgs-1-2.clmp.fp2_repr.R2	2267.0	9436.0	14265.0	17341.0	18621.0	19071.0	19308.0	18715.0	18305.0	17388.0	16062.0	14182.0	13073.0	11923.0	10429.0	9553.0	9142.0	8647.0	8336.0	7874.0	7723.0	7511.0	7375.0	11679.0	91094.0
Sor-CPnd_016-Ex1-1B-lcwgs-1-2.clmp.fp2_repr.R1	823.0	3434.0	5327.0	7562.0	9510.0	11066.0	12588.0	13880.0	14951.0	16077.0	16320.0	16118.0	16735.0	17063.0	17675.0	17998.0	18802.0	18824.0	19381.0	19883.0	20534.0	22582.0	23843.0	30935.0	633467.0
Sor-CPnd_016-Ex1-1B-lcwgs-1-2.clmp.fp2_repr.R2	958.0	3623.0	5490.0	7698.0	9599.0	11092.0	12598.0	13885.0	15063.0	16084.0	16290.0	16230.0	16818.0	17137.0	17664.0	18107.0	18861.0	18900.0	19431.0	19965.0	20631.0	22655.0	24016.0	54422.0	608161.0
Sor-CPnd_017-Ex1-3G-lcwgs-1-2.clmp.fp2_repr.R1	1124.0	4783.0	7724.0	11329.0	14070.0	16146.0	17504.0	18590.0	19687.0	19895.0	19482.0	18019.0	17442.0	16439.0	15992.0	15621.0	14483.0	14131.0	13175.0	12668.0	12027.0	11956.0	11581.0	12412.0	125951.0
Sor-CPnd_017-Ex1-3G-lcwgs-1-2.clmp.fp2_repr.R2	1120.0	4785.0	7759.0	11294.0	14067.0	16092.0	17493.0	18607.0	19679.0	19888.0	19469.0	18079.0	17550.0	16465.0	15975.0	15663.0	14457.0	14157.0	13217.0	12668.0	12090.0	11979.0	11510.0	16532.0	121636.0
Sor-CPnd_018-Ex1-1E-lcwgs-1-2.clmp.fp2_repr.R1	3833.0	17226.0	27543.0	37940.0	45758.0	50555.0	54418.0	57222.0	59314.0	60577.0	61269.0	60171.0	58856.0	58190.0	56846.0	55986.0	53809.0	51065.0	48793.0	47006.0	45393.0	44856.0	43541.0	46135.0	501351.0
Sor-CPnd_018-Ex1-1E-lcwgs-1-2.clmp.fp2_repr.R2	3866.0	17322.0	27592.0	38048.0	45747.0	50601.0	54439.0	57330.0	59396.0	60654.0	61422.0	60360.0	58953.0	58256.0	56934.0	56032.0	53887.0	51099.0	48779.0	47035.0	45346.0	44854.0	43521.0	64856.0	481324.0
Sor-CPnd_019-Ex1-6G-lcwgs-1-2.clmp.fp2_repr.R1	3317.0	14316.0	22535.0	28739.0	32203.0	33319.0	33595.0	34458.0	34714.0	33913.0	32560.0	30390.0	29584.0	29148.0	27814.0	27610.0	27086.0	25901.0	25423.0	24243.0	24079.0	23996.0	23885.0	25722.0	324709.0
Sor-CPnd_019-Ex1-6G-lcwgs-1-2.clmp.fp2_repr.R2	3322.0	14303.0	22472.0	28810.0	32234.0	33247.0	33611.0	34390.0	34793.0	33981.0	32482.0	30421.0	29646.0	29265.0	27899.0	27687.0	27103.0	25918.0	25509.0	24293.0	23991.0	24064.0	23899.0	34640.0	315279.0
Sor-CPnd_020-Ex1-2E-lcwgs-1-2.clmp.fp2_repr.R1	2297.0	9887.0	16455.0	22970.0	28289.0	31944.0	35238.0	37888.0	40873.0	42311.0	40854.0	39191.0	38807.0	36757.0	35889.0	35383.0	34843.0	34224.0	32896.0	32232.0	32575.0	32371.0	31417.0	34323.0	385937.0
Sor-CPnd_020-Ex1-2E-lcwgs-1-2.clmp.fp2_repr.R2	2248.0	9681.0	16280.0	22746.0	28025.0	31727.0	34957.0	37687.0	40706.0	42056.0	40730.0	39123.0	38722.0	36828.0	35733.0	35329.0	34758.0	34211.0	32936.0	32171.0	32728.0	32672.0	31759.0	47366.0	374672.0
Sor-CPnd_022-Ex1-7C-lcwgs-1-2.clmp.fp2_repr.R1	3696.0	14621.0	21802.0	27515.0	30878.0	32193.0	32987.0	33369.0	33773.0	33547.0	33225.0	31993.0	31634.0	30562.0	30244.0	29502.0	28852.0	27661.0	27018.0	26256.0	26081.0	26552.0	26909.0	31097.0	457933.0
Sor-CPnd_022-Ex1-7C-lcwgs-1-2.clmp.fp2_repr.R2	3735.0	14770.0	21764.0	27479.0	30894.0	32196.0	33039.0	33449.0	33911.0	33635.0	33265.0	32091.0	31781.0	30599.0	30303.0	29547.0	28899.0	27726.0	27074.0	26270.0	26111.0	26611.0	26843.0	46434.0	441474.0
Sor-CPnd_024-Ex1-5G-lcwgs-1-2.clmp.fp2_repr.R1	1286.0	5364.0	8592.0	11313.0	12567.0	13766.0	14016.0	14272.0	14390.0	13958.0	13326.0	11999.0	11255.0	10499.0	9048.0	8521.0	8016.0	7660.0	7351.0	6952.0	6895.0	6866.0	6585.0	6974.0	79226.0
Sor-CPnd_024-Ex1-5G-lcwgs-1-2.clmp.fp2_repr.R2	1287.0	5352.0	8550.0	11266.0	12537.0	13742.0	14007.0	14236.0	14358.0	13931.0	13248.0	11985.0	11258.0	10506.0	9134.0	8531.0	8019.0	7696.0	7354.0	6999.0	6876.0	6925.0	6689.0	9800.0	76411.0
Sor-CPnd_026-Ex1-3H-lcwgs-1-2.clmp.fp2_repr.R1	774.0	3212.0	5386.0	7231.0	9123.0	10500.0	11736.0	13012.0	13840.0	14854.0	15366.0	15205.0	15043.0	14540.0	13942.0	13920.0	13732.0	13378.0	13198.0	12839.0	12950.0	13040.0	13084.0	14601.0	188040.0
Sor-CPnd_026-Ex1-3H-lcwgs-1-2.clmp.fp2_repr.R2	778.0	3178.0	5340.0	7250.0	9107.0	10526.0	11727.0	12998.0	13846.0	14806.0	15372.0	15230.0	15041.0	14528.0	13945.0	13957.0	13722.0	13401.0	13208.0	12878.0	12938.0	13153.0	13058.0	21084.0	181475.0
Sor-CPnd_027-Ex1-3C-lcwgs-1-2.clmp.fp2_repr.R1	1087.0	4116.0	6424.0	8986.0	11153.0	13172.0	14678.0	16878.0	18332.0	19928.0	20784.0	20826.0	21235.0	20945.0	20917.0	21542.0	22007.0	22349.0	22682.0	22927.0	23842.0	24699.0	25476.0	30011.0	439383.0
Sor-CPnd_027-Ex1-3C-lcwgs-1-2.clmp.fp2_repr.R2	1049.0	4171.0	6490.0	9007.0	11162.0	13138.0	14627.0	16887.0	18355.0	19918.0	20767.0	20815.0	21240.0	20955.0	20897.0	21592.0	21968.0	22346.0	22625.0	22884.0	23759.0	24754.0	25776.0	45446.0	423751.0
Sor-CPnd_028-Ex1-3A-lcwgs-1-2.clmp.fp2_repr.R1	1575.0	6921.0	11487.0	16415.0	21305.0	24590.0	27897.0	30494.0	33134.0	35626.0	36037.0	33817.0	32740.0	30462.0	28718.0	28551.0	28612.0	28004.0	27554.0	27682.0	28247.0	29073.0	29527.0	35269.0	528325.0
Sor-CPnd_028-Ex1-3A-lcwgs-1-2.clmp.fp2_repr.R2	1599.0	6951.0	11441.0	16430.0	21193.0	24458.0	27768.0	30423.0	33075.0	35474.0	35984.0	33748.0	32760.0	30326.0	28637.0	28526.0	28503.0	27868.0	27605.0	27600.0	28212.0	29215.0	29725.0	55519.0	509022.0
Sor-CPnd_029-Ex1-8E-lcwgs-1-2.clmp.fp2_repr.R1	4877.0	21791.0	34485.0	45761.0	53028.0	57318.0	61376.0	65395.0	67391.0	69121.0	69174.0	64926.0	60769.0	51739.0	45122.0	42299.0	40086.0	38597.0	37602.0	38326.0	38546.0	39365.0	39014.0	44105.0	583463.0
Sor-CPnd_029-Ex1-8E-lcwgs-1-2.clmp.fp2_repr.R2	4945.0	21814.0	34515.0	45624.0	52919.0	57314.0	61239.0	65384.0	67341.0	69034.0	69018.0	64905.0	60815.0	51733.0	45045.0	42151.0	40008.0	38551.0	37558.0	38293.0	38525.0	39444.0	39141.0	65977.0	562383.0
Sor-CPnd_030-Ex1-2H-lcwgs-1-2.clmp.fp2_repr.R1	1402.0	6010.0	10619.0	14586.0	17650.0	20011.0	21767.0	23442.0	23908.0	24253.0	22906.0	21198.0	20576.0	18799.0	17908.0	16983.0	16266.0	15514.0	14946.0	14198.0	14159.0	13727.0	13516.0	14908.0	162255.0
Sor-CPnd_030-Ex1-2H-lcwgs-1-2.clmp.fp2_repr.R2	1376.0	5947.0	10601.0	14424.0	17577.0	19932.0	21669.0	23359.0	23843.0	24206.0	22945.0	21194.0	20516.0	18811.0	17964.0	16987.0	16213.0	15551.0	14964.0	14212.0	14163.0	13855.0	13575.0	20144.0	157479.0
Sor-CPnd_031-Ex1-5D-lcwgs-1-2.clmp.fp2_repr.R1	1855.0	8212.0	12913.0	17572.0	20411.0	23228.0	24498.0	26074.0	26895.0	27033.0	25945.0	24065.0	23196.0	21699.0	19723.0	19115.0	18967.0	18675.0	18115.0	17903.0	18169.0	18750.0	18802.0	21980.0	313469.0
Sor-CPnd_031-Ex1-5D-lcwgs-1-2.clmp.fp2_repr.R2	1841.0	8172.0	12824.0	17480.0	20318.0	22992.0	24474.0	25956.0	26781.0	26950.0	25855.0	24035.0	23134.0	21706.0	19684.0	19110.0	18907.0	18697.0	18174.0	17986.0	18172.0	18762.0	18856.0	32947.0	303451.0
Sor-CPnd_033-Ex1-2F-lcwgs-1-2.clmp.fp2_repr.R1	1031.0	4564.0	7465.0	10510.0	13029.0	15104.0	16717.0	18126.0	19218.0	20290.0	19899.0	18966.0	19022.0	18068.0	17551.0	17465.0	17016.0	16289.0	15915.0	15732.0	15490.0	15359.0	14865.0	15755.0	164714.0
Sor-CPnd_033-Ex1-2F-lcwgs-1-2.clmp.fp2_repr.R2	1018.0	4465.0	7355.0	10416.0	12940.0	14996.0	16573.0	18047.0	19132.0	20186.0	19829.0	18907.0	18972.0	18069.0	17552.0	17430.0	17040.0	16336.0	15912.0	15748.0	15563.0	15474.0	14887.0	21467.0	159846.0
Sor-CPnd_034-Ex1-4G-lcwgs-1-2.clmp.fp2_repr.R1	1387.0	5710.0	9076.0	11877.0	13642.0	14837.0	14578.0	14681.0	14369.0	13973.0	13442.0	12285.0	11277.0	10485.0	9123.0	8743.0	8331.0	7800.0	7567.0	6963.0	6732.0	6559.0	6246.0	6402.0	69414.0
Sor-CPnd_034-Ex1-4G-lcwgs-1-2.clmp.fp2_repr.R2	1396.0	5721.0	9057.0	11862.0	13605.0	14797.0	14660.0	14689.0	14326.0	13992.0	13452.0	12299.0	11228.0	10533.0	9158.0	8752.0	8370.0	7786.0	7556.0	6999.0	6737.0	6611.0	6254.0	8354.0	67305.0
Sor-CPnd_036-Ex1-5C-lcwgs-1-2.clmp.fp2_repr.R1	2145.0	9609.0	16498.0	22396.0	26599.0	29214.0	30457.0	31601.0	31357.0	31418.0	29370.0	27078.0	25722.0	23649.0	20983.0	19949.0	19092.0	18301.0	17748.0	17111.0	17104.0	17270.0	16983.0	18856.0	242629.0
Sor-CPnd_036-Ex1-5C-lcwgs-1-2.clmp.fp2_repr.R2	2138.0	9563.0	16455.0	22362.0	26536.0	29046.0	30438.0	31625.0	31317.0	31302.0	29410.0	27105.0	25734.0	23723.0	21012.0	19966.0	19010.0	18303.0	17769.0	17138.0	17154.0	17337.0	16872.0	27279.0	234545.0
Sor-CPnd_037-Ex1-6C-lcwgs-1-2.clmp.fp2_repr.R1	3390.0	13916.0	20419.0	25740.0	27924.0	28824.0	29155.0	29760.0	29696.0	29563.0	29066.0	28460.0	27792.0	27662.0	26796.0	26395.0	26028.0	25089.0	24404.0	23977.0	24043.0	24147.0	24672.0	27711.0	390934.0
Sor-CPnd_037-Ex1-6C-lcwgs-1-2.clmp.fp2_repr.R2	3426.0	14001.0	20370.0	25747.0	27964.0	28937.0	29157.0	29752.0	29673.0	29623.0	29104.0	28548.0	27926.0	27740.0	26830.0	26437.0	26086.0	25109.0	24393.0	23951.0	24082.0	24215.0	24732.0	39876.0	377884.0
Sor-CPnd_038-Ex1-2A-lcwgs-1-2.clmp.fp2_repr.R1	1053.0	4484.0	7479.0	10617.0	13242.0	15264.0	16805.0	18451.0	19086.0	20378.0	19753.0	19084.0	19044.0	17898.0	17574.0	17852.0	17744.0	17185.0	17386.0	17412.0	17587.0	18383.0	18625.0	22988.0	357572.0
Sor-CPnd_038-Ex1-2A-lcwgs-1-2.clmp.fp2_repr.R2	1027.0	4373.0	7392.0	10501.0	13142.0	15102.0	16697.0	18300.0	18915.0	20159.0	19648.0	19022.0	18961.0	17868.0	17405.0	17803.0	17631.0	17157.0	17308.0	17345.0	17595.0	18597.0	18801.0	37240.0	344957.0
Sor-CPnd_041-Ex1-7A-lcwgs-1-2.clmp.fp2_repr.R1	2040.0	9273.0	15959.0	23140.0	28924.0	33762.0	37999.0	41355.0	44098.0	45949.0	48361.0	48691.0	50255.0	49590.0	50014.0	49769.0	49403.0	48045.0	46587.0	45333.0	43909.0	43233.0	42366.0	44945.0	432652.0
Sor-CPnd_041-Ex1-7A-lcwgs-1-2.clmp.fp2_repr.R2	2060.0	9363.0	15986.0	23135.0	28874.0	33762.0	37966.0	41321.0	44106.0	45968.0	48402.0	48712.0	50292.0	49622.0	50051.0	49887.0	49473.0	48022.0	46578.0	45405.0	43984.0	43136.0	42206.0	56721.0	420620.0
Sor-CPnd_043-Ex1-1D-lcwgs-1-2.clmp.fp2_repr.R1	2213.0	9696.0	15911.0	22959.0	29206.0	33655.0	37723.0	41158.0	43263.0	45544.0	46601.0	45621.0	45584.0	45192.0	44788.0	45223.0	44965.0	43978.0	42962.0	42678.0	42339.0	44074.0	43880.0	50257.0	702057.0
Sor-CPnd_043-Ex1-1D-lcwgs-1-2.clmp.fp2_repr.R2	2308.0	9853.0	16175.0	23060.0	29341.0	33708.0	37765.0	41219.0	43358.0	45661.0	46671.0	45689.0	45690.0	45220.0	44781.0	45319.0	44945.0	44075.0	42996.0	42770.0	42315.0	43951.0	44014.0	73007.0	677636.0
Sor-CPnd_044-Ex1-8G-lcwgs-1-2.clmp.fp2_repr.R1	3465.0	15488.0	23745.0	31159.0	35586.0	37758.0	38521.0	38867.0	38924.0	38311.0	35297.0	31816.0	29995.0	27631.0	26151.0	25319.0	24441.0	23447.0	22503.0	21817.0	21446.0	21309.0	21590.0	23892.0	299195.0
Sor-CPnd_044-Ex1-8G-lcwgs-1-2.clmp.fp2_repr.R2	3463.0	15540.0	23733.0	31115.0	35669.0	37754.0	38454.0	38900.0	38903.0	38266.0	35297.0	31904.0	30073.0	27664.0	26121.0	25360.0	24487.0	23460.0	22462.0	21798.0	21458.0	21403.0	21657.0	33603.0	289129.0
Sor-CPnd_045-Ex1-7B-lcwgs-1-2.clmp.fp2_repr.R1	2967.0	12229.0	18322.0	23641.0	27285.0	29330.0	30329.0	31217.0	31692.0	32328.0	31447.0	30873.0	30567.0	29950.0	29829.0	30072.0	29768.0	29550.0	28865.0	28593.0	29233.0	30481.0	31179.0	36926.0	617608.0
Sor-CPnd_045-Ex1-7B-lcwgs-1-2.clmp.fp2_repr.R2	3005.0	12409.0	18431.0	23750.0	27387.0	29274.0	30361.0	31249.0	31712.0	32392.0	31605.0	30854.0	30641.0	30006.0	30008.0	30113.0	29823.0	29527.0	28890.0	28600.0	29209.0	30481.0	31243.0	56767.0	596544.0
Sor-CPnd_046-Ex1-5A-lcwgs-1-2.clmp.fp2_repr.R1	989.0	4951.0	8361.0	11200.0	13095.0	14755.0	14938.0	15431.0	15558.0	15355.0	14242.0	12844.0	12036.0	11029.0	9834.0	9208.0	8891.0	8320.0	8168.0	7596.0	7490.0	7264.0	7265.0	7770.0	89239.0
Sor-CPnd_046-Ex1-5A-lcwgs-1-2.clmp.fp2_repr.R2	1015.0	4944.0	8323.0	11099.0	13066.0	14721.0	14905.0	15336.0	15530.0	15353.0	14249.0	12850.0	12080.0	10987.0	9835.0	9266.0	8862.0	8323.0	8109.0	7618.0	7489.0	7245.0	7311.0	10925.0	86388.0
Sor-CPnd_049-Ex1-3B-lcwgs-1-2.clmp.fp2_repr.R1	759.0	3348.0	5618.0	7565.0	9565.0	10455.0	11509.0	12052.0	12508.0	12923.0	12640.0	12260.0	12226.0	11517.0	11250.0	11111.0	10812.0	10288.0	10148.0	9856.0	9583.0	9766.0	9629.0	10729.0	140868.0
Sor-CPnd_049-Ex1-3B-lcwgs-1-2.clmp.fp2_repr.R2	772.0	3383.0	5611.0	7592.0	9553.0	10421.0	11453.0	12069.0	12499.0	12933.0	12685.0	12247.0	12285.0	11560.0	11273.0	11115.0	10784.0	10263.0	10178.0	9815.0	9651.0	9855.0	9657.0	15480.0	135851.0
Sor-CPnd_050-Ex1-3F-lcwgs-1-2.clmp.fp2_repr.R1	3682.0	15706.0	25224.0	34509.0	41596.0	46406.0	49935.0	53803.0	56532.0	58306.0	57039.0	51438.0	48384.0	43524.0	40031.0	38847.0	37187.0	36381.0	35402.0	34466.0	34714.0	35025.0	34640.0	38207.0	490687.0
Sor-CPnd_050-Ex1-3F-lcwgs-1-2.clmp.fp2_repr.R2	3736.0	15689.0	25094.0	34402.0	41585.0	46240.0	49820.0	53688.0	56546.0	58361.0	56860.0	51356.0	48517.0	43564.0	39972.0	38722.0	37226.0	36364.0	35303.0	34482.0	34730.0	35198.0	34482.0	55371.0	474363.0
Sor-CPnd_052-Ex1-6D-lcwgs-1-2.clmp.fp2_repr.R1	2465.0	11057.0	18043.0	23792.0	27566.0	30100.0	30848.0	31636.0	32072.0	32019.0	30491.0	28611.0	27232.0	26342.0	25162.0	23832.0	22258.0	21319.0	20538.0	19275.0	18488.0	18298.0	17620.0	18048.0	183003.0
Sor-CPnd_052-Ex1-6D-lcwgs-1-2.clmp.fp2_repr.R2	2443.0	11083.0	17996.0	23784.0	27501.0	30081.0	30896.0	31662.0	32060.0	32032.0	30604.0	28609.0	27221.0	26352.0	25194.0	23852.0	22213.0	21351.0	20487.0	19300.0	18576.0	18281.0	17632.0	23199.0	177706.0
Sor-CPnd_053-Ex1-2C-lcwgs-1-2.clmp.fp2_repr.R1	1532.0	6398.0	10504.0	14223.0	16958.0	18273.0	19804.0	20670.0	21239.0	21842.0	20554.0	19548.0	19062.0	17870.0	17117.0	17121.0	16878.0	16374.0	16182.0	16297.0	16491.0	16563.0	16866.0	19667.0	282528.0
Sor-CPnd_053-Ex1-2C-lcwgs-1-2.clmp.fp2_repr.R2	1491.0	6393.0	10478.0	14148.0	16811.0	18147.0	19700.0	20528.0	21142.0	21789.0	20458.0	19481.0	19025.0	17816.0	17197.0	17124.0	16840.0	16382.0	16166.0	16262.0	16509.0	16741.0	16980.0	30590.0	272363.0
Sor-CPnd_054-Ex1-8F-lcwgs-1-2.clmp.fp2_repr.R1	2165.0	8818.0	12809.0	15909.0	17082.0	17398.0	17775.0	17953.0	18112.0	18040.0	17524.0	16044.0	14376.0	12031.0	10189.0	9250.0	8697.0	7997.0	7593.0	7465.0	7202.0	7333.0	6860.0	7477.0	85376.0
Sor-CPnd_054-Ex1-8F-lcwgs-1-2.clmp.fp2_repr.R2	2168.0	8787.0	12836.0	15969.0	17052.0	17378.0	17749.0	17942.0	18108.0	18035.0	17525.0	15987.0	14422.0	12032.0	10193.0	9213.0	8626.0	8008.0	7648.0	7449.0	7215.0	7360.0	6948.0	11467.0	81358.0
Sor-CPnd_055-Ex1-7G-lcwgs-1-2.clmp.fp2_repr.R1	3831.0	16083.0	24454.0	31901.0	37221.0	39323.0	40203.0	40591.0	40207.0	39900.0	38083.0	35682.0	33889.0	32118.0	31087.0	30219.0	28626.0	27418.0	26392.0	25045.0	24302.0	24192.0	23522.0	24538.0	264390.0
Sor-CPnd_055-Ex1-7G-lcwgs-1-2.clmp.fp2_repr.R2	3872.0	16043.0	24446.0	32021.0	37208.0	39331.0	40184.0	40558.0	40237.0	39876.0	38084.0	35739.0	33860.0	32242.0	31185.0	30214.0	28697.0	27451.0	26360.0	25076.0	24308.0	24106.0	23571.0	31866.0	256682.0
Sor-CPnd_058-Ex1-2G-lcwgs-1-2.clmp.fp2_repr.R1	1173.0	5220.0	9058.0	12604.0	15650.0	17894.0	19593.0	21165.0	22558.0	23487.0	22356.0	20550.0	20277.0	18738.0	17519.0	17075.0	16158.0	15431.0	14510.0	14257.0	13413.0	13562.0	12943.0	13488.0	133028.0
Sor-CPnd_058-Ex1-2G-lcwgs-1-2.clmp.fp2_repr.R2	1116.0	5120.0	8954.0	12545.0	15589.0	17884.0	19575.0	21032.0	22486.0	23430.0	22318.0	20622.0	20269.0	18737.0	17555.0	17071.0	16155.0	15457.0	14530.0	14237.0	13476.0	13616.0	12918.0	17810.0	129205.0
Sor-CPnd_063-Ex1-7D-lcwgs-1-2.clmp.fp2_repr.R1	2959.0	12602.0	19970.0	26201.0	31019.0	33826.0	35217.0	36386.0	36896.0	37028.0	36065.0	34091.0	32867.0	31218.0	30481.0	29554.0	28755.0	26953.0	25743.0	24924.0	24337.0	23673.0	23526.0	25172.0	285434.0
Sor-CPnd_063-Ex1-7D-lcwgs-1-2.clmp.fp2_repr.R2	2995.0	12638.0	19990.0	26148.0	31081.0	33821.0	35176.0	36408.0	36946.0	36982.0	36032.0	34126.0	32949.0	31333.0	30431.0	29552.0	28792.0	27003.0	25746.0	24996.0	24348.0	23747.0	23385.0	33818.0	276454.0
Sor-CPnd_066-Ex1-8B-lcwgs-1-2.clmp.fp2_repr.R1	1884.0	7828.0	11981.0	15788.0	17993.0	19061.0	19311.0	19473.0	19764.0	19923.0	19102.0	17846.0	17536.0	15860.0	15451.0	15028.0	14695.0	14358.0	14080.0	13838.0	13836.0	14407.0	14636.0	17053.0	277283.0
Sor-CPnd_066-Ex1-8B-lcwgs-1-2.clmp.fp2_repr.R2	1945.0	7888.0	11981.0	15848.0	17980.0	19035.0	19306.0	19468.0	19861.0	19955.0	19074.0	17849.0	17594.0	15886.0	15383.0	14967.0	14686.0	14424.0	14107.0	13883.0	13876.0	14313.0	14683.0	27243.0	266780.0
Sor-CPnd_069-Ex1-6B-lcwgs-1-2.clmp.fp2_repr.R1	2156.0	8868.0	13324.0	17314.0	19067.0	19849.0	19630.0	20091.0	20537.0	20279.0	19973.0	19179.0	19204.0	18770.0	18623.0	18459.0	18461.0	18021.0	17872.0	17376.0	17337.0	18105.0	18274.0	21912.0	354554.0
Sor-CPnd_069-Ex1-6B-lcwgs-1-2.clmp.fp2_repr.R2	2173.0	8834.0	13383.0	17306.0	19064.0	19911.0	19676.0	20073.0	20534.0	20296.0	20041.0	19269.0	19254.0	18826.0	18654.0	18534.0	18432.0	18075.0	17905.0	17415.0	17433.0	18200.0	18290.0	33164.0	342493.0
Sor-CPnd_072-Ex1-8C-lcwgs-1-2.clmp.fp2_repr.R1	5178.0	19085.0	26584.0	31856.0	35144.0	36729.0	37476.0	38568.0	39930.0	40483.0	39987.0	38396.0	37636.0	35093.0	34126.0	33242.0	32815.0	32228.0	32805.0	32906.0	33970.0	36454.0	37896.0	48787.0	932088.0
Sor-CPnd_072-Ex1-8C-lcwgs-1-2.clmp.fp2_repr.R2	5292.0	19400.0	26738.0	31915.0	35245.0	36731.0	37412.0	38581.0	39912.0	40432.0	39990.0	38374.0	37781.0	35139.0	34136.0	33274.0	32828.0	32209.0	32840.0	32928.0	33914.0	36349.0	37895.0	86185.0	893962.0
Undetermined.clmp.fp2_repr.R1	360018.0	1473143.0	2183073.0	2810973.0	3273318.0	3582615.0	3821293.0	4054816.0	4231947.0	4393394.0	4592951.0	4674128.0	4776247.0	4885261.0	5002485.0	5121915.0	5160639.0	5113855.0	5095192.0	5070617.0	5103988.0	5239037.0	5282041.0	6082321.0	76755055.0
Undetermined.clmp.fp2_repr.R2	372203.0	1493889.0	2195350.0	2823304.0	3289201.0	3590446.0	3831686.0	4065697.0	4247194.0	4409476.0	4609509.0	4689525.0	4793327.0	4901467.0	5019550.0	5137834.0	5173752.0	5123511.0	5105334.0	5080654.0	5114081.0	5248017.0	5279192.0	8792952.0	73753171.0
