Sample	1	2	3	4	5	6	7	8	9	12	17	22	27	32	37	42	47	52	57	62	67	72	77	82	87	92	97	102	107	112	117	122	127	132	137	142	147	150
Sor-ACeb_001-Ex1-8E-lcwgs-1-2.clmp.fp2_repr.R1	0.0	0.004117063963339129	0.0004750458419237456	0.0	0.0	0.0001583486139745819	0.0009500916838474912	0.001583486139745819	0.0	0.0005383852875135784	0.00028502750515424735	0.0	0.0001266788911796655	0.0014252675227140134	0.0007622193286118081	0.00012801724648344625	0.002374126573468648	0.0005013791268515932	0.00010448891337799422	0.00011072451850520425	0.002595933729406258	0.0	0.0003520391869906433	0.00029316761154587866	0.0	0.0001691297597342633	0.0005133043350604312	0.0	0.0	0.0	0.004436109934869841	0.0	0.0005539889977785041	0.006836315811747394	0.004213816721957049	0.0	0.0005236040715452604	0.0
Sor-ACeb_001-Ex1-8E-lcwgs-1-2.clmp.fp2_repr.R2	0.0	0.0019001833676949825	0.0	0.0	0.0006333944558983276	0.001425137525771237	0.0	0.0004750458419237456	0.0006333944558983276	0.0009500916838474912	0.0	0.0004750458419237456	0.001013431129437324	0.0030405822715049934	0.0007622319166829699	0.0005440530995825193	0.0002601562563514711	3.3424571271380445e-05	3.483304694763235e-05	0.0015872453394047312	0.0002396646612060405	0.0003098489928801128	0.0012576857174191483	0.005573043832283059	0.0025883791569719043	0.0	0.0012335107875658	0.0	0.0	0.0006865243844879815	0.00343282466948966	0.00023705895182013864	0.00027767442118766905	0.0	0.0	0.00045206526014095395	0.0020989222034485293	0.0
Sor-ACeb_002-Ex1-9E-lcwgs-1-2.clmp.fp2_repr.R1	0.0	0.00407236594280362	0.001018091485700905	0.0	0.0	0.0	0.00203618297140181	0.0	0.0	0.0016289463771214483	0.00020361829714018103	0.0	0.00020361829714018103	0.0010183009038438823	0.001024961922664573	0.00020883584458436446	0.0015132452192259966	0.0006826792886481813	0.000243601798755682	0.0002650467012287565	0.015573806620337041	0.0	0.0	0.0	0.0	0.0006090541997332343	0.0006995697645947743	0.0	0.0	0.0	0.008943543879262158	0.0	0.0	0.01548850752741466	0.010268346111719605	0.0	0.0	0.0
Sor-ACeb_002-Ex1-9E-lcwgs-1-2.clmp.fp2_repr.R2	0.0	0.001018091485700905	0.0	0.0	0.0	0.00203618297140181	0.0	0.0	0.0	0.001425328079981267	0.0	0.0008144731885607241	0.001832564674261629	0.003665823527255398	0.0004099612381649315	0.0	0.00043229596711092283	0.0	0.00024349918062525718	0.0037086289198883173	0.0	0.0003330236213654634	0.0046332761895936615	0.006352144756304503	0.011624097811499402	0.0	0.002794701246436756	0.0	0.0	0.0	0.010046997622210563	0.0	0.0	0.0	0.0	0.0	0.0	0.0
Sor-ACeb_003-Ex1-10E-lcwgs-1-2.clmp.fp2_repr.R1	0.0	0.0010713405684533055	0.0003571135228177685	0.0	0.0	0.0010713405684533055	0.00249979465972438	0.0017855676140888428	0.0	0.0012856086821439667	0.00028569081825421483	0.0	0.00042853622738132224	0.0015719675317251629	0.0008677768425071808	7.465210253914196e-05	0.0014202472019157555	0.0007674204440806302	0.0	0.00021158087943592537	0.0009681783965513486	0.0	0.0003323429513383451	0.00019969127728531688	0.0	0.00029926142280850863	0.0007485198020913644	0.0	0.0	0.0	0.0	0.0	0.0	0.002123999065440411	0.0	0.0	0.0	0.0
Sor-ACeb_003-Ex1-10E-lcwgs-1-2.clmp.fp2_repr.R2	0.0	0.0	0.0	0.0	0.0	0.0035711352281776855	0.0	0.0	0.0	0.0011427632730168593	0.0	0.0008570724547626445	0.002214103841470165	0.0022864671866950474	0.0010123162736348733	0.0007464073547995112	0.0007100126776708114	0.0	0.00037643126223989775	0.0006346593835976513	0.00036312930308224155	0.0005629069641442336	0.00033235344459418815	0.003993052089364506	0.00024314453970307188	0.0	0.000374175877629521	0.0	0.0006022717691130946	0.0007771638183612724	0.0020067225204434855	0.0	0.0	0.0	0.0	0.0	0.0	0.0
Sor-ACeb_004-Ex1-11E-lcwgs-1-2.clmp.fp2_repr.R1	0.0	0.001028669005174205	0.0005143345025871025	0.0	0.0	0.0	0.00205733801034841	0.0	0.0	0.00205733801034841	0.0004114676020696821	0.0	0.0006172014031045231	0.001749610197139902	0.0011491371025030294	0.00021721469935313465	0.0013903017186446412	0.0003793650693289664	0.00014107217675779458	0.0	0.002866413657887797	0.0	0.00032389713027142583	0.0009683682510785202	0.0	0.0	0.0	0.0	0.0	0.0	0.0	0.0	0.0	0.007374631268436578	0.0	0.0	0.0	0.0
Sor-ACeb_004-Ex1-11E-lcwgs-1-2.clmp.fp2_repr.R2	0.0	0.00205733801034841	0.0	0.0	0.0005143345025871025	0.0	0.0	0.0	0.0	0.0024688056124180925	0.0	0.0007200683036219436	0.0031888739160400355	0.004116738349373175	0.0012534613813771154	0.0	0.00023161364065375266	0.0	0.0	0.0016117230286209774	0.0	0.0002387461054541548	0.0012929125764838596	0.009660249041220283	0.006000870126168295	0.0	0.0	0.0	0.0	0.0	0.0	0.0	0.0	0.0	0.0	0.0	0.0	0.0
Sor-ACeb_005-Ex1-12E-lcwgs-1-2.clmp.fp2_repr.R1	0.0	0.008202772537117545	0.0	0.0	0.0	0.0	0.0027342575123725154	0.0	0.0	0.0005468515024745031	0.0	0.0	0.0	0.0010938525486764385	0.001648596220318399	0.0005573048736311198	0.001144086218337414	0.0011896123053496866	0.0006265153840852562	0.0	0.010235190045546596	0.0	0.0009276179698153112	0.0010746332813927246	0.0	0.0	0.0	0.0	0.0	0.0	0.014763416254521298	0.0	0.0	0.025521597652013017	0.006862946949420081	0.0	0.0	0.0
Sor-ACeb_005-Ex1-12E-lcwgs-1-2.clmp.fp2_repr.R2	0.0	0.0	0.0	0.0	0.0	0.0	0.0	0.0	0.0	0.0010937030049490062	0.0	0.0016405545074235093	0.0016405545074235093	0.004375410194705754	0.0005495290536010639	0.0	0.0005719678554065262	0.0	0.0006262485831125807	0.002681756013837861	0.0007306736811340056	0.0016287440754434257	0.005563695035329464	0.005371607829655573	0.006215890301967951	0.0	0.009800238472469497	0.0	0.0	0.0	0.004911953238205172	0.0	0.0	0.0	0.0	0.0	0.003986128273607845	0.0
Sor-ACeb_006-Ex1-1F-lcwgs-1-2.clmp.fp2_repr.R1	0.0	0.0	0.0	0.0	0.0	0.0	0.0	0.0	0.0	0.0006850253459377997	0.0	0.0	0.0006850253459377997	0.00274092752987611	0.0020709793661422486	0.0	0.002914007634700003	0.0	0.0008112668743509865	0.0	0.008508465923593977	0.0	0.0	0.0	0.0	0.0	0.0	0.0	0.0	0.0	0.006176652254478073	0.0	0.0	0.02937843622780879	0.01856406924397828	0.0	0.0	0.0
Sor-ACeb_006-Ex1-1F-lcwgs-1-2.clmp.fp2_repr.R2	0.0	0.0034251267296889986	0.0	0.0	0.0	0.0	0.0	0.0	0.0	0.0006850253459377997	0.0	0.0006850253459377997	0.0006850253459377997	0.006167255982238303	0.0006903550496020102	0.0	0.0	0.0	0.0	0.0026115570102895344	0.0009455102446035003	0.001041970574750969	0.001165650607886792	0.01837897445322551	0.0029664347903472213	0.0	0.007617016414670374	0.0	0.0	0.0	0.006181042741910561	0.0	0.0	0.0	0.0	0.0	0.0	0.0
Sor-ACeb_007-Ex1-2F-lcwgs-1-2.clmp.fp2_repr.R1	0.0	0.01342642320085929	0.0	0.0	0.0	0.0	0.0	0.0	0.0	0.0026852846401718583	0.0	0.0	0.0	0.0026859698365587358	0.0	0.0	0.0028810556187787205	0.0	0.0	0.0	0.021090574430554492	0.0	0.0	0.0027142934694099124	0.0	0.0	0.0	0.0	0.0	0.0	0.030885168941874114	0.0	0.0	0.03303873792021145	0.0	0.0	0.0	0.0
Sor-ACeb_007-Ex1-2F-lcwgs-1-2.clmp.fp2_repr.R2	0.0	0.006713211600429645	0.0	0.0	0.0	0.0	0.0	0.0	0.0	0.0013426423200859291	0.0	0.0013426423200859291	0.0	0.006714924591396839	0.002709733362237156	0.0	0.0	0.0	0.0	0.0017522340984755564	0.0	0.0021284747350048955	0.007165890361877464	0.0081537248933221	0.012334258402713539	0.0	0.003983428935627789	0.0	0.0	0.0	0.006165608237252604	0.0	0.0	0.0	0.0	0.0	0.0	0.0
Sor-ACeb_008-Ex1-3F-lcwgs-1-2.clmp.fp2_repr.R1	0.0	0.002720940356987375	0.0	0.0	0.0	0.0	0.002720940356987375	0.0	0.0	0.000544188071397475	0.000544188071397475	0.0	0.000544188071397475	0.0021775699408245366	0.0011008548137628868	0.0	0.0017850024097532532	0.0	0.0	0.0	0.005161290322580645	0.0	0.0	0.0	0.0	0.001790927162992281	0.0	0.0	0.0	0.0	0.007828401440425865	0.0	0.0	0.005783355502862761	0.01965537574526633	0.0	0.0	0.0
Sor-ACeb_008-Ex1-3F-lcwgs-1-2.clmp.fp2_repr.R2	0.0	0.0	0.0	0.0	0.0	0.0	0.0	0.0	0.0	0.00108837614279495	0.0	0.000544188071397475	0.00108837614279495	0.003266266004703423	0.0011006427753808225	0.0	0.0	0.0	0.0	0.003067743444615727	0.0	0.0009779568525436657	0.005637804864298037	0.00655677511572708	0.004588839941262849	0.0	0.002119587104432057	0.0	0.0	0.0	0.0	0.0	0.0	0.0	0.0	0.0	0.0	0.0
Sor-ACeb_009-Ex1-4F-lcwgs-1-2.clmp.fp2_repr.R1	0.0	0.0	0.0	0.0	0.0	0.0	0.00924129008409574	0.0	0.0	0.0	0.0	0.0	0.0	0.0018492150082290069	0.0	0.0019438990727601423	0.0020682951043454884	0.0022603978300180833	0.0	0.002833262501770789	0.003259877428608684	0.0	0.0	0.0	0.0	0.0	0.0	0.0	0.0	0.0	0.0	0.0	0.0	0.0	0.0	0.0	0.0	0.0
Sor-ACeb_009-Ex1-4F-lcwgs-1-2.clmp.fp2_repr.R2	0.0	0.0	0.0	0.0	0.0	0.0	0.0	0.0	0.0	0.003696516033638296	0.0	0.0	0.001848258016819148	0.0018492150082290069	0.0018754336940417472	0.0	0.0020694935949173237	0.0	0.0	0.0	0.0	0.0	0.0	0.0	0.0	0.0	0.0	0.0	0.0	0.0	0.0	0.0	0.0	0.0	0.0	0.0	0.0	0.0
Sor-ACeb_010-Ex1-5F-lcwgs-1-2.clmp.fp2_repr.R1	0.0	0.005743055688496659	0.0	0.0	0.0	0.0	0.0019143518961655533	0.0019143518961655533	0.0	0.0015314815169324425	0.0	0.0	0.0	0.0011489410593236566	0.0011595861050662315	0.0	0.00041067761806981524	0.00129971969378604	0.0	0.0005035196020181066	0.004462119395159716	0.0	0.000726158404194291	0.0	0.0	0.0	0.0	0.0	0.0	0.0	0.008516920281626164	0.0	0.0	0.03625980147758691	0.015616053302795274	0.0	0.0	0.0
Sor-ACeb_010-Ex1-5F-lcwgs-1-2.clmp.fp2_repr.R2	0.0	0.0	0.0	0.0	0.0	0.0	0.0	0.0	0.0	0.0026800926546317744	0.0	0.0003828703792331106	0.0026800926546317744	0.003063866292874979	0.000773012584644878	0.0	0.00041055790714001255	0.0	0.0	0.004530741078215693	0.0	0.0	0.0036285523527533454	0.0033890550467265963	0.013039902100427306	0.0	0.008686084892003012	0.0	0.0	0.0	0.008496657981194063	0.0	0.0	0.0	0.0	0.0	0.0067686476242046845	0.0
Sor-ACeb_011-Ex1-6F-lcwgs-1-2.clmp.fp2_repr.R1	0.0	0.0	0.0	0.0	0.0061640880231769715	0.0	0.018492264069530914	0.0	0.0	0.0	0.0	0.0	0.0	0.006165380157340501	0.0	0.0025169896803423106	0.007741635807646155	0.0	0.0	0.0	0.029601931915556594	0.0	0.0035797386790764277	0.0019355463079454177	0.0	0.0	0.0	0.0	0.0	0.0	0.02004008016032064	0.0	0.0	0.008055096862539772	0.008516799386790444	0.0	0.0	0.0
Sor-ACeb_011-Ex1-6F-lcwgs-1-2.clmp.fp2_repr.R2	0.0	0.0061640880231769715	0.0	0.0	0.0	0.0	0.0	0.0	0.0	0.0036984528139061825	0.0	0.0036984528139061825	0.0061640880231769715	0.004932243307562362	0.003722730995458268	0.0	0.0038714672861014324	0.0	0.0	0.004407616361071932	0.0	0.0016636997354717421	0.007157811856915341	0.03290556103981573	0.006283248858543124	0.0	0.007339269987278599	0.0	0.0	0.0031020256227316436	0.01002104419280489	0.0	0.0	0.0	0.0	0.0	0.0	0.0
Sor-ACeb_012-Ex1-7F-lcwgs-1-2.clmp.fp2_repr.R1	0.0	0.0032262574338348367	0.0	0.0	0.0	0.0	0.0010754191446116124	0.0	0.0	0.0017206706313785797	0.0	0.0	0.00021508382892232247	0.0010756435575404765	0.0010819021570965207	0.0004391502442773234	0.0018027600255991923	0.00023399530605416056	0.00024630481205711315	0.0	0.0037186631120061328	0.0	0.00035938903863432165	0.0004129023733628421	0.0	0.0	0.0	0.0	0.0	0.0	0.010889094571786356	0.0	0.0	0.002303828963737732	0.002718942875010196	0.0	0.0	0.0
Sor-ACeb_012-Ex1-7F-lcwgs-1-2.clmp.fp2_repr.R2	0.0	0.0010754191446116124	0.0	0.0	0.0010754191446116124	0.0	0.0	0.0	0.0	0.0019357544603009022	0.0	0.0006452514867669673	0.0025810059470678694	0.004517702941670001	0.0006491244393187656	0.0	0.00022536633297424964	0.0	0.0004926387455446983	0.001579325575335146	0.0	0.0	0.002156551243251792	0.004540557497905152	0.00670430655920621	0.0	0.0	0.0	0.0	0.0	0.004086636697997548	0.0	0.0	0.0	0.0	0.0	0.0	0.0
Sor-ACeb_013-Ex1-8F-lcwgs-1-2.clmp.fp2_repr.R1	0.0	0.01883771310162946	0.006279237700543155	0.0	0.0	0.0	0.0	0.0	0.0	0.0018837713101629463	0.0018837713101629463	0.0	0.0	0.001883996081288151	0.005048528984867034	0.0006383780091543407	0.018895462482733456	0.0	0.0006999713011766517	0.0	0.024258169525478903	0.0	0.0009161200483711387	0.001003995903696713	0.0	0.0	0.0013191915993878952	0.0	0.0	0.0	0.02660517914153955	0.0	0.0	0.035439554712418435	0.021876572378639717	0.0	0.0	0.0
Sor-ACeb_013-Ex1-8F-lcwgs-1-2.clmp.fp2_repr.R2	0.0	0.00941885655081473	0.0	0.0	0.0031396188502715774	0.0	0.0	0.0	0.0	0.0012558475401086308	0.0	0.0012558475401086308	0.0006279237700543154	0.008163931749530574	0.0	0.0	0.0	0.0	0.0006999027135228203	0.011034523345373224	0.0015641741551504344	0.0016872938337846842	0.011912179745629145	0.044187354382582145	0.025341839376811115	0.0	0.01715401667898237	0.0	0.0	0.0	0.008869336928371234	0.0	0.0	0.0	0.0	0.0	0.0	0.0
Sor-ACeb_014-Ex1-9F-lcwgs-1-2.clmp.fp2_repr.R1	0.0	0.0	0.0	0.0	0.0	0.0036176832356558863	0.0036176832356558863	0.0	0.0	0.0014470732942623544	0.0007235366471311772	0.0	0.0	0.002171191187858699	0.0014578322035133757	0.0	0.003863480068306328	0.0016282932230436056	0.0	0.0	0.012452653971877756	0.0	0.0	0.0	0.0	0.0	0.0	0.0	0.0	0.003637686431429611	0.02874979464432397	0.0	0.0	0.02829975096219153	0.031228530385360064	0.0	0.0	0.0
Sor-ACeb_014-Ex1-9F-lcwgs-1-2.clmp.fp2_repr.R2	0.0	0.0	0.0	0.0	0.0	0.0	0.0	0.0	0.0	0.0021706099413935317	0.0	0.0	0.0036176832356558863	0.004342319522344852	0.0014576940737447432	0.0	0.001544938395581476	0.0	0.0008696710903936131	0.006581050335633567	0.0	0.0	0.0026816840976133013	0.014007346074830354	0.0036222041112016663	0.0	0.002463478924937797	0.0	0.0	0.003629500580720093	0.016400836442658575	0.0	0.0	0.0	0.0	0.0	0.0	0.0
Sor-ACeb_015-Ex1-10F-lcwgs-1-2.clmp.fp2_repr.R1	0.0	0.0025869205298013247	0.0	0.0	0.0	0.0	0.0	0.0	0.0	0.003104304635761589	0.0005173841059602649	0.0	0.0	0.0	0.0	0.0	0.0016402136651667825	0.0	0.0	0.0	0.003548213119872832	0.0	0.0017770353718890774	0.0010186307565370628	0.0	0.00138060525734482	0.0	0.0	0.0	0.0	0.0064781524309267	0.0	0.0	0.015611177603163865	0.006137228427642077	0.0	0.0	0.0
Sor-ACeb_015-Ex1-10F-lcwgs-1-2.clmp.fp2_repr.R2	0.0	0.0	0.0	0.0	0.0	0.0	0.0	0.0	0.0	0.0046564569536423845	0.0	0.0	0.003104304635761589	0.00620986229630358	0.0	0.0	0.0	0.0	0.0	0.003249792013311148	0.0	0.0	0.002662879460323096	0.013223207746765398	0.00470267346986762	0.0	0.004872661122661123	0.0	0.0	0.0	0.009691487643353255	0.0	0.0	0.0	0.0	0.0	0.008177952240758915	0.0
Sor-ACeb_016-Ex1-11F-lcwgs-1-2.clmp.fp2_repr.R1	0.0	0.0015654290645387267	0.0007827145322693634	0.0	0.0	0.0	0.002739500862942772	0.0003913572661346817	0.0	0.003052586675850517	0.00031308581290774535	0.0	0.00031308581290774535	0.0014879682107338894	0.0007959647769666897	0.00041421314414286043	0.0019444987038148415	0.0008658874961997159	0.0002132814632814633	0.00048281539312036346	0.0045135774050315105	0.0	0.0009139786174702443	0.00032677923121918065	0.0	0.0	0.0	0.0	0.0	0.0	0.002593697315523279	0.0	0.0	0.008110628979277343	0.019081238372370368	0.0	0.0	0.0
Sor-ACeb_016-Ex1-11F-lcwgs-1-2.clmp.fp2_repr.R2	0.0	0.0015654290645387267	0.0	0.0	0.0	0.0003913572661346817	0.0	0.0007827145322693634	0.0003913572661346817	0.004461472833935371	0.0	0.0007827145322693634	0.004931101553296989	0.005873535727543124	0.0011142682043567887	8.283322772096799e-05	0.0007068161818496672	0.0	0.00010655357780275868	0.0010851571006049148	0.0002817329960050261	0.0008654936342943197	0.0036462748744314094	0.019541746055010016	0.0029257160690078898	0.0	0.0011895981537436654	0.0	0.0	0.0021803117845851957	0.0025497195308516064	0.0	0.0	0.0	0.0	0.0	0.0	0.0
Sor-ACeb_017-Ex1-12F-lcwgs-1-2.clmp.fp2_repr.R1	0.0	0.003896451793585466	0.0	0.0	0.0	0.00048705647419818325	0.0029223388451890997	0.0	0.0	0.001655992012273823	0.00029223388451890997	0.0	0.00029223388451890997	0.001656768288285479	0.0009875616608812014	0.0001020211408208009	0.001721007477777491	0.0005765676008214935	0.0002509747230807649	0.00041556772091580046	0.0031169300732322718	0.0	0.0	0.0002517933984806786	0.0	0.0	0.0008888059336684131	0.0	0.0	0.0	0.008074935400516797	0.0	0.0	0.010070638334604151	0.013356261582383091	0.0	0.0	0.0
Sor-ACeb_017-Ex1-12F-lcwgs-1-2.clmp.fp2_repr.R2	0.0	0.00048705647419818325	0.0	0.0	0.0	0.0	0.0	0.0	0.0	0.0024352823709909164	0.0	0.001071524243236003	0.002824927550349463	0.0044829982292156996	0.0011849370798410605	0.0	0.0007525643630671513	0.0	0.00012540395749809072	0.003460408771167321	0.00031139745837394474	0.0008946336296359914	0.002310977774696474	0.005030003973703139	0.007554718828474642	0.0	0.003991909729614647	0.0	0.0006335208555065633	0.0	0.01344423332018786	0.0	0.0	0.0	0.0	0.0	0.0	0.0
Sor-ACeb_018-Ex1-1G-lcwgs-1-2.clmp.fp2_repr.R1	0.0	0.010116849613030502	0.0	0.0	0.0	0.0	0.005058424806515251	0.007587637209772877	0.0	0.0	0.0015175274419545754	0.0	0.0	0.0020236053564833788	0.0015229817952909404	0.000512326577453532	0.004170533098393302	0.000534705029970217	0.0	0.0005777975512939776	0.007335187505730615	0.0	0.0014174846734469682	0.0007761384009996662	0.0	0.0	0.0	0.0	0.0	0.0	0.0053000724343232695	0.0	0.0	0.007578819725141472	0.008476012883539583	0.0	0.0	0.0
Sor-ACeb_018-Ex1-1G-lcwgs-1-2.clmp.fp2_repr.R2	0.0	0.007587637209772877	0.0	0.0	0.0	0.012646062016288128	0.0	0.0	0.0	0.0005058424806515251	0.0	0.0010116849613030503	0.0020233699226061006	0.008094503326334962	0.000507807540941983	0.0010247949129180524	0.0005214389629621904	0.0	0.0	0.0028900063580139875	0.0006114188586032748	0.0	0.0028354516520050187	0.007765000038825	0.0034407122274310786	0.0	0.002158405370112561	0.0	0.001379443532478998	0.0015617435304774252	0.005307386112339673	0.0	0.0	0.0	0.0	0.0	0.007053429730206314	0.0
Sor-ACeb_019-Ex1-3G-lcwgs-1-2.clmp.fp2_repr.R1	0.0	0.021360674997329916	0.0	0.0	0.0	0.0	0.010680337498664958	0.010680337498664958	0.0	0.0021360674997329917	0.0	0.0	0.0	0.006409982479381223	0.0	0.002187705097352877	0.006741270055278414	0.0	0.0	0.0	0.016549897942296023	0.0	0.0	0.0	0.0	0.0	0.0	0.0	0.0	0.0	0.006598482349059716	0.0	0.0	0.0	0.009379103357719002	0.0	0.0	0.0
Sor-ACeb_019-Ex1-3G-lcwgs-1-2.clmp.fp2_repr.R2	0.0	0.0	0.0	0.0	0.0	0.0	0.0	0.0	0.0	0.0	0.0	0.0021360674997329917	0.0021360674997329917	0.0	0.00645522227482033	0.0	0.0	0.0	0.0	0.0025926213994970316	0.0	0.0	0.0032558442404115387	0.010757700720765949	0.007904825896209637	0.0	0.0	0.0	0.005617346365576902	0.0	0.0	0.0	0.0	0.0	0.0	0.0	0.0	0.0
Sor-ACeb_020-Ex1-2G-lcwgs-1-2.clmp.fp2_repr.R1	0.0	0.0	0.0	0.0	0.0	0.0	0.0	0.0	0.0	0.0	0.0	0.0	0.0	0.0	0.0	0.0	0.0	0.0	0.0	0.0	0.014239943040227838	0.0	0.0	0.0	0.0	0.0	0.0	0.0	0.0	0.0	0.01827318410232983	0.0	0.0	0.03663898387884709	0.026663111585121982	0.0	0.0	0.0
Sor-ACeb_020-Ex1-2G-lcwgs-1-2.clmp.fp2_repr.R2	0.0	0.0	0.0	0.0	0.0	0.0	0.0	0.0	0.0	0.0	0.0	0.0	0.0	0.0	0.0	0.0	0.0	0.0	0.0	0.0	0.0	0.0	0.00846955196070128	0.0	0.010221813349688235	0.0	0.0	0.0	0.0	0.0	0.0	0.0	0.0	0.0	0.0	0.0	0.0	0.0
Sor-ACeb_021-Ex1-4G-lcwgs-1-2.clmp.fp2_repr.R1	0.0	0.0	0.0	0.0	0.0	0.0	0.0	0.0	0.0	0.0	0.0	0.0	0.0	0.0	0.0	0.0	0.0	0.0	0.0	0.0	0.0	0.0	0.0	0.0	0.0	0.0	0.0	0.0	0.0	0.0	0.0	0.0	0.0	0.0	0.0	0.0	0.0	0.0
Sor-ACeb_021-Ex1-4G-lcwgs-1-2.clmp.fp2_repr.R2	0.0	0.0	0.0	0.0	0.0	0.0	0.0	0.0	0.0	0.0	0.0	0.0	0.0	0.0	0.0	0.0	0.0	0.0	0.0	0.0	0.0	0.0	0.0	0.0	0.0	0.0	0.0	0.0	0.0	0.0	0.1023541453428864	0.0	0.0	0.0	0.0	0.0	0.0	0.0
Sor-ACeb_022-Ex1-5G-lcwgs-1-2.clmp.fp2_repr.R1	0.0	0.010161052685058172	0.0	0.0	0.0	0.0	0.010161052685058172	0.0	0.0	0.0010161052685058172	0.0	0.0	0.0	0.0010163531217286133	0.0010230493007458029	0.0	0.008572102093735937	0.0	0.0	0.0	0.019033635152405037	0.0	0.0	0.0	0.0	0.0	0.0	0.0	0.0	0.0	0.014532243415077204	0.0	0.00418848167539267	0.008913053166362137	0.009436633009342266	0.0	0.0	0.0
Sor-ACeb_022-Ex1-5G-lcwgs-1-2.clmp.fp2_repr.R2	0.0	0.0	0.0	0.0	0.0	0.0	0.0	0.0	0.0	0.0	0.0	0.0	0.0030483158055174516	0.006098180709421689	0.0010232481990831697	0.0	0.0	0.0	0.0	0.010062007118870037	0.0	0.0014991604701367234	0.013383969350710186	0.013062382205303327	0.020811221410584585	0.0	0.002569241046194954	0.0	0.0	0.0	0.025499981785727297	0.0	0.0	0.0	0.0	0.0	0.0	0.0
Sor-CPnd_001-Ex1-3E-lcwgs-1-2.clmp.fp2_repr.R1	0.0	0.017102833697775915	0.0011640672150318686	0.0	8.954363192552835e-05	0.0004477181596276418	0.0011640672150318686	0.0014326981108084536	0.0	0.0015938766482744048	0.0005909879707084871	0.0	0.0002328134430063737	0.002149462132925604	0.0019808124104020025	0.00043740282595030775	0.008743351989530255	0.00043795534264578725	0.00025561055333392846	0.00032672858309453216	0.01322913328266433	0.0	0.0006882851494172123	0.0009094441224899974	0.0	0.0003728458116222349	0.0006110404001581373	3.246928243535204e-05	0.0	7.350319922674634e-05	0.007405996741361434	0.0001254651620884429	0.0002685324299902388	0.007777916478620332	0.0037755444024709646	0.0	0.00018191917452355368	0.0
Sor-CPnd_001-Ex1-3E-lcwgs-1-2.clmp.fp2_repr.R2	0.0	0.00438763796435089	0.0	0.0	0.0002686308957765851	0.0021490471662126806	8.954363192552835e-05	0.0008954363192552836	0.0003581745277021134	0.0010566148567212345	0.0	0.0010387061303361287	0.0013252457524978196	0.006323006770632661	0.0009003431748045085	0.00032802629312976263	0.0001299304908996684	0.0	0.0002555418676847455	0.004531898749216359	0.00044786117497872126	0.0004035855436555119	0.0056449028780228986	0.015043082277078432	0.008229489811972295	0.0	0.004486047020486587	0.0001621606545063473	0.0002757464456283159	0.00044043679585167265	0.0044618412766502065	0.00025061274816927387	4.4690540353323414e-05	0.00033559057949301854	0.0	0.0003920483630860703	0.0024837405860173886	0.0
Sor-CPnd_002-Ex1-5E-lcwgs-1-2.clmp.fp2_repr.R1	0.0	0.01051110235185915	0.000154575034586164	0.0	0.0	0.0	0.0018549004150339677	0.0007728751729308199	0.0	0.0012675152836065446	0.0005873851314274231	0.0	0.00024732005533786237	0.001577355850552028	0.0020968074073007704	0.00016070292746094838	0.0031771767674132695	0.000843457162216493	0.00048394187783594596	0.00011903982477337793	0.018673079884201384	0.0	0.0007427408225706062	0.0008040696645957406	0.0	0.00024921761245789005	6.699328124382406e-05	0.0	0.0	8.190323460444423e-05	0.013048668028749105	9.369428118215948e-05	0.0002006257517196135	0.015811586127968437	0.008443113079885729	0.0	0.00026992884675599514	0.0
Sor-CPnd_002-Ex1-5E-lcwgs-1-2.clmp.fp2_repr.R2	0.0	0.00463725103758492	0.0	0.0	0.0	0.0017003253804478038	0.0	0.000618300138344656	0.000618300138344656	0.0015457503458616397	0.0	0.0007728751729308199	0.0016694103735305711	0.005505214799254508	0.0009074282388538868	0.00012851178533391378	0.00023397293735307752	0.0	0.0005578844130442301	0.007212553965359134	0.000382195953564041	0.0006398148558611382	0.007062241061449893	0.00940544243789068	0.013150684931506848	0.0	0.007477558977577337	0.0	0.0003055030260074726	0.0004894914347157116	0.007761138323541799	9.327810026089884e-05	0.00019966516152412404	0.0002140649216094257	0.0	0.0004975984654063326	0.001343840373265102	0.0
Sor-CPnd_003-Ex1-2B-lcwgs-1-2.clmp.fp2_repr.R1	0.0	0.01705205561593524	0.0005621556796462166	0.0	0.0	0.0	0.0026233931716823445	0.0	0.0	0.0014616047670801635	0.00033729340778773	0.0	3.7477045309747776e-05	0.001611846396286306	0.0016587080097124896	0.00019102437585650554	0.0011702307343939005	0.0002004163850816456	4.143808383670246e-05	0.0001289856013373227	0.03448413304426374	0.0	0.0008846656479905557	0.00025854023015251285	0.0	0.0003428214894222429	0.0003004757131490576	0.0	0.0	0.0001393428174699664	0.01856437913892099	7.734568182925632e-05	0.000244878568799042	0.02373615750450987	0.014188707985404855	0.0	0.00010397139538970039	0.0
Sor-CPnd_003-Ex1-2B-lcwgs-1-2.clmp.fp2_repr.R2	0.0	0.0014990818123899112	0.0	0.0	0.0	0.0007495409061949556	0.0	0.0	0.0	0.0017988981748678935	0.0	0.0007495409061949556	0.0019488063561068846	0.007384533263761284	0.000716201688426633	3.8197053250129966e-05	0.00019497076803274885	0.0	0.00037268840019777334	0.004037861393964256	0.0004920989047220469	0.0011691104192055846	0.01207254125030304	0.013681119435656405	0.024258198402757728	0.0	0.011216148374648146	0.0	0.0	0.0009036029429652774	0.011564729915980041	0.0002314138072276703	0.0	0.0003443126014108209	9.127435427958064e-05	0.0	0.001140985334189418	0.0
Sor-CPnd_004-Ex1-1G-lcwgs-1-2.clmp.fp2_repr.R1	0.0	0.016271334717165336	0.0015151445283190393	0.0	6.587584905734954e-05	0.00039525509434409727	0.002108027169835185	0.00026350339622939814	0.0	0.001264816301901111	0.0007773350188767246	0.0	0.00015810203773763889	0.002358705005066604	0.0029110494439101636	0.00044078447882978935	0.010647407112223806	0.0006515250399093742	0.00045605107087917245	0.00023568677875242442	0.014847541767512601	0.0	0.0007888338719222471	0.0010260617926254817	0.0	0.00037496741237159583	0.00027156747072920465	0.0	0.0	7.53189947726107e-05	0.008119499742346567	0.0	0.00012266258772674948	0.009507091829953985	0.005382748856519996	3.832798019209984e-05	0.00012417377871984286	0.0
Sor-CPnd_004-Ex1-1G-lcwgs-1-2.clmp.fp2_repr.R2	0.0	0.0070487158491364	0.0	0.0	0.00026350339622939814	0.00039525509434409727	0.0	0.00019762754717204863	0.00039525509434409727	0.0015414948679419792	0.0	0.0010540135849175926	0.001752297584925498	0.006628124277725523	0.0010453484046990926	6.678702579208077e-05	0.0002305881721017881	1.3863376425328388e-05	0.0004703415449265968	0.005936545254741134	0.0006275979301514119	0.00047959836514509284	0.00730138961389916	0.020045430411483326	0.010103907765702892	0.0	0.004848167716510915	6.648877226265724e-05	9.423836085564662e-05	0.0004521985895423549	0.004344396974905207	0.00022930507377604117	3.0691246672301584e-05	0.00013170775235123034	0.0	0.0001534480741307646	0.0022393100934414343	0.0
Sor-CPnd_005-Ex1-3D-lcwgs-1-2.clmp.fp2_repr.R1	0.0	0.02186232816685329	0.0015208576116071853	0.0	0.0004752680036272454	0.0006653752050781435	0.001330750410156287	0.0007604288058035926	0.0	0.0014067932907366465	0.001235696809430838	0.0	0.00026615008203125743	0.0030800944334137773	0.00446181373872534	0.0007863213833579491	0.019016986250699596	0.0005089103348923606	0.0005363182822559693	0.00022231128146891978	0.025925543982675055	0.0	0.001518932407507866	0.001655055557307529	0.0	0.000571465716700157	0.00044278340536353384	0.0	0.0	8.164413878088428e-05	0.011635768805181645	0.0	0.0002142429312840283	0.012726865165258984	0.007916429341507382	3.544152520477227e-05	7.47609611717734e-05	0.0
Sor-CPnd_005-Ex1-3D-lcwgs-1-2.clmp.fp2_repr.R2	0.0	0.009030092068917663	0.0	0.0	0.0	0.0018060184137835328	9.505360072544908e-05	0.0003802144029017963	0.0005703216043526945	0.0014258040108817362	0.0	0.0016159112123326342	0.0013877825705915566	0.011236707032619534	0.0008199823989824591	0.0002109811467247287	3.869311676537926e-05	0.0	0.0007349787720252778	0.010023427741493373	0.00101044073981584	0.00088662082836984	0.010258955113492674	0.028388376234056125	0.016601597627078312	2.3794312445496155e-05	0.007890649850323467	0.0001015432028249319	0.0004987614964524933	0.0009515968883325521	0.005671040703683045	0.00035201537603162506	0.00015285504175541176	0.00028745342456040383	3.350094975192546e-05	0.00042478913644262463	0.0029144736497953515	0.0
Sor-CPnd_006-Ex1-2D-lcwgs-1-2.clmp.fp2_repr.R1	0.0	0.012389149071944576	0.0010815923792967487	0.0	0.0	0.0001966531598721361	0.001769878438849225	0.0003933063197442722	0.0	0.0013765721191049528	0.000904604535411826	0.0	0.00013765721191049527	0.0017702627719049856	0.002731871016887516	0.00024114403553337745	0.0010705148105724044	0.0007013300831288673	0.0005961883690273519	0.0001844623659880911	0.026174229898276107	0.0	0.0009160975859481409	0.0010283757433585496	0.0	0.00022371793642575442	0.00010147325638503553	0.0	0.0	0.00036008670887949815	0.01648429415438961	0.0	4.760182029360803e-05	0.023741486095537966	0.011672830029003739	0.0	0.0	0.0
Sor-CPnd_006-Ex1-2D-lcwgs-1-2.clmp.fp2_repr.R2	0.0	0.00757114665507724	0.0	0.0	9.832657993606805e-05	0.0007866126394885444	9.832657993606805e-05	0.0001966531598721361	0.0003933063197442722	0.0020058622306957886	0.0	0.0008849392194246125	0.002025527546683002	0.0076121044656105976	0.0007917410325926134	0.000160714375398647	0.00020576309507201501	0.0	0.00044119528626956146	0.0031782881463670786	0.00050729502321841	0.0011702446472755432	0.011993441792411809	0.010404587368317833	0.019082272327841276	3.1878677404680366e-05	0.009714223072966295	0.0	0.00037654841414752637	0.0007575253162967219	0.009669501505528717	4.471192109240166e-05	0.0	5.0446552886148185e-05	0.0	0.00011557460225000635	0.0014233783079621307	0.0
Sor-CPnd_007-Ex1-1C-lcwgs-1-2.clmp.fp2_repr.R1	0.0	0.021735025102172435	0.0017815594346042977	0.0	0.00017815594346042978	0.00035631188692085956	0.002494183208446017	0.0	0.0	0.0011045668494546646	0.0010689356607625788	0.0	0.0003919430756129455	0.002245159276231924	0.002972494044267957	0.00036206342844377534	0.01336271904459872	0.0005642750682960925	0.00046328039582677023	0.00019867247055177303	0.018578075901897917	0.0	0.000881662003409387	0.0009629489348179865	0.0	0.00044867864140107384	0.00020838260713731266	0.0	0.0	0.00023990207197422013	0.010651533505690692	0.0	6.991872647234855e-05	0.01040013984868903	0.006163520540517347	0.0	0.00017598817359473442	0.0
Sor-CPnd_007-Ex1-1C-lcwgs-1-2.clmp.fp2_repr.R2	0.0	0.00819517339917977	0.0	0.0	0.0	0.00035631188692085956	0.0	0.0	0.0005344678303812894	0.0012114604155309225	0.0	0.0012827227929150943	0.0012114604155309225	0.007519515101752225	0.001146087882735153	0.00010863798744506992	7.364773551625221e-05	0.0	0.00042485461282033556	0.007235124861558668	0.0005334239333367801	0.0005525141305488888	0.007587363863062199	0.02234790689136944	0.013244488475860605	4.988762811766496e-05	0.006205126894844999	0.0	0.0003431518612842916	0.0009609153679795373	0.00523877119887701	6.643538295347797e-05	7.002894296212624e-05	0.0	0.00015633659581752705	0.0001661916355749815	0.001766094864019526	0.0
Sor-CPnd_008-Ex1-1A-lcwgs-1-2.clmp.fp2_repr.R1	0.0	0.04721066755416489	0.0014490402912664471	0.00037394588161714765	0.0	0.00042068911681929114	0.002150188819298599	0.04608882990931345	0.0	0.001907123996247453	0.0011031403507705856	0.0	0.00028045941121286074	0.011359352702011362	0.004597583618669111	0.0006477549143240861	0.019482122232417572	0.0006057423045409188	0.000780528442504038	0.0004216491541717967	0.029058644768159527	0.0	0.0016037957417550388	0.0018797304685312733	0.0	0.0010693027321295836	0.001919268746225309	0.0	1.061618458572463e-05	0.00022643013271824846	0.0162304286893485	0.00044585329130571595	0.0019059019885364532	0.01715605151393484	0.010113250706776974	0.0004599662893127438	0.0003593744307323134	0.0
Sor-CPnd_008-Ex1-1A-lcwgs-1-2.clmp.fp2_repr.R2	0.0	0.008413782336385822	0.00014022970560643037	9.348647040428691e-05	0.00257087793611789	0.05931716547152004	0.0	0.00018697294080857383	0.0005141755872235781	0.0010283511744471562	0.0	0.0017108024083984505	0.0013181592327004455	0.032209027896010003	0.00115214679136954	0.008182217514341896	4.714770527403661e-05	9.475886805604646e-06	0.0009721934562039715	0.01096896981124543	0.0010349259457288703	0.0010149656687862532	0.013070420091778796	0.03451905902480071	0.019709220941374894	7.145530154443489e-05	0.00938288156879297	6.29463486239456e-05	0.0005749751030456539	0.006738957763392921	0.008742433396403484	0.001252969089252568	0.000489695608626159	0.0004991437942728938	0.00026076642333603463	0.007358141418613179	0.00945261856239888	0.0
Sor-CPnd_009-Ex1-6A-lcwgs-1-2.clmp.fp2_repr.R1	0.0	0.02976129206076137	0.00026852293588656875	0.00017901529059104583	4.475382264776146e-05	0.0005370458717731375	0.0015216299700238896	0.029134738543692706	0.0	0.0009219287465438861	0.0005728489298913467	0.0	0.00017901529059104583	0.005577052621684709	0.0020304201864734307	0.00014490809702068046	0.004860333279472282	0.0004940799434399654	0.00043743313097613297	0.00021401286178387893	0.011305627328604993	0.0	0.0006026478443180881	0.0007318819349909695	0.0	0.0002931570232273	0.0006091594926968478	0.0	1.3224049785902635e-05	0.0001382288652557462	0.005698628742147752	7.574333371558469e-05	0.000635625371940159	0.005909787593218969	0.0038132994529584702	0.0001858949596812422	0.00017680183166697607	0.0
Sor-CPnd_009-Ex1-6A-lcwgs-1-2.clmp.fp2_repr.R2	0.0	0.005862750766856751	0.0	0.0	0.0013873685020806053	0.03557928900497036	4.475382264776146e-05	0.00040278440382985313	0.000581799694420899	0.0006802581042459741	0.0	0.0006713073397164219	0.000948781040132543	0.01597030096945277	0.0007906410382769991	0.003967137249453318	0.0001559141683331904	0.0	0.0002758342034792775	0.0043591130761716085	0.0003393559024970606	0.0004310093582393801	0.004801711524594176	0.013157907678480624	0.00745661528504298	2.3466788568811018e-05	0.0033648975352125556	1.2687505471486733e-05	0.0004897492827820301	0.003030376410110941	0.0033448268921765366	0.00039435424265253584	0.00020684892709052664	0.00020062390691318217	0.00021123487910323756	0.003259427521600226	0.004136526653118557	0.0
Sor-CPnd_010-Ex1-1H-lcwgs-1-2.clmp.fp2_repr.R1	0.0	0.016957822282022486	0.0011119883463621301	0.0	0.0	0.0008339912597715976	0.0033359650390863906	0.0	0.0	0.0011119883463621301	0.0011119883463621301	0.0	0.00044479533854485204	0.002279947527841774	0.0031276040095883405	0.0006766868958454808	0.009619420235252083	0.0007016468821736085	0.00030001380063482923	0.0003711100706284316	0.014282502781245217	0.0	0.001042888439442597	0.0013103316740651876	0.0	0.0004016993489256953	0.00033847791558530024	0.0	9.450250573393953e-05	0.00010023716112321753	0.006911459944899714	0.0	0.0	0.010369061791927493	0.006558649355476062	0.0	0.00031460292391957494	0.0
Sor-CPnd_010-Ex1-1H-lcwgs-1-2.clmp.fp2_repr.R2	0.0	0.008339912597715975	0.0	0.0	0.0	0.0005559941731810651	0.0	0.0	0.00027799708659053253	0.0010563889290440235	0.0	0.0012231871809983432	0.0012787865983164496	0.006617530115322975	0.0007261081107951611	0.0	0.00017181225273353294	0.0	0.0006001698480670029	0.005073042532512326	0.0006406515169666944	0.0005330316374265499	0.006815708120777129	0.018276570383363805	0.00947660844411667	0.0	0.005164711978406424	8.941009010748881e-05	0.0	0.0005016937179919409	0.005748753904362027	0.00011310042186457355	0.0	0.00025638133133697736	0.0	0.00014690953751408497	0.002681121592018459	0.0
Sor-CPnd_012-Ex1-5B-lcwgs-1-2.clmp.fp2_repr.R1	0.0	0.01539664116351233	0.0	0.0	0.0	0.0005921785062889358	0.002664803278300211	0.0	0.0	0.0018357533694957006	0.00035530710377336145	0.0	0.00017765355188668073	0.0020140760218918217	0.0013746977906215726	0.00018294222318707306	0.00747051969706101	0.00019504786474600866	0.0	0.0	0.034621744522529974	0.0	0.0007317644303945674	0.0004275492194661449	0.0	0.0002828864983932047	0.0002970123527437506	0.0	0.0	0.00022672086806885966	0.023369613570983716	0.0	0.00026032514610748825	0.02405248909096624	0.01569686897866666	0.0	0.0	0.0
Sor-CPnd_012-Ex1-5B-lcwgs-1-2.clmp.fp2_repr.R2	0.0	0.002072624772011275	0.0	0.0	0.0	0.0011843570125778715	0.0	0.0002960892531444679	0.0	0.001954189070753488	0.0	0.000414524954402255	0.0020134069213823816	0.006989974717616869	0.0010757842168111604	0.0	0.00025105537402857263	0.0	0.0008111566485440753	0.014247536128436602	0.00044263554053545627	0.001005273043757989	0.013893052742415488	0.013670633428799924	0.022539572215083195	0.0	0.011871855195024901	0.00010361019358528569	0.0	0.001359228139647099	0.012206727447478482	0.0	0.0	0.00027306922987650447	0.0	0.0	0.000967186583187718	0.0
Sor-CPnd_013-Ex1-7F-lcwgs-1-2.clmp.fp2_repr.R1	0.0	0.019997197243221028	0.0012596659680769152	0.0	0.0	0.0003149164920192288	0.0009447494760576865	0.014958533370913369	0.0	0.0007557995808461491	0.0004093914396249975	0.0	0.00018894989521153727	0.0040005367649328695	0.0018403350679020182	9.668315544169861e-05	0.005698756485217821	0.00040636104027071774	0.0002098059085539967	0.0002534985516179183	0.009370741534250061	0.0	0.0004922325700446947	0.0006880601777431454	0.0	0.0003812126947639483	0.0005026651305220278	0.0	0.0	0.00023879869926348514	0.005324533485293829	0.00013466662267556993	0.0006442966857378486	0.006933180143067315	0.0028446658045974678	0.00026130332874310484	9.312434987563242e-05	0.0
Sor-CPnd_013-Ex1-7F-lcwgs-1-2.clmp.fp2_repr.R2	0.0	0.00393645615024036	0.0	0.0001574582460096144	0.0009447494760576865	0.028814859019759435	0.0	0.00047237473802884324	0.00047237473802884324	0.0008502745284519177	0.0	0.0007557995808461491	0.0008817661776538407	0.011214032408553662	0.0007932571869894399	0.0024494234347297947	0.000197678724629583	0.0	0.00031484802285936577	0.003405932845149625	0.0004142193208460016	0.00043190879342744755	0.0036530070199302313	0.01282516417716458	0.007197126581161182	4.770193541062542e-05	0.0020132269007378475	5.31940358846966e-05	0.0005635393426538984	0.002571754953618698	0.003430004408190851	0.0004048386313215552	7.174784935821549e-05	0.00015275209633158204	8.151188239465608e-05	0.003319989306139709	0.004956513607032639	0.0
Sor-CPnd_014-Ex1-1F-lcwgs-1-2.clmp.fp2_repr.R1	0.0	0.023271837881988965	0.0009126210934113319	0.00015210351556855533	3.042070311371107e-05	0.0003650484373645328	0.0014906144525718423	0.022359216788577635	0.0	0.001028219765243434	0.0006084140622742213	0.0	0.00011559867183210205	0.004849699181739526	0.0018502032689489056	0.00028927833548999567	0.006733461356384716	0.00033654415506938684	0.00024697257122623963	0.0001603282882029243	0.009652404503591314	0.0	0.000675322069258063	0.0006808847261384914	0.0	0.0003050576266567489	0.0005070559053154049	9.35663497231325e-06	0.0	2.0839272526003244e-05	0.004838414053840417	8.169343488216306e-05	0.000519711673862611	0.0059947640468758995	0.0033620791097214516	6.006491215056111e-05	0.00014460783880532074	0.0
Sor-CPnd_014-Ex1-1F-lcwgs-1-2.clmp.fp2_repr.R2	0.0	0.00456310546705666	3.042070311371107e-05	0.00021294492179597748	0.0006692554685016435	0.029234295692276337	0.0	9.12621093411332e-05	0.00021294492179597748	0.000967378359016012	0.0	0.0008152748434474567	0.0011194818745845672	0.012328121284373614	0.0006839542202570752	0.003084014463473819	0.00015590161834610333	6.351853156334287e-06	0.0003901079038462039	0.00414366376333959	0.0004552560239166683	0.0003930031996891416	0.004270101204369049	0.01198692495960414	0.0061618455286053765	1.6965728634358095e-05	0.002912364546103087	2.810677012456452e-05	0.0002271708595493444	0.0022438822377204327	0.003389697263597875	0.00032743482877497273	9.921336205560166e-05	0.00011859712254390302	8.426757990251926e-05	0.002890881422217297	0.004450717016961747	0.0
Sor-CPnd_015-Ex1-5F-lcwgs-1-2.clmp.fp2_repr.R1	0.0	0.01258604746737902	0.00025685811157916366	0.0	0.0	0.0010274324463166546	0.0020548648926333093	0.0005137162231583273	0.0	0.001181547313264153	0.00113017569094832	0.0	0.00010274324463166546	0.0019530888614314292	0.0022414617249559656	0.00026872892829291024	0.004490063489497741	0.0005320343812440146	0.00025039813303152014	0.0002663803965338583	0.023049605026521272	0.0	0.0004907345232555001	0.00043934839361046843	0.0	0.0005034836030494995	0.000537909725838171	0.0	0.0	0.000257695429771553	0.017085956027583567	0.0001451037637014229	0.0007711955381710944	0.019694149852786228	0.009801279066918233	0.0001875416107948951	0.00020063400345090486	0.0
Sor-CPnd_015-Ex1-5F-lcwgs-1-2.clmp.fp2_repr.R2	0.0	0.005394020343162437	0.0	0.0	0.0	0.0010274324463166546	0.0	0.00025685811157916366	0.00025685811157916366	0.001335662180211651	0.0	0.0010788040686324875	0.0014897770471591493	0.0057564901856982055	0.0008861121724186641	0.00016118416634205965	0.000336572469381722	0.0	0.0002501793473196097	0.008249408903241086	0.00028423120787604675	0.0009890971065105415	0.008491397153259105	0.00991022911046485	0.015319851237665405	0.0	0.007620372367885818	0.0	0.00024227799461658297	0.0010277809182194723	0.007359545125596089	0.0002893338522053749	0.00015373877322608518	0.0003270993646094842	0.0	0.0005605360219132215	0.0010005703250852986	0.0
Sor-CPnd_016-Ex1-1B-lcwgs-1-2.clmp.fp2_repr.R1	0.0	0.03421598642500631	0.0008951856913519094	0.0	0.0	0.00039786030726751524	0.002287696766788213	0.0	0.0	0.0019097294748840735	0.0006365764916280244	0.0	1.9893015363375764e-05	0.002924501894659442	0.0031694640675466617	0.0002602207192140373	0.029346883791979944	0.00016249884219574935	4.105193110336507e-05	0.0001246485430455046	0.04018435097534454	0.0	0.0015219475710803872	0.0007967457363037195	0.0	0.000482161073483414	0.00023416681106953348	0.0	2.441757371848637e-05	0.00014985632524816832	0.021101061038080127	0.0	0.00016142853491497424	0.023145773296967462	0.01287481520937241	2.949959541304891e-05	3.0502070175502813e-05	0.0
Sor-CPnd_016-Ex1-1B-lcwgs-1-2.clmp.fp2_repr.R2	0.0	0.00338181261177388	0.0	0.0	0.0	0.0008951856913519094	0.0	9.946507681687881e-05	0.0004973253840843941	0.0011736879064391701	0.0	0.0008355066452617821	0.001273152983256049	0.012971407198733098	0.0009570284267349878	4.004933276810375e-05	6.0458712342283375e-05	0.0	0.0014173252607416309	0.017007043161297457	0.0008852943129325691	0.0009844042545951884	0.01732319998676821	0.0447263452129519	0.02822391696076921	2.298582670939272e-05	0.012332682311510424	0.0	9.780572848151716e-05	0.0010255850962974378	0.011733501940511145	7.878494703288012e-05	0.00026957491271164326	0.00033254529336175856	2.8549844888692717e-05	5.91517870346381e-05	0.0018063213286442456	0.0
Sor-CPnd_017-Ex1-3G-lcwgs-1-2.clmp.fp2_repr.R1	0.0	0.015576627270780194	0.0010817102271375135	0.0	0.0	0.00043268409085500545	0.0012980522725650162	0.00043268409085500545	0.0	0.0016874679543345211	0.0007355629544535092	0.0	0.00025961045451300326	0.0020772934943062682	0.002655281747157978	0.00048510571114953737	0.010307542870826233	0.0005093863700247423	0.0006718008244915547	0.00034974276419693316	0.016744064359997382	0.0	0.00046605624949389203	0.0010511482558049662	0.0	0.0003486587446751093	0.00022248673422847163	7.885148087023647e-05	0.0	0.00017976477778826406	0.008646878764995128	0.0	0.0	0.009343462119357406	0.006873315878505232	0.0	0.00014906839705261965	0.0
Sor-CPnd_017-Ex1-3G-lcwgs-1-2.clmp.fp2_repr.R2	0.0	0.005192209090260065	0.0	0.0	0.0	0.0	0.0	0.00043268409085500545	0.00043268409085500545	0.00160093113616352	0.0	0.0012115154543940153	0.0018605415906765234	0.006102073406644769	0.0010447123841511908	4.410174448860499e-05	9.00272332380545e-05	0.0	0.0005757687712614614	0.005844625866515739	0.00047088024259750097	0.0003854988547930449	0.006989817583235622	0.01700115669687927	0.009714721939058498	0.0	0.0048963494747181445	0.0	0.0004210005161466328	0.0003597161120443746	0.005864527492135765	0.00010294886735656133	0.0	0.0002368340965312094	0.0	0.0005524640587600773	0.0019420173377332473	0.0
Sor-CPnd_018-Ex1-1E-lcwgs-1-2.clmp.fp2_repr.R1	0.0	0.017540100980000035	0.0004248467365397933	0.0003034619546712809	6.069239093425618e-05	0.0003034619546712809	0.0018207717280276856	0.018814641189619417	0.0	0.0010560476022560576	0.0005583699965951568	0.0	0.0002306310855501735	0.0038487226186757263	0.0015997241147541943	0.00025981388170723453	0.00540233443959174	0.000466513408372879	0.000307612637048117	0.00034640998702763876	0.008229863103217617	0.0	0.000708851411827233	0.0009762911823200617	0.0	0.00027568481947055283	0.000738141848330498	0.0	0.0	0.00018599149274912166	0.004780956632264422	0.0001320305613781033	0.0006485351283281836	0.004795502000086259	0.0032359401635832473	0.0003143579866837957	0.0001504030237023885	0.0
Sor-CPnd_018-Ex1-1E-lcwgs-1-2.clmp.fp2_repr.R2	0.0	0.004005697801660909	0.00012138478186851236	6.069239093425618e-05	0.0010924630368166113	0.024398341155570984	0.0	6.069239093425618e-05	0.0004248467365397933	0.0009710782549480989	0.0	0.0007890010821453304	0.0012259862968719748	0.01097554905062715	0.0006228133602991166	0.002400444948455394	0.0002524751400353364	0.0	0.00024078727808442486	0.002952067979057226	0.0003748485827984292	0.00040629357780770306	0.003545858988279754	0.009139140937308308	0.0055969680822869385	3.678993133159317e-05	0.002566784025736288	2.060080602713662e-05	0.0003500382526177939	0.002188696870838711	0.0028533834801006274	0.000423239219038993	0.00028252737690282186	0.0001813369246103825	6.48617374773065e-05	0.0025207144965240396	0.003810890771192232	0.0
Sor-CPnd_019-Ex1-6G-lcwgs-1-2.clmp.fp2_repr.R1	0.0	0.016131368936737292	0.0006164854370727628	0.0	0.0	0.0005137378642273022	0.00226044660260013	0.00010274757284546046	0.0	0.0014384660198364465	0.0010480252430236968	0.0	0.0002876932039672893	0.0020966937606093734	0.002549348019788744	0.0002322476739867615	0.007917915726911303	0.0006504108802526286	0.00046576998182332646	0.00012114595349497595	0.020646219075842888	0.0	0.0008305309833736001	0.0008418490721371761	0.0	0.0003506629921435551	0.00023416751608145418	0.0	0.0	0.00019448154720183838	0.01267722993089884	0.0	9.155916095184904e-05	0.014196355461236198	0.007252161246919117	5.4914731151204965e-05	0.00023398654577361802	0.0
Sor-CPnd_019-Ex1-6G-lcwgs-1-2.clmp.fp2_repr.R2	0.0	0.007500572817718613	0.0	0.0	0.0	0.00041099029138184185	0.0	0.00020549514569092093	0.00010274757284546046	0.001787807767511012	0.0	0.0009658271847473284	0.0019522038840637487	0.006701203215426417	0.0009948623649370708	6.333737285022401e-05	0.0002386105749603798	0.0	0.0004192051869655134	0.008746322486359008	0.00032849618489584647	0.0005284045169074914	0.007585644417104134	0.025981943275176358	0.014785644660191813	6.375971259671949e-05	0.005554133563528748	0.00010542932931483588	0.00044345144169759124	0.0008174256463793299	0.006815734163374791	8.669511711426633e-05	0.00013748627428695036	0.00019403855352019892	0.000102986505678161	0.00016496695711848918	0.0021103625837403596	0.0
Sor-CPnd_020-Ex1-2E-lcwgs-1-2.clmp.fp2_repr.R1	0.0	0.01684337666939244	0.000872713817066966	0.0	0.0	0.0005236282902401795	0.0020072417792540214	0.0006108996719468761	0.0	0.0013788878309658062	0.0009425309224323233	0.0	0.00013963421073071456	0.0017981134124247194	0.002666469722148592	0.0001773519753906399	0.0012809858755971468	0.0005723020573335894	0.0006454509471518053	0.00017645328889324575	0.0286226740773914	0.0	0.0008636322467880077	0.0008129174911972649	0.0	0.00010228625114240957	0.0001075306684186997	0.0	0.0	0.0001256228538120569	0.01547942880243366	0.0	0.00014926921523949127	0.01973780882522309	0.01120421074611131	0.00013690959448747208	0.00014668606834397296	0.0
Sor-CPnd_020-Ex1-2E-lcwgs-1-2.clmp.fp2_repr.R2	0.0	0.00846532402554957	0.0	0.0	0.0	0.0016581562524272354	0.0	0.0006108996719468761	0.0007854424353602693	0.0015010677653551816	0.0	0.0008028967117016088	0.0017105190814512533	0.0073146133930047505	0.0009471896182404864	0.000248223077370424	0.00019837144259139466	0.0	0.0003603513387621211	0.0033680305754515217	0.0006292352862969808	0.0009297670848928064	0.010938559327652059	0.01031038904920836	0.018947403707715405	0.0	0.009514148611001305	2.8166911484072316e-05	0.0006227386801676412	0.0007508026549633217	0.008070963616823724	7.00444431992099e-05	0.00022285653796082553	0.00023710354311727932	4.222987239821756e-05	0.00013630750245580684	0.001705499260544249	0.0
Sor-CPnd_022-Ex1-7C-lcwgs-1-2.clmp.fp2_repr.R1	0.0	0.022037348437914862	0.0023010885919107884	0.0	8.850340738118417e-05	0.00044251703690592083	0.00212408177714842	8.850340738118417e-05	0.0	0.0020886804141959465	0.0010266395256217364	0.0	0.0003009115850960262	0.0025142564538041673	0.003372226945520693	0.0006887828807727709	0.01547584803940466	0.0004761279900599712	0.0006087400142091702	0.00046649936241706705	0.022624894982079532	0.0	0.001309851460586005	0.001548810044549409	0.0	0.0005332524820998569	0.0007140459988432455	0.0	2.8735219321561473e-05	5.999329274987057e-05	0.013786067799881441	0.0	0.00027384852684896537	0.014082503403271655	0.008984344310147083	3.965712450155952e-05	0.00020863176368530486	0.0
Sor-CPnd_022-Ex1-7C-lcwgs-1-2.clmp.fp2_repr.R2	0.0	0.007699796442163024	0.0	8.850340738118417e-05	0.0002655102221435525	0.000973537481193026	0.0	0.0	0.000531020444287105	0.0020886804141959465	0.0	0.0014160545180989467	0.0018762722364811045	0.008711378228566026	0.0009457143881879202	7.251429166045763e-05	0.00016682957265492767	1.9047198195239875e-05	0.0004909776956688501	0.008520056110655243	0.0008187102584395383	0.0006964518823570891	0.010212949025183053	0.027800586207293285	0.015094627192018312	0.0	0.00714795147652851	0.00011031990289642146	0.00025894682872134645	0.0014418220304999428	0.00668402211187484	0.0003278608978011681	0.0	0.000394960873739626	3.767014663481279e-05	0.0003179614853252825	0.002344212432530636	0.0
Sor-CPnd_024-Ex1-5G-lcwgs-1-2.clmp.fp2_repr.R1	0.0	0.011264994512338387	0.0	0.0	0.0	0.0	0.0016092849303340553	0.0	0.0	0.0015449135331206932	0.00115868514984052	0.0	0.00019311419164008665	0.001416717915363984	0.0027316202605575496	6.648171453682522e-05	0.004396643162945092	0.0005728681071435222	0.0004508762780463832	0.00023790453683951755	0.02343370068528876	0.0	0.0005728437683190663	0.0009195806303623045	0.0	0.00011675314182704658	0.000499291006770386	0.0	0.0	0.00015002130302502957	0.015154367169578964	0.0	0.0	0.017150675428285123	0.008873645479290355	0.0	0.00023843188120369952	0.0
Sor-CPnd_024-Ex1-5G-lcwgs-1-2.clmp.fp2_repr.R2	0.0	0.0077245676656034655	0.0	0.0	0.0	0.0	0.0	0.0003218569860668111	0.0003218569860668111	0.002059884710827591	0.0	0.00057934257492026	0.0017380277247607799	0.006761590815570205	0.0010405969384337326	0.0	0.00020604593725489118	0.0	0.0009012595101654563	0.008241743001848845	0.0005035487598852916	0.0010714993669224575	0.00905984552486546	0.009997969800009998	0.01713021912496222	0.0	0.00847012164589411	0.0	0.0008460380040271408	0.0011979939591154612	0.007165513815110635	0.0003387419125368382	0.00018037485502371027	0.0	0.0	0.0002220539546699057	0.0016704051925738558	0.0
Sor-CPnd_026-Ex1-3H-lcwgs-1-2.clmp.fp2_repr.R1	0.0	0.021796819780508143	0.000846478438077986	0.0	0.0	0.0	0.0010580980475974825	0.0	0.0	0.0014813372666364756	0.000846478438077986	0.0	8.464784380779861e-05	0.0019471872034243403	0.002762231372998976	0.0005144021896386539	0.01637631645819804	0.0003094175656352011	0.00045173116936033964	0.0	0.022215939889196807	0.0	0.0008677755136210129	0.0007962193382567998	0.0	0.00023102357884401578	6.034897397691893e-05	0.0	0.0	0.00013824642702109366	0.011316229867447777	0.0	0.00016040486187136332	0.013442678390260398	0.007065589238839276	0.0001903565377952906	0.0	0.0
Sor-CPnd_026-Ex1-3H-lcwgs-1-2.clmp.fp2_repr.R2	0.0	0.0061369686760653986	0.0	0.0	0.0	0.0002116196095194965	0.0	0.0002116196095194965	0.0002116196095194965	0.0010157741256935832	0.0	0.0012273937352130797	0.0013120415790208782	0.008593021789024807	0.0004674362650652583	8.572583420880842e-05	4.3430600506227076e-05	0.0	0.0006774807651919415	0.00791937245225452	0.00061967201237056	0.00039391810147231817	0.010104468982087021	0.025578854247761455	0.015048326150339417	0.0	0.008688249323794762	0.0	0.0003296854734646053	0.0005528714414947985	0.0065270837714940496	7.618676117888347e-05	0.0004009812813918221	0.00016909772834111745	8.944943870477213e-05	9.520019649320556e-05	0.0018210734621034615	0.0
Sor-CPnd_027-Ex1-3C-lcwgs-1-2.clmp.fp2_repr.R1	0.0	0.025961282235735305	0.001486769467244753	0.0	0.0002287337641915005	0.00011436688209575025	0.0017155032314362534	0.0	0.0	0.0018069967371128538	0.0012580357030532528	0.0	0.00018298701135320038	0.002767996380101263	0.004702845542723287	0.00043837821287969034	0.02057483385938032	0.0005415201128810448	0.0005014806814119499	0.00021851597546017037	0.027074201874059425	0.0	0.001244069610878352	0.0014374838283069315	0.0	0.0004791841016862489	0.0004067453486490389	0.0	0.0	0.00016010641312642034	0.01410888139144776	3.4483662330461074e-05	0.00017947746929589196	0.014798169822298333	0.008159614615125101	0.0	8.694121252562048e-05	0.0
Sor-CPnd_027-Ex1-3C-lcwgs-1-2.clmp.fp2_repr.R2	0.0	0.00983555186023452	0.0	0.0	0.00011436688209575025	0.0013724025851490028	0.0	0.0	0.0002287337641915005	0.0013724025851490028	2.2873376419150047e-05	0.0017155032314362534	0.0014410227144064532	0.011232035320290294	0.0008717515783291734	0.00016151689282108174	0.00011638384229151406	0.0	0.000883694780420954	0.010708140760817043	0.0009404418195668325	0.0009612806281715936	0.01096427280043857	0.03522113843345002	0.016866287576774466	2.8187689421272908e-05	0.008396856960558597	0.0	0.0002475754625483314	0.0008966567831605294	0.008033963080951806	0.0002069083240943019	3.589189934188613e-05	0.0003745685906257468	0.0001568658824156875	0.00016532628382059122	0.0020024726183635443	0.0
Sor-CPnd_028-Ex1-3A-lcwgs-1-2.clmp.fp2_repr.R1	0.0	0.024611423486870752	0.0009465932110334904	0.0	0.0003442157131030874	0.0003442157131030874	0.0018931864220669808	0.0013768628524123497	0.0	0.0017382893511705916	0.0013080197097917322	0.0	0.0001893186422066981	0.003029473680586754	0.004075911432517069	0.0005915967509506438	0.017782817220809773	0.0005190175177360814	0.000621136848505088	0.00028068084940761375	0.02592382472571324	0.0	0.0011907597046915933	0.0015564673564020272	0.0	0.00034495176884368026	0.0005491624556252859	2.4750680210568886e-05	0.0	7.991511948775474e-05	0.0148391365615838	0.0	0.0002698645010340308	0.016084228787828055	0.008807783067904734	0.000103370783419602	0.00018087133681281555	0.0
Sor-CPnd_028-Ex1-3A-lcwgs-1-2.clmp.fp2_repr.R2	0.0	0.009810147823437993	0.0	8.605392827577185e-05	0.0001721078565515437	0.003011887489652015	0.0	0.0014629167806881217	0.0011187010675850343	0.0016178138515845109	0.0	0.0013252304954468866	0.0016350246372396654	0.010826950051613052	0.0008808542697424486	0.0002610062417032641	0.0001232484632677323	0.0	0.0007306545952785466	0.010270318909303355	0.001057347856294507	0.0008525549783956621	0.010731311154879904	0.031340809249096796	0.01648784911913943	2.2976985561951584e-05	0.007800403187812478	0.00012361385602545854	0.0002562816555897464	0.0009310768995032837	0.007408060578033277	0.00025867651323604606	0.00014965346244236844	0.0004060151456142088	6.535200222196807e-05	0.000653494959834136	0.0029999768676482494	0.0
Sor-CPnd_029-Ex1-8E-lcwgs-1-2.clmp.fp2_repr.R1	0.0	0.018673308139928436	0.0019256849019301196	0.00011670817587455272	0.00017506226381182907	0.00040847861556093457	0.0019256849019301196	0.0025092257813028834	0.0	0.001458852198431909	0.0009570070421713324	0.0	0.0003384537100362029	0.002766692201173311	0.003092019439044188	0.00039421116434687335	0.012477296213947954	0.0007061725661289624	0.0005747230031053329	0.00039398250147098125	0.01767050762471759	0.0	0.0011297165666658297	0.0014270943148379145	0.0	0.0006143175072112497	0.0006687861943646108	2.0655775427104632e-05	2.1641072851858415e-05	0.00013589723089007478	0.012497062478909724	0.00012416563795435623	0.0003127250969187196	0.012371046922475778	0.0074446488906604125	0.0	0.00042368696963761407	0.0
Sor-CPnd_029-Ex1-8E-lcwgs-1-2.clmp.fp2_repr.R2	0.0	0.0063022414972258465	0.0	0.0	0.0005835408793727636	0.002917704396863818	0.0	0.00023341635174910544	0.00035012452762365814	0.001598902009481372	0.0	0.0013071315697949905	0.0016105728270688275	0.008942204872217528	0.0011169466675602239	0.0005495414614099443	0.00017126454892343103	0.0	0.0005093685279994002	0.007104408727093716	0.0007237329635389009	0.0007147314642212129	0.007654696634803991	0.023886439883719482	0.013546854722546006	5.5817006548823323e-05	0.006507461266351963	2.0643115624154923e-05	0.00034599157942993565	0.0011088080087618463	0.006324972840519245	0.0003968763844164504	0.0001821935952704625	0.00035610662599381144	0.00011569936214941647	0.0005533984970311708	0.002736594028556359	0.0
Sor-CPnd_030-Ex1-2H-lcwgs-1-2.clmp.fp2_repr.R1	0.0	0.014781650095190266	0.0010685530189294167	0.0	0.0	0.0003561843396431389	0.002315198207680403	0.0	0.0	0.0012466451887509862	0.0008904608491078472	0.0	0.00032056590567882505	0.0016388046131637338	0.002544713483182311	0.00021808530552115663	0.001003837260877599	0.0006895767033406543	0.0006754917679407633	0.00024861006257515276	0.028555756744939285	0.0	0.0006303873875970797	0.0006691617822146063	0.0	0.00023164757601080868	0.00030721060146920396	0.0	0.0	0.0001465440874223408	0.014940448306827007	8.276480807254832e-05	0.00017618165032875496	0.017473533702782706	0.010253420319866504	0.0	0.0	0.0
Sor-CPnd_030-Ex1-2H-lcwgs-1-2.clmp.fp2_repr.R2	0.0	0.0064113181135765	0.0	0.0	0.00017809216982156946	0.00017809216982156946	0.0	0.0	0.0003561843396431389	0.0014959742265011834	0.0	0.000961697717036475	0.0021727244718231474	0.0068758541378391436	0.0010751308613446734	3.634107846511275e-05	0.00018584016853473204	0.0	0.0005161525985305532	0.003394459827602837	0.0003473027168623283	0.0009608455440787894	0.011231097747826033	0.012537071709994924	0.01890404481184755	5.779538353594469e-05	0.009440346816273688	0.0	0.0002067331612394618	0.0009501048769614184	0.008380401964428297	8.253324232667812e-05	8.783556479585696e-05	9.365926758452749e-05	0.0	0.00010787009420295327	0.0010431843550164997	0.0
Sor-CPnd_031-Ex1-5D-lcwgs-1-2.clmp.fp2_repr.R1	0.0	0.01651288513129014	0.0005080887732704659	0.0	0.0	0.0007621331599056987	0.0015242663198113974	0.0007621331599056987	0.0	0.0013972441264937811	0.001752906267783107	0.0	0.0003302577026258028	0.0024901758750236628	0.003450516273912717	0.0	0.006890796193217925	0.0005414258449627093	0.0005855806617842252	0.00034610499210303776	0.036694315104798786	0.0	0.0011061004039869065	0.001020402262980112	0.0	0.00029671268309490613	0.0006583110217529196	0.0	0.0	0.00026246271389070787	0.01930059745159109	0.0	0.0003483694567576459	0.02292667320424227	0.01269181323340354	0.0	0.00024343945873670745	0.0
Sor-CPnd_031-Ex1-5D-lcwgs-1-2.clmp.fp2_repr.R2	0.0	0.010923908625315015	0.0	0.0	0.0	0.0006351109665880823	0.0	0.00038106657995284936	0.0005080887732704659	0.0014734574424843509	0.0	0.0006859198439151289	0.0014480530038208275	0.008588541767247469	0.0008689915940398422	0.00010355895896320912	0.00023755621173860266	0.0	0.0011705238679571041	0.01322754372293973	0.0006279566291288148	0.0008403758907984443	0.01390424329566951	0.013583459150123711	0.023974317689499956	0.0	0.011090690157804678	4.0254812966075255e-05	0.0002513653326987755	0.0006982003014479801	0.0103301836133253	0.0001899771837402328	0.0001488975624476377	0.0001558989836945253	0.0	5.761593334066976e-05	0.0011541921778573697	0.0
Sor-CPnd_033-Ex1-2F-lcwgs-1-2.clmp.fp2_repr.R1	0.0	0.01136019388064223	0.001514692517418964	0.0	0.0	0.0001893365646773705	0.0018933656467737048	0.0001893365646773705	0.0	0.0013253559527415934	0.0008709481975159042	0.0	0.00022720387761284458	0.0020073506909831325	0.002473741236771669	3.8469587482919504e-05	0.0010957853356527458	0.0005204602950849732	0.0004942166357438064	0.00017026522213652205	0.024266255186414787	0.0	0.000868754379969999	0.0009136902782846785	0.0	0.00022497086627281765	0.00017813605556894877	0.0	0.0	0.00014069813005150255	0.0162939731732438	0.0	0.0	0.015095506358754713	0.011535716729722067	0.0	0.00034250094187759017	0.0
Sor-CPnd_033-Ex1-2F-lcwgs-1-2.clmp.fp2_repr.R2	0.0	0.008709481975159042	0.0	0.0	0.000378673129354741	0.000757346258709482	0.0	0.000378673129354741	0.0009466828233868524	0.0016282944562253864	0.0	0.0007194789457740079	0.0013253559527415934	0.006400780516478601	0.0009513328553837067	0.00019229534103001845	7.823149873949498e-05	0.0	0.00045262423300766334	0.0022533160947566183	0.0003972149056217384	0.0006439381046693792	0.00929564087423335	0.009317026511497666	0.018423796303100204	0.0	0.00781251387165105	0.0	0.0001321546897073963	0.0005605204432315405	0.008114073450974991	0.00015840680769096732	0.00025351669914497267	9.051100704356656e-05	9.731147847275473e-05	0.0	0.0014784958465639756	0.0
Sor-CPnd_034-Ex1-4G-lcwgs-1-2.clmp.fp2_repr.R1	0.0	0.008510666156026697	0.001309333254773338	0.0	0.0	0.0003273333136933345	0.0016366665684666723	0.0003273333136933345	0.0	0.0016366665684666723	0.0010474666038186703	0.0	6.54666627386669e-05	0.002030311901753862	0.0021187548872060973	0.00027114967462039046	0.00786724584581322	0.000440951455654247	7.754769377036111e-05	0.00016448342336059372	0.014884222636451111	0.0	0.0009009378763292587	0.000538114082337912	0.0	0.0	0.0	0.0	0.0	0.00016308291951042507	0.008555589506307564	0.0	0.0	0.010148360392029003	0.005348824770174954	0.0	0.0	0.0
Sor-CPnd_034-Ex1-4G-lcwgs-1-2.clmp.fp2_repr.R2	0.0	0.0055646663327866865	0.0	0.0	0.0	0.0003273333136933345	0.0	0.0	0.0	0.0021603998703760077	0.0	0.0007201332901253359	0.0023567998585920084	0.006025465450832529	0.0007945630697679346	0.00013558356862731805	0.0002809695134029482	0.0	0.00031013233346669026	0.006002228224450447	0.0005253218252832141	0.0003739299760030438	0.0073066124842982895	0.020445628616993113	0.010641718776387414	0.0	0.004928457446099992	0.00014265355585386	0.0	0.00016316141558844166	0.004367941406686795	0.0	0.0	0.00021613677134890957	0.0002328906857699133	0.00025231880986263764	0.0013622938849352094	0.0
Sor-CPnd_036-Ex1-5C-lcwgs-1-2.clmp.fp2_repr.R1	0.0	0.011269244528192111	0.0005241509082880053	0.0	0.0	0.0	0.0017034904519360168	0.0	0.0	0.001310377270720013	0.0010483018165760105	0.0	0.0003406980903872034	0.0017039227184540335	0.002745290375170327	5.366637973042305e-05	0.006361479068668449	0.000598189195848567	0.0004745448225380318	0.00021716557354824038	0.03132314369630697	0.0	0.0006900714696125213	0.0008463305990443388	0.0	0.00025802811474338243	0.0007727887445592264	0.0	0.0	0.00021197095362022542	0.020910971122227694	0.0	0.0001238350987058613	0.021179280649654825	0.01412024635676879	0.0	0.0	0.0
Sor-CPnd_036-Ex1-5C-lcwgs-1-2.clmp.fp2_repr.R2	0.0	0.006551886353600065	0.0	0.0	0.00013103772707200132	0.0009172640895040091	0.0	0.00013103772707200132	0.00039311318121600396	0.001310377270720013	0.0	0.000707603726188807	0.001624867815692816	0.007444825715057161	0.0006863115426778873	0.00010732547335229239	0.00013767152839902057	0.0	0.0006522474520101525	0.009766681724926216	0.0003257497701020998	0.0012019032653307912	0.01208472371164325	0.01314454891328787	0.023576191136246403	4.296641873610842e-05	0.011626665940000044	0.0	0.00025169237956016257	0.0011647835117481653	0.011196330722898613	0.0001759991176577568	0.0001236944055494258	0.0004571037514504882	0.0	0.0	0.001643303070472661	0.0
Sor-CPnd_037-Ex1-6C-lcwgs-1-2.clmp.fp2_repr.R1	0.0	0.01958690710683302	0.00030133703241281564	0.0	0.00010044567747093857	0.0005022283873546928	0.002310250581831587	0.00020089135494187713	0.0	0.0015870417040408293	0.0007834762842733208	0.0	0.00026115876142444026	0.002230585018145106	0.002573027900739472	0.00028848337284868674	0.008039966016899543	0.0005862330337103535	0.0005376643992910894	0.0003010057760692999	0.019751514442575828	0.0	0.000851639056786518	0.0010193108439384133	0.0	0.0001742765996195542	0.0004539974933285068	0.0	0.0	0.0001378048242712881	0.011461780728205135	3.772998311205956e-05	0.00019771254494006148	0.012657655246141594	0.006156780449209182	0.0	0.00019516831559497305	0.0
Sor-CPnd_037-Ex1-6C-lcwgs-1-2.clmp.fp2_repr.R2	0.0	0.005624957938372559	0.0	0.00010044567747093857	0.0	0.0012053481296512626	0.0	0.00010044567747093857	0.0009040110972384469	0.0014263286200873275	0.0	0.0010848133166861365	0.001607130839535017	0.007937689738415946	0.0011143788300440585	0.00018547071850119875	0.00021103925224572143	0.0	0.0006049759947765924	0.008337587046724765	0.00038362956728982495	0.0006215721847939079	0.009448296905760208	0.024473655398051127	0.013875867660517545	5.812858508048484e-05	0.00714871632076169	0.0	0.0003299725627814047	0.0015867102667052996	0.006641153568374827	0.00018890678885661523	0.00015839658306891004	0.000332518662609939	4.374160434581588e-05	0.00013892355546129336	0.001321231505205652	0.0
Sor-CPnd_038-Ex1-2A-lcwgs-1-2.clmp.fp2_repr.R1	0.0	0.020997488377351787	0.0008075957068212225	0.0	0.0	0.0008075957068212225	0.0025573864049338716	0.00026919856894040754	0.0	0.0013459928447020375	0.0014805921291722412	0.0	0.00032303828272848905	0.0026923256066280748	0.003890243269879143	0.00029943885159211634	0.0016530861051225006	0.0009240141189357374	0.0007998825315367971	0.0003215232015526648	0.047150400178523656	0.0	0.00130504588032029	0.0013486433963182693	0.0	0.0003510947485354083	0.00043565897776977455	0.0	0.0	0.00020089212173419723	0.028988682335271604	4.320042578339652e-05	0.00017953377770935547	0.031066244913194374	0.015256437314808543	5.112307163773783e-05	0.00016052266178677774	0.0
Sor-CPnd_038-Ex1-2A-lcwgs-1-2.clmp.fp2_repr.R2	0.0	0.00969114848185467	0.00013459928447020377	0.0	0.0	0.0014805921291722412	0.0	0.00013459928447020377	0.0008075957068212225	0.0014536722722782005	0.0	0.0012921531309139562	0.0017767105550066898	0.010500010500010499	0.0013776575283851477	0.00013607908263102919	0.0002203329285633825	0.0	0.0008849491839341186	0.004964283440727332	0.0005992030000895809	0.0012019260402515784	0.01833332009436735	0.016739884514490832	0.03250246988268269	0.00010505926918671167	0.016618049518891176	0.0	0.00034795074409266625	0.0011209698631255763	0.015516766405453936	0.00030115376308835766	0.00017873731914576073	0.00023246482923366108	9.701475885526465e-05	0.0002544762370089881	0.002080022186903327	0.0
Sor-CPnd_041-Ex1-7A-lcwgs-1-2.clmp.fp2_repr.R1	0.0	0.018609357599160253	0.001090392046825796	0.0002180784093651592	0.0	0.00029077121248687895	0.001381163259312675	0.017082808733604137	0.0	0.0009013907587093248	0.000537926743100726	0.0	0.00013084704561909554	0.003475193443953054	0.0013572404179191344	0.00016193547636779904	0.004389354233427649	0.00022827666035507067	0.00014027092549977362	0.00014427139180054385	0.005512134392788738	0.0	0.0005352962766753748	0.000651809506995499	0.0	0.0002048979628634736	0.00032397981994497526	0.0	0.0	5.150447136068118e-05	0.0021159258040998946	5.8800130418689275e-05	0.00022078285816656866	0.002103566019401664	0.0012823457988336516	3.98214406600802e-05	0.00017325445058198336	0.0
Sor-CPnd_041-Ex1-7A-lcwgs-1-2.clmp.fp2_repr.R2	0.0	0.004361568187303184	0.0	7.269280312171974e-05	0.001090392046825796	0.021153605708420443	0.0	0.0002180784093651592	0.00014538560624343947	0.000814159394963261	0.0	0.0006833123493441655	0.0009450064405823566	0.00952408648742966	0.0006129794009731778	0.0018697846626422618	8.95875657236779e-05	0.0	0.00014028034871824287	0.002308457354135954	0.0004303862633947378	0.00013723866541573621	0.0021233847109163387	0.006164784886256925	0.00376464015891853	2.0492504559069953e-05	0.0014257055136136516	2.2827506231909202e-05	0.00016950810684628713	0.001133606618407659	0.0015947025082470865	0.00017649628401782022	9.467790261935886e-05	0.00027163735869339717	0.0	0.0016734261128582477	0.0028187215146508473	0.0
Sor-CPnd_043-Ex1-1D-lcwgs-1-2.clmp.fp2_repr.R1	0.0	0.022649325763701135	0.0018615884189343399	0.0	6.205294729781133e-05	6.205294729781133e-05	0.0019856943135299625	0.0002482117891912453	0.0	0.0016133766297430946	0.0011417742302797284	0.0	0.00033508591540818116	0.002519667369153239	0.0038484028194221047	0.00028861368806883564	0.013929530795754605	0.0006840792809165113	0.0006849033601358848	0.0004449827387150355	0.019738326580517065	0.0	0.001355206563677842	0.0015555868367461941	0.0	0.0002951499000753616	0.0005790564479553432	0.0	0.0	0.0001347328353736055	0.011320733470924818	0.0	0.00013213600494717202	0.010303648045864634	0.007290106887547185	2.572346605184153e-05	0.00013582294989518545	0.0
Sor-CPnd_043-Ex1-1D-lcwgs-1-2.clmp.fp2_repr.R2	0.0	0.009121783252778265	0.0	6.205294729781133e-05	0.0004343706310846793	0.0017374825243387172	0.0	0.00012410589459562266	0.0004964235783824906	0.0014768601456879096	0.0	0.0011914165881179775	0.0012534695354157889	0.010128364609210209	0.0009715437331692504	0.00010041081831177032	0.0001651324381207471	1.291281294524993e-05	0.0005402922269343318	0.008311030045587888	0.0007345824654056704	0.0006567053975330433	0.009110459456096726	0.023629554527944695	0.012799715463432764	3.282978462512243e-05	0.005643888376505669	5.3196082711397244e-05	0.0003508724628458379	0.004625928173213254	0.005961005758613503	0.00023172012590407716	8.824635735583028e-05	0.0005323390166309652	0.00019480081494920937	0.00020621883840021612	0.002397894648498618	0.0
Sor-CPnd_044-Ex1-8G-lcwgs-1-2.clmp.fp2_repr.R1	0.0	0.015245287274466337	0.0024016548446077106	0.0	0.0	0.0002088395517050183	0.001983975741197674	0.0006265186551150549	0.0	0.0019630917860271723	0.0010233138033545898	0.0	0.0002923753723870256	0.002841159544060744	0.0031832491107456583	0.0006021884819839185	0.014883177026753177	0.0008507575766285398	0.0006480722730198872	0.00017606763009197018	0.02020222319648883	0.0	0.0013849085046936612	0.0014031486031032033	0.0	0.0006590791623450731	0.0004748733549291124	0.0	4.04283300714409e-05	0.00017029370981866702	0.012964199072678465	0.0	4.99394982978122e-05	0.014464858313017423	0.008388956777298364	0.0	0.00044403226972803653	0.0
Sor-CPnd_044-Ex1-8G-lcwgs-1-2.clmp.fp2_repr.R2	0.0	0.008144742516495714	0.0	0.0	0.0004176791034100366	0.000730938430967564	0.0	0.0004176791034100366	0.0005220988792625458	0.0021928152929026924	0.0	0.001587180592958139	0.0021928152929026924	0.007959434875945626	0.0015811093273855512	0.0001505536610886535	0.0003322231175020011	0.0	0.00043207856916701736	0.008929440566775488	0.0013222080981014942	0.0007525029082843882	0.009605932812687847	0.02778128551584796	0.015174476859087372	6.938592416326646e-05	0.0070152977336203765	0.0	0.0007683886525981444	0.0010222509966947217	0.006643009175431997	0.0001420134477267434	4.9964575116242584e-05	0.000528241089233126	5.596293462913644e-05	0.00011936721054346698	0.0035593454109550293	0.0
Sor-CPnd_045-Ex1-7B-lcwgs-1-2.clmp.fp2_repr.R1	0.0	0.022580728049391062	0.0002335937384419765	0.0	0.0	0.0003114583179226353	0.0019466144870164705	0.0	0.0	0.0017441665803667578	0.0003581770656110306	0.0	1.5572915896131763e-05	0.002242966547555797	0.0018324868914538137	0.00030104713701003784	0.022727250762917244	0.00014795995283036704	0.0	1.7262576563842705e-05	0.030682038663625184	0.0	0.000845617652287283	0.00040682954442646435	0.0	0.00020608817441324635	0.00014893629696706125	0.0	0.0	0.00016465191526636092	0.01666976178325508	0.0	2.6227974075221306e-05	0.018971799347053907	0.010081283543341143	2.9747509092326155e-05	9.328569958211115e-05	0.0
Sor-CPnd_045-Ex1-7B-lcwgs-1-2.clmp.fp2_repr.R2	0.0	0.0014794270101325178	0.0	0.0	7.786457948065882e-05	0.0007007812153259294	0.0	7.786457948065882e-05	0.000467187476883953	0.0012925520193789366	0.0	0.0005761978881568753	0.0014794270101325178	0.008784986520341605	0.000861506015896509	7.924011895526657e-05	0.00012889762241890566	0.0	0.0008083130960361842	0.011829935608883332	0.000496834542918431	0.0009855491123761425	0.012578306538782828	0.03799632211110667	0.021351728340440912	0.0	0.009370448544204985	0.0	2.2749883008726625e-05	0.0007772789583519802	0.008932402215821481	2.531339886297275e-05	0.0001313465676383598	0.00027301771393531556	2.8445496295685246e-05	0.0001489957241207092	0.0013406702291080708	0.0
Sor-CPnd_046-Ex1-5A-lcwgs-1-2.clmp.fp2_repr.R1	0.0	0.0104219707053292	0.0005955411831616686	0.0	0.0	0.0002977705915808343	0.00208439414106584	0.0002977705915808343	0.0	0.001191082366323337	0.0010124200113748366	0.0	0.00011910823663233372	0.0015488359901827627	0.002581480220758583	0.0001835958345777051	0.00447647611799991	0.0007207377209224919	0.00034317019251161457	0.0002169591155010779	0.021502183887288764	0.0	0.0003473262391948978	0.0003714523974466362	0.0	0.0001056821040038722	0.0003380095070807358	0.0	0.0	0.0	0.01603045786995291	0.0	0.0004855170270821398	0.016377559640176394	0.008837679446319382	0.0	0.0002118015842758504	0.0
Sor-CPnd_046-Ex1-5A-lcwgs-1-2.clmp.fp2_repr.R2	0.0	0.007444264789520857	0.0	0.0	0.0002977705915808343	0.0002977705915808343	0.0	0.0005955411831616686	0.0008933117747425029	0.0016079611945365052	0.0	0.0009528658930586698	0.0019057317861173395	0.006493239584456495	0.0009005666365277033	0.00036720605155572965	0.00031517186952388876	0.0	0.0005488022391131356	0.01026227335371816	0.0002293357061934401	0.0010558427086751285	0.008583512373263139	0.009456632993636242	0.01791394575934346	0.0	0.008886329226124458	0.0	0.00025342503940759366	0.0006726062280646294	0.009283207819602993	0.0	0.0	0.0005157572433806855	0.00018354247998928112	0.00019705559529510058	0.0012677190143062093	0.0
Sor-CPnd_049-Ex1-3B-lcwgs-1-2.clmp.fp2_repr.R1	0.0	0.02163674024037891	0.0005277253717165587	0.0	0.0	0.0	0.0018470388010079556	0.0	0.0	0.0017414937266646438	0.00010554507434331175	0.0	0.0	0.0015834485292138337	0.001113909440223376	5.3644615153530894e-05	0.014084038035636985	5.5862457691171104e-05	0.0	0.0	0.02329767170814349	0.0	0.0010650775709308378	0.0005563456436397523	0.0	0.0001521676278588493	0.0	0.0	0.0	9.204602669518865e-05	0.012869402656515642	0.0	0.0	0.015048193820736412	0.007899262855152654	0.0	0.0	0.0
Sor-CPnd_049-Ex1-3B-lcwgs-1-2.clmp.fp2_repr.R2	0.0	0.00026386268585827937	0.0	0.0	0.0	0.00026386268585827937	0.0	0.0	0.00026386268585827937	0.0013193134292913968	0.0	0.000422180297373247	0.0014776310408063644	0.006281068858460599	0.000636571679562548	5.364956533122168e-05	0.00021838424051966713	0.0	0.0006321919012769126	0.008602252603664559	0.0007376136232318787	0.000447069808673282	0.00885249677016988	0.026217715525964233	0.015340054846148702	0.0	0.006617943717179385	0.0	0.0	0.0010131096387251029	0.008325572479916978	0.00010183807542331542	0.00010733057064444495	0.0	0.0	0.0	0.0006767181874780067	0.0
Sor-CPnd_050-Ex1-3F-lcwgs-1-2.clmp.fp2_repr.R1	0.0	0.01775717205936722	0.0013872790671380641	0.0	0.00013872790671380641	0.0004855476734983224	0.001664734880565677	0.0013872790671380641	0.0	0.0015953709272087736	0.0005549116268552257	0.0	0.00013872790671380641	0.002012015199734136	0.0023457288814936372	0.0004246217186648988	0.011966023430283173	0.00047530973856181965	0.0004145211996120696	0.0002390704558165125	0.016801728633635566	0.0	0.0009165469350853801	0.0009683151780692879	0.0	0.0004957354893372684	0.000612820615830246	0.0	2.5002418984036707e-05	0.00018378197576650866	0.010044058649576314	0.00011613120503544906	0.0005811549199963785	0.010817810313732645	0.007626019980172348	0.00010933032261920468	0.00019355860199589886	0.0
Sor-CPnd_050-Ex1-3F-lcwgs-1-2.clmp.fp2_repr.R2	0.0	0.0048554767349832245	6.936395335690321e-05	0.0	0.00041618372014141924	0.0021502825540639994	6.936395335690321e-05	0.0011791872070673545	0.0011791872070673545	0.00151213418318049	0.0	0.0010265865096821673	0.0014427702298235867	0.00799259020283279	0.0009355332420792799	0.00021230833511200537	0.00013005224054000002	0.0	0.0004297824502634259	0.006341283412031104	0.0008305640942158686	0.0005048286863852751	0.00729191209691574	0.022412641503992758	0.012278875532859272	2.1536156838354344e-05	0.006055615040696228	4.7613674075830486e-05	0.00022481570732392123	0.0007081424845624938	0.005374828108862596	0.00043495078966765703	0.0001832713570694177	0.00035472496883257433	6.829675074793479e-05	0.00047306340577996146	0.0025143501700667773	0.0
Sor-CPnd_052-Ex1-6D-lcwgs-1-2.clmp.fp2_repr.R1	0.0	0.011349587564094769	0.0005404565506711795	0.0	0.0	0.00013511413766779487	0.0013511413766779487	0.0004053424130033846	0.0	0.0014322098592786257	0.0006215250332718563	0.0	0.00027022827533558974	0.0014867006517425348	0.0017171331181556574	0.00019445319483821216	0.0042324338267550445	0.0005341525254731405	0.000464934918410121	0.0003903397419529023	0.009287218012130958	0.0	0.00046179262509481184	0.0008603725904958328	0.0	0.00018582093365728116	0.0002974129534246358	0.0	0.0	6.0634944888898586e-05	0.006690079780825192	6.96903934580234e-05	0.00014987661407746074	0.008388253541415792	0.004353671363987823	0.0	0.00010259935465005925	0.0
Sor-CPnd_052-Ex1-6D-lcwgs-1-2.clmp.fp2_repr.R2	0.0	0.004323652405369436	0.0	0.0	0.00027022827533558974	0.0016213696520135383	0.0	0.00027022827533558974	0.0	0.0013241185491443897	0.0	0.0007025935158725333	0.0015132783418793025	0.0065144149676928265	0.0007358919296367391	0.00013888946759500387	0.00034314980061566795	0.0	0.0002479254066828913	0.004813103609535018	0.0003769240258227223	0.00065230508308736	0.0041171692499017845	0.011963109376005036	0.008071419409276808	0.0	0.0038668610012195484	0.0	0.0006800550617915031	0.0035176202449961856	0.0035734519806020033	0.00020913778764288467	7.494768651481266e-05	8.068439733192835e-05	8.713624972552081e-05	0.0	0.0009246246024114211	0.0
Sor-CPnd_053-Ex1-2C-lcwgs-1-2.clmp.fp2_repr.R1	0.0	0.01601619840102504	0.0010285632000658282	0.0	0.0	0.00044081280002821203	0.0020571264001316564	0.0	0.0	0.0014693760000940401	0.001057950720067709	0.0	0.00029387520001880797	0.0021751386356942603	0.002777761360748459	0.00017943232993777584	0.0015838491249690466	0.0006548757840968094	0.0007695558572499536	0.00036370405467199345	0.044296432409801176	0.0	0.0012911565368673148	0.0014209957108972705	0.0	0.0003323669763495969	0.0004322425260944813	0.0	0.0	0.0003405840432483349	0.023378775722992445	0.00010579653950098946	0.00011052233407696444	0.026513037699455615	0.015435568654857039	0.0	0.00020256049975726502	0.0
Sor-CPnd_053-Ex1-2C-lcwgs-1-2.clmp.fp2_repr.R2	0.0	0.007493817600479604	0.0	0.0	0.0	0.0007346880000470201	0.0	0.0	0.00044081280002821203	0.001645701120105325	0.0	0.0009991756800639474	0.0019689638401260137	0.008641673027898202	0.0008864912911095562	8.970841177835564e-05	0.00018272788984919163	0.0	0.0008332198338367369	0.004460213409648135	0.0004442442687363438	0.0011691621783829708	0.017128579642922526	0.0158346631127497	0.030217875667394475	0.0	0.014447246203932153	0.0	0.00018645810705865133	0.0010192289678462381	0.014668519283791842	0.00021102811844164173	0.0001101988483118363	0.0003462767744087613	0.0002423347988530294	0.00025590402575418117	0.0019550948423249716	0.0
Sor-CPnd_054-Ex1-8F-lcwgs-1-2.clmp.fp2_repr.R1	0.0	0.012921461740359377	0.0010767884783632815	0.0	0.0	0.0	0.0018843798371357427	0.002961168315499024	0.0	0.0018305404132175785	0.0005383942391816407	0.0	5.383942391816408e-05	0.0023162836898075975	0.001966554372770214	0.00028117230857648646	0.0073797928386724575	0.00043078911334369283	0.00019493975386906677	0.00027561135766843815	0.013588044283803564	0.0	0.000931470054507934	0.001007730206804561	0.0	0.00043021808830441376	0.00034812355601249997	0.0	0.0	0.0001403837811809926	0.006712871109891192	0.00015843541855468875	0.0001684942678250086	0.00916234599174311	0.006528731217896405	0.0	0.0006635509264276851	0.0
Sor-CPnd_054-Ex1-8F-lcwgs-1-2.clmp.fp2_repr.R2	0.0	0.003230365435089844	0.0	0.0	0.0005383942391816407	0.001615182717544922	0.0	0.000807591358772461	0.000807591358772461	0.0017228615653812505	0.0	0.0011844673261996097	0.002045898108890235	0.006733397327541534	0.0010924872383834467	0.0007310356694796544	0.00035143620261468534	0.0	0.0004549043563590755	0.005512557606226985	0.0006609875594797	0.0004717785974494076	0.006603884608122947	0.01960162895032361	0.009828848962361464	0.00010751555212461482	0.004176290502767373	0.0	0.0005278047544652282	0.0012625483275443155	0.00596047016188637	0.0001582794391842911	0.0	0.00017947457024814154	0.00019188407131947162	0.000620008928128565	0.001328953692608581	0.0
Sor-CPnd_055-Ex1-7G-lcwgs-1-2.clmp.fp2_repr.R1	0.0	0.012815075410616375	0.001423897267846264	0.0	0.00010170694770330456	0.00010170694770330456	0.0015256042155495683	0.00010170694770330456	0.0	0.0019527733959034477	0.0008950211397890801	0.0	0.00026443806402859187	0.002238373329334106	0.0027731381920494745	0.00029344801840841344	0.010684782301338057	0.00047066522926999827	0.0003278600992854055	0.0002946805012613553	0.01449662598136473	0.0	0.0006923048298934917	0.001284151159267459	0.0	0.000171807431358636	0.0003643496940919968	3.866318182521149e-05	4.111395802429342e-05	8.753957335838132e-05	0.008211709057281804	4.9786763292816865e-05	5.321251962876818e-05	0.01042093754270876	0.004648175896761567	0.0	0.0002138450407553007	0.0
Sor-CPnd_055-Ex1-7G-lcwgs-1-2.clmp.fp2_repr.R2	0.0	0.008136555816264365	0.0	0.0	0.00040682779081321825	0.00020341389540660913	0.0	0.00020341389540660913	0.0005085347385165228	0.001891749227281465	0.0	0.0008136555816264365	0.001891749227281465	0.0076104615765295	0.0010270899071366931	2.096082756700967e-05	0.00023745190789370012	0.0	0.0004215840740526479	0.0058944206116099945	0.0005685791774933619	0.0005453194549532048	0.006779653193332053	0.01850006375641807	0.01102126975400526	0.0	0.004227457628848171	0.0	0.00037025548451221306	0.0004380218756885156	0.004389663929197523	0.00019934664138286765	0.0001065316129898257	0.00017104289413699165	0.0	0.0	0.00128562245553889	0.0
Sor-CPnd_058-Ex1-2G-lcwgs-1-2.clmp.fp2_repr.R1	0.0	0.014852249431803749	0.00058627300388699	0.0	0.0	0.0003908486692579933	0.0031267893540639466	0.00019542433462899666	0.0	0.0016024795439577729	0.0005081032700353914	0.0	3.908486692579934e-05	0.0015637234914661746	0.0016511037038580395	0.00023902239839058254	0.0013020955192858657	0.0006281309711700446	0.00034712338847966897	0.00031650477447452293	0.02146471825780406	0.0	0.0005300167008262431	0.0007339950957835369	0.0	0.00019215975393302976	0.00013677495595846418	0.0	0.0	0.00024971511667106443	0.014437164469603532	0.0	0.0	0.0171259364020065	0.007396776198605827	0.0	0.0	0.0
Sor-CPnd_058-Ex1-2G-lcwgs-1-2.clmp.fp2_repr.R2	0.0	0.0058627300388699	0.00019542433462899666	0.0	0.0	0.0007816973385159867	0.0	0.00019542433462899666	0.00058627300388699	0.0014461400762545754	0.0	0.0008598670723675854	0.0021887525478447626	0.0055120391143677755	0.0011005173217496025	7.964437195036722e-05	0.0004066568093056091	0.0	0.0005202588808190956	0.0030718427216526512	0.00018932715495717655	0.0006983156626217563	0.008888479736647043	0.009410465339058502	0.017936122210378116	6.392296515623093e-05	0.007097203019586916	7.272018581461879e-05	0.0006987311818106299	0.0012453879134272745	0.007465412477370468	9.527938297071588e-05	0.00010229572056082606	0.0	0.00011894906125400858	0.0	0.0012643645865527801	0.0
Sor-CPnd_063-Ex1-7D-lcwgs-1-2.clmp.fp2_repr.R1	0.0	0.01790769056767379	0.0011519567031836942	0.0	0.0	0.0003141700099591893	0.0013614033764898204	0.0003141700099591893	0.0	0.001549905382465334	0.0008168420258938922	0.0	0.00023039134063673885	0.0019484045709152222	0.0024062994386356705	0.00017167919853282957	0.008798100314180162	0.0005220996851738899	0.00037706555331777625	0.00017191743444174235	0.011994953386635105	0.0	0.0009644760767382553	0.0010176660846015748	0.0	0.00026689343712374284	0.0002820980904427635	0.0	0.0	0.00016775047452415482	0.007574319670151744	0.0	0.00010075115020031848	0.00886403854191401	0.004821288053020394	0.0	6.61880827033331e-05	0.0
Sor-CPnd_063-Ex1-7D-lcwgs-1-2.clmp.fp2_repr.R2	0.0	0.006388123535836849	0.0	0.0	0.0004188933466122524	0.0029322534262857672	0.0	0.0003141700099591893	0.0005236166832653155	0.0016965180537796224	0.0	0.0007958973585632795	0.001822186057763298	0.006934689264116335	0.000781048965648411	0.0001287732991139753	0.00021996440975850107	0.0	0.0003770957686555169	0.004789442594846314	0.0007706475751574048	0.0003504386953329114	0.005986309791815437	0.016973039509164844	0.007393341569220951	0.0	0.005079603381745951	3.73081289562939e-05	0.0002766871691859033	0.0033987787055184838	0.004235417901996888	4.738379834213566e-05	5.041750737860221e-05	5.3774889707701214e-05	5.746317328881853e-05	6.178151954118573e-05	0.0017906504172878676	0.0
Sor-CPnd_066-Ex1-8B-lcwgs-1-2.clmp.fp2_repr.R1	0.0	0.021913072999853397	0.0003086348309838507	0.0	0.0	0.000462952246475776	0.0013888567394273281	0.0003086348309838507	0.0	0.0019443994351982592	0.00021604438168869547	0.0	6.172696619677013e-05	0.001975776974295142	0.002238306944627084	0.000283971870377569	0.021797908239190124	0.00019885077508717948	0.0	7.069233599643145e-05	0.031917004076738434	0.0	0.0011835426033913231	0.0004514846868707432	0.0	0.0002661130332849747	0.0001382419676808712	0.0	0.0	0.00010300857134322147	0.018089976761337546	0.0	0.00017362990092099087	0.020198841008591442	0.01107981622613905	0.0	0.0	0.0
Sor-CPnd_066-Ex1-8B-lcwgs-1-2.clmp.fp2_repr.R2	0.0	0.0016974915704111788	0.0	0.0	0.00015431741549192535	0.0007715870774596266	0.0	0.00015431741549192535	0.0003086348309838507	0.0011110853915418625	0.0	0.0007098601112628567	0.0013888567394273281	0.00861321656404899	0.0005907576280024091	9.467700623732117e-05	9.675696456630948e-05	3.315120063703347e-05	0.0008891673426618387	0.01248046171344365	0.0005857769690801288	0.000797587487751335	0.013577266288476652	0.03391974243992182	0.023867071937233444	0.0	0.00954565891562237	4.781975395780194e-05	4.963712777738344e-05	0.0010821283919572097	0.009692625946570605	0.00011132863489384537	0.00011585129559400146	0.0003621460776561906	0.0	6.61384409846691e-05	0.0012481234810163887	0.0
Sor-CPnd_069-Ex1-6B-lcwgs-1-2.clmp.fp2_repr.R1	0.0	0.02045713329945255	0.00025732243143965466	0.0	0.0	0.0005146448628793093	0.0020585794515172373	0.0006433060785991367	0.0	0.0014152733729181008	0.0001543934588637928	0.0	5.146448628793094e-05	0.001827443987554849	0.0014769165713148598	0.00028900648241540056	0.011714131236334071	0.00024722809236331654	0.0	8.711527354341085e-05	0.02923912793254551	0.0	0.0010505800156759273	0.00036178188762002114	0.0	0.0002107762150282739	7.270199886875691e-05	0.0	0.0	0.0002426733871016668	0.01646329734646925	0.0	0.0	0.01923315020097933	0.009661178525763307	0.0	0.0	0.0
Sor-CPnd_069-Ex1-6B-lcwgs-1-2.clmp.fp2_repr.R2	0.0	0.0010292897257586186	0.0	0.0	0.0	0.000771967294318964	0.0	0.0	0.0005146448628793093	0.0013638088866301699	0.0	0.000771967294318964	0.00164686356121379	0.007876076879776319	0.000932774428714528	0.0001839135543238602	0.00021445841075058567	0.0	0.0009032773442516982	0.01161694179941201	0.0005980732472267344	0.0005858303065434162	0.012417965803469454	0.03500348883457792	0.01961991097932939	3.514792708070456e-05	0.008948233378656498	7.530914403626888e-05	3.902533446662905e-05	0.0006882552082700746	0.009207363704740446	0.0	0.00027273805827775915	4.732860772961356e-05	4.938059451272957e-05	0.00010359350323703799	0.0011936787116083084	0.0
Sor-CPnd_072-Ex1-8C-lcwgs-1-2.clmp.fp2_repr.R1	0.0	0.02938046096457082	0.0023435776255786066	0.0	0.0002858021494608057	0.0002858021494608057	0.002172096335902123	0.0002858021494608057	0.0	0.001920590444376614	0.0016805166388295374	0.0	0.00035439466533139903	0.003705045448557502	0.005583192036365114	0.0006763514756065095	0.026033160672397995	0.0007865358613160609	0.000865796903588691	0.0003037928922336486	0.03861218695042971	0.0	0.0019006964069590649	0.002249765918886658	0.0	0.0008625000873653105	0.0007796959827769743	3.140624114245855e-05	3.2264022952625926e-05	0.00026517343088179943	0.022567988407037262	1.751672409232715e-05	0.0003246294760317942	0.022237142014086372	0.01358216682627794	3.99139136709944e-05	0.00028948587308939323	0.0
Sor-CPnd_072-Ex1-8C-lcwgs-1-2.clmp.fp2_repr.R2	0.0	0.010231716950696843	0.0	0.0	0.00022864171956864452	0.000857406448382417	0.0	5.716042989216113e-05	0.0003429625793529668	0.0016919487248079695	0.0	0.001909158358398182	0.001669084552851105	0.012636127110519113	0.0014046408874382964	0.00013997255837992962	0.00015424123043687287	0.0	0.0009775553296316572	0.015107741115369196	0.0013884466188989126	0.0013446479019498725	0.016840627199131455	0.04664698096547153	0.0274022943272621	1.4877976785595262e-05	0.014134816163254068	7.856485269325815e-05	0.00048427494677818334	0.0013931263147629596	0.011862903694527503	0.0002980129547984468	0.0001624362550501883	0.0005954475430252717	0.00017303040451816993	0.00029955252843302674	0.0037285437840825155	0.0
Undetermined.clmp.fp2_repr.R1	0.0	0.029408838724340018	0.001762655397018986	0.00027225728266057586	0.0002986409780936626	0.00037273986739509767	0.0020163879573542034	0.03504821328435681	0.0	0.0014271895163633982	0.0008550562741208024	0.003798578516098113	0.00042730359497160895	0.012941076352479614	0.0029468927378828724	0.0006165507475284634	0.008367006115899828	0.00062750724208931	0.003230246449115402	0.0004962173406128454	0.014362385064180973	1.291142781179394e-07	0.0021080204217114374	0.0014938942209621118	0.00040296976020643424	0.0005607300591323111	0.001136027055145081	0.0006618402725706354	1.8526963802090263e-05	0.00025864371593450647	0.0050602104338441315	0.00014541711861916227	0.0008732729178354517	0.005477465641633793	0.003564251435256361	0.00021240412664047338	0.004357576271878884	0.0
Undetermined.clmp.fp2_repr.R2	0.0	0.006305141853285749	3.143589243091185e-05	0.00014763642338088957	0.0020450170736752123	0.04209209860976899	0.002302679120564293	0.06231828861295086	0.03095368829523054	0.0030676940170794127	9.992122951254125e-06	0.0014530118565745042	0.001471536578899863	0.020791536343243947	0.002364846895313868	0.004959690387104268	0.0002306470078649242	0.002931883066633481	0.005531008347793744	0.004154177435745495	0.009341837086306735	0.0005067415116730071	0.004137398179650861	0.012608045480818023	0.006957246157378721	6.924642125308467e-05	0.003161043266360826	4.699040268330968e-05	0.00046763473396851306	0.0033331929594786515	0.0032061587594449485	0.0007508631399384875	0.0002639418010541361	0.00037236872918474404	0.0001850425630640109	0.004607432830010245	0.016152012587624352	0.0
