Sample	32	37	42	47	52	57	62	67	72	77	82	87	92	97	102	107	112	117	122	127	132	137	142	147	150
Sor-ACeb_001-Ex1-8E-lcwgs-1-2.clmp.r1	611.0	3350.0	7707.0	14458.0	21924.0	31038.0	40373.0	49743.0	57164.0	60735.0	60831.0	57130.0	50384.0	39178.0	30604.0	25135.0	20855.0	17453.0	14905.0	13258.0	11369.0	9838.0	8264.0	8885.0	43528.0
Sor-ACeb_001-Ex1-8E-lcwgs-1-2.clmp.r2	613.0	3383.0	7702.0	14495.0	21915.0	31060.0	40345.0	49686.0	57058.0	60752.0	60699.0	57021.0	50209.0	39060.0	30529.0	24966.0	20788.0	17424.0	14874.0	13156.0	11209.0	9902.0	8445.0	9569.0	43860.0
Sor-ACeb_002-Ex1-9E-lcwgs-1-2.clmp.r1	236.0	1317.0	2812.0	4307.0	5726.0	6775.0	7714.0	8472.0	8982.0	8745.0	7584.0	5882.0	5094.0	4060.0	3261.0	2892.0	2593.0	2241.0	1991.0	1715.0	1511.0	1366.0	1193.0	1381.0	11874.0
Sor-ACeb_002-Ex1-9E-lcwgs-1-2.clmp.r2	239.0	1323.0	2826.0	4306.0	5712.0	6750.0	7684.0	8470.0	8989.0	8744.0	7554.0	5892.0	5081.0	4029.0	3243.0	2890.0	2595.0	2237.0	1971.0	1716.0	1525.0	1377.0	1220.0	1445.0	11906.0
Sor-ACeb_003-Ex1-10E-lcwgs-1-2.clmp.r1	1295.0	6630.0	12616.0	18165.0	21924.0	24379.0	25078.0	24823.0	23697.0	22192.0	19945.0	17352.0	15174.0	12775.0	10460.0	8635.0	6893.0	5293.0	4074.0	3232.0	2397.0	1925.0	1563.0	1331.0	4570.0
Sor-ACeb_003-Ex1-10E-lcwgs-1-2.clmp.r2	1285.0	6614.0	12620.0	18179.0	21866.0	24374.0	25096.0	24820.0	23633.0	22141.0	19935.0	17363.0	15131.0	12804.0	10442.0	8590.0	6903.0	5272.0	4055.0	3240.0	2384.0	1932.0	1592.0	1421.0	4726.0
Sor-ACeb_004-Ex1-11E-lcwgs-1-2.clmp.r1	1106.0	5785.0	10457.0	14313.0	16693.0	18604.0	20079.0	21999.0	23587.0	23707.0	18658.0	12971.0	8897.0	4065.0	2037.0	1457.0	1051.0	939.0	765.0	694.0	733.0	553.0	525.0	717.0	2287.0
Sor-ACeb_004-Ex1-11E-lcwgs-1-2.clmp.r2	1104.0	5774.0	10478.0	14309.0	16670.0	18613.0	20039.0	21950.0	23553.0	23685.0	18677.0	12932.0	8846.0	4071.0	2017.0	1442.0	1045.0	946.0	752.0	710.0	720.0	571.0	576.0	759.0	2440.0
Sor-ACeb_005-Ex1-12E-lcwgs-1-2.clmp.r1	64.0	352.0	817.0	1282.0	1754.0	2182.0	2596.0	3104.0	3390.0	3525.0	3213.0	2661.0	2365.0	1767.0	1484.0	1166.0	1014.0	939.0	861.0	695.0	652.0	609.0	594.0	712.0	7838.0
Sor-ACeb_005-Ex1-12E-lcwgs-1-2.clmp.r2	62.0	355.0	820.0	1285.0	1740.0	2180.0	2592.0	3106.0	3381.0	3529.0	3217.0	2658.0	2355.0	1764.0	1478.0	1150.0	1013.0	943.0	862.0	702.0	643.0	602.0	605.0	701.0	7893.0
Sor-ACeb_006-Ex1-1F-lcwgs-1-2.clmp.r1	89.0	435.0	842.0	1260.0	1530.0	1769.0	1925.0	2086.0	2210.0	2240.0	1994.0	1819.0	1645.0	1455.0	1294.0	1129.0	904.0	738.0	706.0	567.0	533.0	492.0	397.0	420.0	3974.0
Sor-ACeb_006-Ex1-1F-lcwgs-1-2.clmp.r2	93.0	438.0	842.0	1255.0	1534.0	1771.0	1918.0	2093.0	2203.0	2243.0	1987.0	1799.0	1647.0	1462.0	1287.0	1121.0	904.0	730.0	703.0	578.0	532.0	490.0	406.0	435.0	3982.0
Sor-ACeb_007-Ex1-2F-lcwgs-1-2.clmp.r1	54.0	256.0	477.0	724.0	828.0	994.0	1034.0	1169.0	1112.0	1180.0	989.0	909.0	830.0	614.0	555.0	470.0	446.0	363.0	303.0	316.0	253.0	265.0	205.0	263.0	2035.0
Sor-ACeb_007-Ex1-2F-lcwgs-1-2.clmp.r2	54.0	257.0	475.0	719.0	834.0	994.0	1031.0	1168.0	1097.0	1180.0	993.0	911.0	822.0	612.0	553.0	478.0	447.0	356.0	294.0	312.0	253.0	262.0	194.0	294.0	2054.0
Sor-ACeb_008-Ex1-3F-lcwgs-1-2.clmp.r1	151.0	783.0	1510.0	2143.0	2574.0	2876.0	3045.0	3010.0	2977.0	2772.0	2441.0	2123.0	1996.0	1631.0	1343.0	1153.0	923.0	805.0	625.0	534.0	501.0	376.0	359.0	345.0	2664.0
Sor-ACeb_008-Ex1-3F-lcwgs-1-2.clmp.r2	152.0	785.0	1503.0	2148.0	2561.0	2871.0	3054.0	3005.0	2963.0	2774.0	2442.0	2120.0	1996.0	1635.0	1335.0	1141.0	911.0	800.0	628.0	528.0	505.0	369.0	374.0	389.0	2671.0
Sor-ACeb_009-Ex1-4F-lcwgs-1-2.clmp.r1	65.0	278.0	562.0	835.0	909.0	958.0	1000.0	958.0	911.0	892.0	755.0	645.0	573.0	422.0	371.0	287.0	210.0	163.0	141.0	112.0	104.0	94.0	75.0	53.0	278.0
Sor-ACeb_009-Ex1-4F-lcwgs-1-2.clmp.r2	65.0	278.0	567.0	836.0	906.0	962.0	989.0	948.0	918.0	889.0	753.0	644.0	575.0	422.0	368.0	282.0	208.0	162.0	138.0	112.0	103.0	98.0	79.0	66.0	283.0
Sor-ACeb_010-Ex1-5F-lcwgs-1-2.clmp.r1	169.0	945.0	1662.0	2469.0	2991.0	3562.0	3987.0	4382.0	4568.0	4466.0	4112.0	3822.0	3232.0	2697.0	2143.0	1782.0	1504.0	1279.0	1053.0	926.0	701.0	677.0	505.0	472.0	3508.0
Sor-ACeb_010-Ex1-5F-lcwgs-1-2.clmp.r2	171.0	943.0	1661.0	2463.0	2985.0	3567.0	3980.0	4368.0	4566.0	4465.0	4099.0	3832.0	3228.0	2678.0	2136.0	1779.0	1497.0	1274.0	1065.0	922.0	701.0	677.0	492.0	495.0	3570.0
Sor-ACeb_011-Ex1-6F-lcwgs-1-2.clmp.r1	38.0	182.0	346.0	541.0	673.0	760.0	810.0	888.0	952.0	918.0	886.0	855.0	776.0	668.0	656.0	650.0	534.0	453.0	425.0	386.0	295.0	363.0	292.0	341.0	5660.0
Sor-ACeb_011-Ex1-6F-lcwgs-1-2.clmp.r2	38.0	184.0	347.0	539.0	673.0	765.0	805.0	881.0	947.0	920.0	880.0	855.0	775.0	677.0	666.0	645.0	527.0	457.0	425.0	383.0	303.0	355.0	293.0	384.0	5624.0
Sor-ACeb_012-Ex1-7F-lcwgs-1-2.clmp.r1	219.0	1011.0	2032.0	3185.0	4068.0	5255.0	6220.0	7239.0	7886.0	7987.0	7585.0	6927.0	6532.0	5729.0	4783.0	4053.0	3430.0	2854.0	2406.0	1963.0	1664.0	1354.0	1178.0	1059.0	5872.0
Sor-ACeb_012-Ex1-7F-lcwgs-1-2.clmp.r2	221.0	1005.0	2042.0	3179.0	4058.0	5266.0	6206.0	7224.0	7893.0	7964.0	7552.0	6914.0	6562.0	5719.0	4742.0	4041.0	3427.0	2859.0	2415.0	1971.0	1663.0	1335.0	1176.0	1105.0	5952.0
Sor-ACeb_013-Ex1-8F-lcwgs-1-2.clmp.r1	48.0	307.0	535.0	881.0	1180.0	1417.0	1694.0	1984.0	2079.0	2141.0	2075.0	1865.0	1678.0	1472.0	1259.0	1054.0	937.0	814.0	681.0	647.0	565.0	512.0	438.0	541.0	11821.0
Sor-ACeb_013-Ex1-8F-lcwgs-1-2.clmp.r2	47.0	307.0	537.0	884.0	1167.0	1421.0	1691.0	1980.0	2086.0	2131.0	2073.0	1865.0	1675.0	1463.0	1268.0	1053.0	925.0	815.0	677.0	637.0	557.0	521.0	459.0	565.0	11821.0
Sor-ACeb_014-Ex1-9F-lcwgs-1-2.clmp.r1	78.0	422.0	860.0	1241.0	1625.0	1761.0	2027.0	2348.0	2367.0	2331.0	2100.0	1833.0	1599.0	1292.0	986.0	879.0	746.0	635.0	568.0	448.0	388.0	361.0	306.0	283.0	3686.0
Sor-ACeb_014-Ex1-9F-lcwgs-1-2.clmp.r2	78.0	416.0	857.0	1245.0	1632.0	1759.0	2014.0	2358.0	2363.0	2330.0	2090.0	1826.0	1606.0	1295.0	983.0	865.0	743.0	644.0	568.0	440.0	394.0	363.0	311.0	287.0	3703.0
Sor-ACeb_015-Ex1-10F-lcwgs-1-2.clmp.r1	102.0	529.0	966.0	1500.0	1984.0	2289.0	2669.0	2932.0	3127.0	3177.0	2937.0	2837.0	2489.0	2323.0	1865.0	1636.0	1440.0	1170.0	910.0	762.0	689.0	592.0	454.0	412.0	2945.0
Sor-ACeb_015-Ex1-10F-lcwgs-1-2.clmp.r2	102.0	530.0	971.0	1497.0	1987.0	2295.0	2649.0	2922.0	3130.0	3173.0	2926.0	2849.0	2482.0	2315.0	1840.0	1638.0	1445.0	1164.0	910.0	758.0	687.0	593.0	459.0	446.0	2968.0
Sor-ACeb_016-Ex1-11F-lcwgs-1-2.clmp.r1	1703.0	8057.0	14221.0	18796.0	21399.0	23086.0	25076.0	28272.0	30342.0	30642.0	25487.0	18812.0	13793.0	6040.0	3161.0	2287.0	1803.0	1460.0	1236.0	1128.0	1073.0	932.0	809.0	960.0	4595.0
Sor-ACeb_016-Ex1-11F-lcwgs-1-2.clmp.r2	1709.0	8074.0	14215.0	18721.0	21386.0	23054.0	25037.0	28247.0	30211.0	30607.0	25491.0	18799.0	13775.0	6014.0	3153.0	2251.0	1799.0	1456.0	1221.0	1138.0	1070.0	934.0	809.0	1054.0	4945.0
Sor-ACeb_017-Ex1-12F-lcwgs-1-2.clmp.r1	1071.0	5322.0	9208.0	12574.0	14477.0	15688.0	17145.0	17990.0	18248.0	17797.0	15574.0	13365.0	11585.0	9342.0	7191.0	5985.0	5000.0	4278.0	3388.0	2735.0	2332.0	2014.0	1704.0	1645.0	11470.0
Sor-ACeb_017-Ex1-12F-lcwgs-1-2.clmp.r2	1070.0	5323.0	9193.0	12556.0	14468.0	15660.0	17115.0	17958.0	18259.0	17771.0	15499.0	13359.0	11557.0	9339.0	7191.0	5991.0	4987.0	4259.0	3379.0	2743.0	2344.0	2020.0	1708.0	1759.0	11620.0
Sor-ACeb_018-Ex1-1G-lcwgs-1-2.clmp.r1	43.0	275.0	572.0	905.0	1171.0	1506.0	1938.0	2228.0	2484.0	2668.0	2697.0	2718.0	2595.0	2430.0	2239.0	1961.0	1728.0	1535.0	1319.0	1194.0	1024.0	859.0	788.0	804.0	6197.0
Sor-ACeb_018-Ex1-1G-lcwgs-1-2.clmp.r2	46.0	271.0	565.0	914.0	1175.0	1491.0	1928.0	2227.0	2473.0	2669.0	2703.0	2713.0	2594.0	2417.0	2239.0	1962.0	1718.0	1536.0	1318.0	1180.0	1019.0	854.0	816.0	865.0	6185.0
Sor-ACeb_019-Ex1-3G-lcwgs-1-2.clmp.r1	19.0	134.0	199.0	344.0	407.0	459.0	470.0	579.0	585.0	627.0	578.0	500.0	477.0	386.0	345.0	344.0	280.0	306.0	269.0	236.0	232.0	202.0	213.0	242.0	1892.0
Sor-ACeb_019-Ex1-3G-lcwgs-1-2.clmp.r2	21.0	132.0	198.0	347.0	408.0	449.0	477.0	573.0	581.0	628.0	581.0	508.0	471.0	381.0	348.0	339.0	282.0	305.0	269.0	234.0	223.0	199.0	223.0	250.0	1898.0
Sor-ACeb_020-Ex1-2G-lcwgs-1-2.clmp.r1	24.0	105.0	211.0	300.0	347.0	410.0	409.0	475.0	526.0	486.0	444.0	401.0	398.0	328.0	288.0	278.0	254.0	236.0	218.0	205.0	153.0	165.0	157.0	183.0	1334.0
Sor-ACeb_020-Ex1-2G-lcwgs-1-2.clmp.r2	24.0	106.0	207.0	303.0	341.0	410.0	411.0	482.0	517.0	482.0	444.0	397.0	396.0	328.0	292.0	280.0	253.0	236.0	213.0	199.0	154.0	163.0	163.0	199.0	1335.0
Sor-ACeb_021-Ex1-4G-lcwgs-1-2.clmp.r1	2.0	21.0	42.0	57.0	63.0	61.0	82.0	82.0	72.0	61.0	61.0	80.0	52.0	37.0	37.0	35.0	39.0	27.0	18.0	23.0	25.0	12.0	17.0	14.0	104.0
Sor-ACeb_021-Ex1-4G-lcwgs-1-2.clmp.r2	2.0	23.0	41.0	56.0	63.0	61.0	86.0	81.0	68.0	60.0	63.0	80.0	50.0	38.0	37.0	34.0	40.0	28.0	16.0	22.0	24.0	12.0	18.0	17.0	104.0
Sor-ACeb_022-Ex1-5G-lcwgs-1-2.clmp.r1	55.0	255.0	519.0	724.0	1040.0	1157.0	1387.0	1505.0	1746.0	1551.0	1436.0	1255.0	1143.0	942.0	847.0	660.0	593.0	521.0	455.0	408.0	358.0	352.0	337.0	417.0	5385.0
Sor-ACeb_022-Ex1-5G-lcwgs-1-2.clmp.r2	56.0	253.0	518.0	735.0	1051.0	1150.0	1379.0	1516.0	1741.0	1552.0	1420.0	1244.0	1145.0	941.0	847.0	662.0	588.0	521.0	446.0	408.0	364.0	348.0	346.0	411.0	5406.0
Sor-CPnd_001-Ex1-3E-lcwgs-1-2.clmp.r1	2204.0	10555.0	17913.0	25777.0	32864.0	39306.0	44174.0	49038.0	52916.0	55924.0	55833.0	52352.0	50052.0	45498.0	41884.0	39974.0	38290.0	37157.0	36156.0	35061.0	34360.0	34743.0	33767.0	41144.0	359241.0
Sor-CPnd_001-Ex1-3E-lcwgs-1-2.clmp.r2	2234.0	10563.0	17937.0	25755.0	32870.0	39273.0	44099.0	48998.0	52861.0	55781.0	55702.0	52193.0	50006.0	45431.0	41684.0	39799.0	38227.0	37011.0	36019.0	34946.0	34351.0	34752.0	33834.0	42384.0	359473.0
Sor-CPnd_002-Ex1-5E-lcwgs-1-2.clmp.r1	3122.0	13942.0	22795.0	29603.0	33277.0	36384.0	37482.0	37842.0	37374.0	36212.0	32622.0	29217.0	26648.0	24417.0	21038.0	19211.0	18191.0	17480.0	16546.0	15765.0	15487.0	15268.0	15123.0	18784.0	162589.0
Sor-CPnd_002-Ex1-5E-lcwgs-1-2.clmp.r2	3138.0	13918.0	22722.0	29625.0	33357.0	36344.0	37444.0	37749.0	37181.0	36015.0	32569.0	29141.0	26584.0	24305.0	20966.0	19166.0	18082.0	17381.0	16538.0	15784.0	15381.0	15201.0	15147.0	19412.0	163269.0
Sor-CPnd_003-Ex1-2B-lcwgs-1-2.clmp.r1	1136.0	5506.0	9730.0	13430.0	16587.0	18675.0	20050.0	21120.0	22182.0	22769.0	21386.0	20161.0	19672.0	18070.0	17055.0	16372.0	16068.0	15653.0	15251.0	15022.0	14977.0	15250.0	15297.0	19051.0	206475.0
Sor-CPnd_003-Ex1-2B-lcwgs-1-2.clmp.r2	1124.0	5523.0	9746.0	13427.0	16552.0	18613.0	20004.0	21110.0	22117.0	22731.0	21367.0	20102.0	19569.0	18002.0	17021.0	16292.0	16028.0	15609.0	15201.0	14984.0	14871.0	15172.0	15232.0	19407.0	207141.0
Sor-CPnd_004-Ex1-1G-lcwgs-1-2.clmp.r1	2483.0	11244.0	19916.0	30219.0	39451.0	47579.0	54863.0	60576.0	65268.0	69072.0	68004.0	66349.0	64669.0	63445.0	61264.0	59695.0	57664.0	55347.0	53635.0	51497.0	49963.0	49150.0	47909.0	55214.0	519267.0
Sor-CPnd_004-Ex1-1G-lcwgs-1-2.clmp.r2	2510.0	11288.0	19937.0	30250.0	39485.0	47573.0	54820.0	60553.0	65122.0	68925.0	67754.0	66185.0	64454.0	63250.0	60991.0	59418.0	57554.0	55187.0	53458.0	51382.0	49689.0	49010.0	48155.0	58421.0	518372.0
Sor-CPnd_005-Ex1-3D-lcwgs-1-2.clmp.r1	1068.0	4735.0	7649.0	11340.0	14356.0	17456.0	20399.0	23465.0	26576.0	29666.0	30644.0	30063.0	30378.0	29433.0	28709.0	28893.0	29478.0	30121.0	31116.0	31451.0	32729.0	34998.0	36770.0	48383.0	583024.0
Sor-CPnd_005-Ex1-3D-lcwgs-1-2.clmp.r2	1092.0	4730.0	7690.0	11339.0	14377.0	17475.0	20372.0	23494.0	26570.0	29603.0	30523.0	29977.0	30295.0	29320.0	28573.0	28745.0	29454.0	30200.0	31042.0	31307.0	32632.0	35051.0	36868.0	49301.0	582870.0
Sor-CPnd_006-Ex1-2D-lcwgs-1-2.clmp.r1	2417.0	11770.0	21036.0	29923.0	36046.0	40601.0	44099.0	46422.0	47375.0	48109.0	44441.0	40897.0	40098.0	36560.0	34247.0	33316.0	31520.0	29931.0	29292.0	28374.0	28741.0	28949.0	28335.0	36090.0	349651.0
Sor-CPnd_006-Ex1-2D-lcwgs-1-2.clmp.r2	2436.0	11783.0	21033.0	29918.0	36030.0	40557.0	44058.0	46332.0	47153.0	47962.0	44352.0	40738.0	39914.0	36423.0	34091.0	33159.0	31476.0	29831.0	29235.0	28367.0	28551.0	28714.0	28528.0	36768.0	350831.0
Sor-CPnd_007-Ex1-1C-lcwgs-1-2.clmp.r1	1090.0	4913.0	8271.0	11487.0	13890.0	15576.0	16748.0	18235.0	18831.0	19432.0	19315.0	19352.0	19192.0	19016.0	18623.0	18405.0	17787.0	17485.0	17309.0	16809.0	16288.0	16551.0	16507.0	19455.0	240704.0
Sor-CPnd_007-Ex1-1C-lcwgs-1-2.clmp.r2	1097.0	4929.0	8292.0	11500.0	13896.0	15579.0	16745.0	18207.0	18827.0	19412.0	19241.0	19278.0	19149.0	19042.0	18574.0	18351.0	17767.0	17430.0	17199.0	16744.0	16239.0	16554.0	16602.0	20747.0	239870.0
Sor-CPnd_008-Ex1-1A-lcwgs-1-2.clmp.r1	901.0	3513.0	5780.0	8439.0	10864.0	13478.0	15621.0	17933.0	19925.0	21977.0	23395.0	24989.0	26516.0	27822.0	28544.0	30031.0	30790.0	32105.0	33176.0	34311.0	36533.0	41565.0	47165.0	73768.0	1760718.0
Sor-CPnd_008-Ex1-1A-lcwgs-1-2.clmp.r2	907.0	3541.0	5814.0	8504.0	10926.0	13462.0	15639.0	17970.0	19949.0	21937.0	23340.0	25036.0	26491.0	27753.0	28470.0	29947.0	30824.0	32033.0	32998.0	34200.0	36488.0	41721.0	47481.0	86142.0	1748286.0
Sor-CPnd_009-Ex1-6A-lcwgs-1-2.clmp.r1	2920.0	14006.0	24161.0	34148.0	41751.0	48526.0	54148.0	58019.0	61404.0	64703.0	66996.0	68147.0	69653.0	69911.0	70035.0	70663.0	69736.0	68205.0	67639.0	66494.0	65303.0	66184.0	67416.0	78898.0	1070494.0
Sor-CPnd_009-Ex1-6A-lcwgs-1-2.clmp.r2	2926.0	14012.0	24141.0	34176.0	41762.0	48540.0	54103.0	58008.0	61323.0	64636.0	66842.0	67969.0	69567.0	69586.0	69819.0	70506.0	69541.0	67960.0	67349.0	66376.0	65118.0	66084.0	67511.0	84081.0	1067624.0
Sor-CPnd_010-Ex1-1H-lcwgs-1-2.clmp.r1	602.0	2759.0	4700.0	7033.0	8592.0	10407.0	11766.0	12675.0	13800.0	14076.0	14180.0	14202.0	14173.0	13784.0	13611.0	13389.0	12773.0	12238.0	11962.0	11504.0	11067.0	10969.0	10936.0	12620.0	134411.0
Sor-CPnd_010-Ex1-1H-lcwgs-1-2.clmp.r2	599.0	2780.0	4711.0	7030.0	8598.0	10410.0	11744.0	12674.0	13765.0	14038.0	14169.0	14197.0	14139.0	13762.0	13595.0	13320.0	12779.0	12218.0	11900.0	11448.0	11060.0	10948.0	10976.0	13457.0	133912.0
Sor-CPnd_012-Ex1-5B-lcwgs-1-2.clmp.r1	1216.0	5514.0	8913.0	11255.0	12357.0	13510.0	13753.0	13911.0	13830.0	13741.0	12930.0	12000.0	11504.0	10830.0	9588.0	9001.0	8770.0	8390.0	8468.0	8254.0	8436.0	8551.0	8650.0	11028.0	134018.0
Sor-CPnd_012-Ex1-5B-lcwgs-1-2.clmp.r2	1210.0	5539.0	8950.0	11246.0	12328.0	13481.0	13777.0	13887.0	13745.0	13740.0	12915.0	11957.0	11480.0	10784.0	9564.0	8998.0	8752.0	8349.0	8445.0	8265.0	8351.0	8586.0	8733.0	11366.0	133970.0
Sor-CPnd_013-Ex1-7F-lcwgs-1-2.clmp.r1	1804.0	8167.0	12474.0	16569.0	19123.0	21050.0	22157.0	23566.0	24050.0	24475.0	24944.0	24922.0	24577.0	23786.0	23403.0	22586.0	21867.0	20730.0	19873.0	19062.0	18408.0	18085.0	17946.0	20285.0	228036.0
Sor-CPnd_013-Ex1-7F-lcwgs-1-2.clmp.r2	1817.0	8184.0	12486.0	16608.0	19136.0	21053.0	22171.0	23530.0	23997.0	24378.0	24908.0	24891.0	24546.0	23770.0	23296.0	22566.0	21770.0	20589.0	19844.0	19010.0	18425.0	18198.0	18073.0	21710.0	226989.0
Sor-CPnd_014-Ex1-1F-lcwgs-1-2.clmp.r1	4300.0	20055.0	36216.0	54647.0	71371.0	85951.0	98127.0	107692.0	114689.0	120232.0	123181.0	125670.0	125326.0	124803.0	122612.0	120620.0	117599.0	114439.0	110829.0	107436.0	105657.0	105661.0	105841.0	119903.0	1327371.0
Sor-CPnd_014-Ex1-1F-lcwgs-1-2.clmp.r2	4313.0	20068.0	36297.0	54697.0	71468.0	85985.0	97936.0	107758.0	114637.0	120083.0	122888.0	125432.0	125001.0	124316.0	122166.0	120222.0	117177.0	114020.0	110430.0	107148.0	105375.0	106013.0	106539.0	128968.0	1321291.0
Sor-CPnd_015-Ex1-5F-lcwgs-1-2.clmp.r1	2326.0	9841.0	15171.0	18552.0	20051.0	20907.0	21370.0	20889.0	20610.0	19485.0	17712.0	15869.0	14770.0	13438.0	11711.0	10591.0	10088.0	9651.0	9379.0	8967.0	8751.0	8696.0	8586.0	11062.0	107721.0
Sor-CPnd_015-Ex1-5F-lcwgs-1-2.clmp.r2	2329.0	9822.0	15151.0	18526.0	20075.0	20924.0	21371.0	20860.0	20523.0	19455.0	17724.0	15882.0	14683.0	13331.0	11660.0	10559.0	10106.0	9629.0	9347.0	8953.0	8740.0	8705.0	8610.0	11130.0	108099.0
Sor-CPnd_016-Ex1-1B-lcwgs-1-2.clmp.r1	658.0	3149.0	5285.0	7722.0	9880.0	11668.0	13458.0	14947.0	16179.0	17404.0	17489.0	17560.0	18273.0	18564.0	19011.0	19364.0	20144.0	20366.0	21113.0	21676.0	22285.0	24840.0	26619.0	35410.0	701004.0
Sor-CPnd_016-Ex1-1B-lcwgs-1-2.clmp.r2	672.0	3179.0	5326.0	7750.0	9858.0	11649.0	13465.0	14904.0	16170.0	17374.0	17447.0	17549.0	18284.0	18526.0	18952.0	19329.0	20067.0	20314.0	21057.0	21645.0	22319.0	24846.0	26906.0	38232.0	698248.0
Sor-CPnd_017-Ex1-3G-lcwgs-1-2.clmp.r1	1083.0	4839.0	8080.0	12119.0	15165.0	17658.0	19439.0	20731.0	22029.0	22314.0	21664.0	20364.0	19671.0	18556.0	17948.0	17280.0	15985.0	15801.0	14827.0	14347.0	13642.0	13721.0	13314.0	15512.0	142693.0
Sor-CPnd_017-Ex1-3G-lcwgs-1-2.clmp.r2	1095.0	4842.0	8144.0	12135.0	15128.0	17595.0	19384.0	20713.0	22011.0	22261.0	21531.0	20371.0	19659.0	18519.0	17851.0	17259.0	15954.0	15761.0	14808.0	14311.0	13675.0	13725.0	13285.0	16137.0	142628.0
Sor-CPnd_018-Ex1-1E-lcwgs-1-2.clmp.r1	3721.0	17419.0	28754.0	40219.0	48926.0	54858.0	59681.0	63040.0	65584.0	66979.0	67236.0	66978.0	65546.0	64940.0	63175.0	61527.0	58966.0	56786.0	54304.0	52522.0	50628.0	50222.0	49178.0	54503.0	564438.0
Sor-CPnd_018-Ex1-1E-lcwgs-1-2.clmp.r2	3708.0	17475.0	28759.0	40245.0	48903.0	54846.0	59658.0	62931.0	65506.0	66859.0	67105.0	66889.0	65402.0	64695.0	62964.0	61336.0	58823.0	56570.0	54111.0	52370.0	50324.0	50124.0	49425.0	58993.0	562109.0
Sor-CPnd_019-Ex1-6G-lcwgs-1-2.clmp.r1	3287.0	14702.0	23696.0	30750.0	34609.0	36611.0	37433.0	38475.0	38900.0	38234.0	36304.0	34377.0	33619.0	32959.0	31444.0	30719.0	30101.0	29299.0	28827.0	27602.0	27320.0	27585.0	27686.0	33383.0	371159.0
Sor-CPnd_019-Ex1-6G-lcwgs-1-2.clmp.r2	3299.0	14689.0	23723.0	30795.0	34668.0	36546.0	37406.0	38414.0	38821.0	38116.0	36173.0	34236.0	33567.0	32894.0	31365.0	30665.0	29990.0	29167.0	28736.0	27645.0	27102.0	27646.0	27923.0	34830.0	370665.0
Sor-CPnd_020-Ex1-2E-lcwgs-1-2.clmp.r1	2092.0	9672.0	16955.0	24191.0	29979.0	34906.0	39027.0	42232.0	45787.0	47526.0	45365.0	44031.0	43781.0	41530.0	40208.0	39089.0	38466.0	38320.0	37117.0	36710.0	37039.0	37801.0	37185.0	47438.0	445960.0
Sor-CPnd_020-Ex1-2E-lcwgs-1-2.clmp.r2	2118.0	9622.0	16952.0	24190.0	30009.0	34903.0	38963.0	42114.0	45679.0	47273.0	45184.0	43918.0	43578.0	41384.0	39959.0	38925.0	38292.0	38171.0	37004.0	36542.0	36891.0	37736.0	37442.0	47790.0	447768.0
Sor-CPnd_022-Ex1-7C-lcwgs-1-2.clmp.r1	3595.0	14842.0	22852.0	29277.0	33136.0	35093.0	36562.0	36953.0	37532.0	37235.0	36569.0	35846.0	35489.0	34233.0	33720.0	32524.0	31732.0	30844.0	30219.0	29390.0	29202.0	30011.0	30725.0	38140.0	516625.0
Sor-CPnd_022-Ex1-7C-lcwgs-1-2.clmp.r2	3625.0	14926.0	22826.0	29223.0	33117.0	35093.0	36555.0	36943.0	37456.0	37249.0	36467.0	35794.0	35342.0	34162.0	33617.0	32401.0	31601.0	30770.0	30247.0	29365.0	29180.0	30128.0	30857.0	40471.0	514931.0
Sor-CPnd_024-Ex1-5G-lcwgs-1-2.clmp.r1	1299.0	5526.0	9133.0	12085.0	13631.0	15174.0	15750.0	16077.0	16277.0	15808.0	14845.0	13524.0	12870.0	11985.0	10329.0	9566.0	9000.0	8700.0	8429.0	8042.0	7860.0	7967.0	7833.0	9512.0	91183.0
Sor-CPnd_024-Ex1-5G-lcwgs-1-2.clmp.r2	1321.0	5541.0	9142.0	12089.0	13613.0	15173.0	15758.0	16002.0	16247.0	15733.0	14774.0	13500.0	12819.0	11928.0	10342.0	9531.0	8941.0	8708.0	8392.0	8018.0	7837.0	8031.0	7997.0	9962.0	91006.0
Sor-CPnd_026-Ex1-3H-lcwgs-1-2.clmp.r1	692.0	3122.0	5504.0	7558.0	9645.0	11326.0	12796.0	14174.0	15195.0	16306.0	16778.0	16772.0	16774.0	16209.0	15495.0	15257.0	15060.0	14780.0	14706.0	14365.0	14395.0	14758.0	14887.0	18021.0	212237.0
Sor-CPnd_026-Ex1-3H-lcwgs-1-2.clmp.r2	705.0	3123.0	5493.0	7579.0	9621.0	11338.0	12820.0	14188.0	15183.0	16277.0	16728.0	16740.0	16718.0	16170.0	15451.0	15249.0	15006.0	14724.0	14681.0	14367.0	14377.0	14814.0	14981.0	18791.0	211688.0
Sor-CPnd_027-Ex1-3C-lcwgs-1-2.clmp.r1	877.0	3842.0	6494.0	9323.0	11625.0	14044.0	16027.0	18418.0	20008.0	21906.0	22589.0	22962.0	23537.0	23352.0	23154.0	23592.0	23965.0	24779.0	25241.0	25674.0	26493.0	28054.0	29237.0	37575.0	496190.0
Sor-CPnd_027-Ex1-3C-lcwgs-1-2.clmp.r2	901.0	3853.0	6536.0	9357.0	11629.0	14039.0	15963.0	18419.0	20000.0	21883.0	22580.0	22919.0	23477.0	23325.0	23061.0	23513.0	23856.0	24701.0	25134.0	25625.0	26404.0	28016.0	29669.0	38966.0	495132.0
Sor-CPnd_028-Ex1-3A-lcwgs-1-2.clmp.r1	1307.0	6529.0	11603.0	17032.0	22233.0	26232.0	30096.0	33162.0	36135.0	38887.0	39253.0	37351.0	36409.0	33827.0	31696.0	31160.0	31044.0	30917.0	30690.0	30852.0	31492.0	33053.0	34129.0	46025.0	601578.0
Sor-CPnd_028-Ex1-3A-lcwgs-1-2.clmp.r2	1327.0	6549.0	11627.0	17117.0	22216.0	26166.0	30042.0	33169.0	36105.0	38804.0	39185.0	37293.0	36318.0	33651.0	31557.0	31063.0	30953.0	30785.0	30641.0	30774.0	31410.0	32945.0	34349.0	46558.0	602088.0
Sor-CPnd_029-Ex1-8E-lcwgs-1-2.clmp.r1	4769.0	21907.0	36062.0	48567.0	56718.0	62614.0	67973.0	72510.0	74994.0	76921.0	76468.0	72826.0	68635.0	58980.0	51152.0	47295.0	44722.0	43750.0	42846.0	43954.0	44107.0	45995.0	46370.0	60609.0	674951.0
Sor-CPnd_029-Ex1-8E-lcwgs-1-2.clmp.r2	4772.0	21977.0	36080.0	48547.0	56709.0	62578.0	67868.0	72449.0	74849.0	76786.0	76190.0	72701.0	68464.0	58720.0	50897.0	47046.0	44485.0	43587.0	42761.0	43860.0	44118.0	46216.0	46612.0	62699.0	674724.0
Sor-CPnd_030-Ex1-2H-lcwgs-1-2.clmp.r1	1328.0	6045.0	11119.0	15538.0	18988.0	21999.0	24101.0	26282.0	26900.0	27254.0	25686.0	24068.0	23396.0	21369.0	20188.0	19035.0	18121.0	17634.0	17061.0	16291.0	16213.0	16083.0	15949.0	20491.0	187275.0
Sor-CPnd_030-Ex1-2H-lcwgs-1-2.clmp.r2	1348.0	6045.0	11100.0	15492.0	19005.0	22017.0	24068.0	26247.0	26801.0	27205.0	25609.0	24036.0	23310.0	21302.0	20159.0	18947.0	17982.0	17561.0	16998.0	16258.0	16076.0	16011.0	15952.0	20770.0	188115.0
Sor-CPnd_031-Ex1-5D-lcwgs-1-2.clmp.r1	1718.0	8229.0	13411.0	18587.0	21782.0	25132.0	27093.0	28873.0	29791.0	30016.0	28456.0	26816.0	25953.0	24209.0	21972.0	20981.0	20804.0	20778.0	20326.0	20236.0	20362.0	21459.0	21856.0	29432.0	355623.0
Sor-CPnd_031-Ex1-5D-lcwgs-1-2.clmp.r2	1740.0	8252.0	13399.0	18586.0	21773.0	25054.0	27071.0	28781.0	29710.0	29936.0	28365.0	26772.0	25850.0	24175.0	21882.0	20884.0	20756.0	20714.0	20293.0	20155.0	20203.0	21349.0	21860.0	29945.0	356390.0
Sor-CPnd_033-Ex1-2F-lcwgs-1-2.clmp.r1	944.0	4452.0	7666.0	11016.0	13856.0	16371.0	18428.0	20055.0	21442.0	22716.0	22000.0	21270.0	21354.0	20325.0	19586.0	19264.0	18790.0	18248.0	17921.0	17775.0	17514.0	17725.0	17430.0	21426.0	189261.0
Sor-CPnd_033-Ex1-2F-lcwgs-1-2.clmp.r2	953.0	4455.0	7660.0	10994.0	13823.0	16395.0	18415.0	20051.0	21409.0	22626.0	21941.0	21186.0	21285.0	20250.0	19479.0	19123.0	18742.0	18203.0	17891.0	17751.0	17523.0	17855.0	17514.0	21276.0	190035.0
Sor-CPnd_034-Ex1-4G-lcwgs-1-2.clmp.r1	1397.0	5965.0	9595.0	12877.0	14847.0	16290.0	16386.0	16579.0	16194.0	15772.0	15007.0	13952.0	12798.0	11923.0	10414.0	9835.0	9333.0	8813.0	8610.0	7956.0	7693.0	7557.0	7287.0	8418.0	79175.0
Sor-CPnd_034-Ex1-4G-lcwgs-1-2.clmp.r2	1406.0	5988.0	9634.0	12850.0	14799.0	16246.0	16452.0	16566.0	16110.0	15728.0	14956.0	13903.0	12729.0	11887.0	10388.0	9784.0	9290.0	8794.0	8599.0	7938.0	7644.0	7589.0	7363.0	8860.0	79170.0
Sor-CPnd_036-Ex1-5C-lcwgs-1-2.clmp.r1	2072.0	9683.0	17327.0	23768.0	28348.0	31624.0	33642.0	35052.0	35041.0	35123.0	32794.0	30527.0	29129.0	26903.0	23593.0	22054.0	21102.0	20570.0	20036.0	19560.0	19335.0	19908.0	19977.0	25926.0	278399.0
Sor-CPnd_036-Ex1-5C-lcwgs-1-2.clmp.r2	2079.0	9704.0	17365.0	23797.0	28324.0	31533.0	33652.0	35098.0	34980.0	34955.0	32630.0	30465.0	28987.0	26846.0	23577.0	22015.0	21007.0	20451.0	20039.0	19546.0	19321.0	19982.0	19997.0	26686.0	278457.0
Sor-CPnd_037-Ex1-6C-lcwgs-1-2.clmp.r1	3363.0	14347.0	21535.0	27640.0	30065.0	31672.0	32466.0	33110.0	33112.0	33181.0	32316.0	31943.0	31334.0	31067.0	29998.0	29180.0	28653.0	27908.0	27285.0	27027.0	26866.0	27359.0	28403.0	34946.0	443739.0
Sor-CPnd_037-Ex1-6C-lcwgs-1-2.clmp.r2	3398.0	14357.0	21528.0	27619.0	30067.0	31688.0	32459.0	33141.0	33087.0	33084.0	32220.0	31886.0	31239.0	31086.0	29937.0	29072.0	28562.0	27889.0	27269.0	26915.0	26842.0	27516.0	28627.0	36812.0	442215.0
Sor-CPnd_038-Ex1-2A-lcwgs-1-2.clmp.r1	859.0	4149.0	7512.0	10979.0	13878.0	16287.0	18183.0	20028.0	20867.0	22222.0	21359.0	20934.0	20925.0	19674.0	19053.0	19214.0	19049.0	18763.0	19080.0	19187.0	19430.0	20888.0	21651.0	30171.0	405453.0
Sor-CPnd_038-Ex1-2A-lcwgs-1-2.clmp.r2	849.0	4134.0	7516.0	10970.0	13857.0	16278.0	18176.0	20000.0	20835.0	22122.0	21290.0	20893.0	20804.0	19617.0	18930.0	19116.0	18965.0	18693.0	18962.0	19083.0	19352.0	20847.0	21603.0	30354.0	406549.0
Sor-CPnd_041-Ex1-7A-lcwgs-1-2.clmp.r1	1881.0	9266.0	16491.0	24200.0	30363.0	35952.0	40738.0	44397.0	47522.0	49333.0	51599.0	52612.0	54285.0	53598.0	53721.0	53110.0	52670.0	51545.0	50125.0	48763.0	47108.0	46571.0	45605.0	48321.0	469301.0
Sor-CPnd_041-Ex1-7A-lcwgs-1-2.clmp.r2	1901.0	9283.0	16511.0	24186.0	30321.0	35914.0	40667.0	44366.0	47516.0	49268.0	51472.0	52521.0	54158.0	53466.0	53602.0	53033.0	52538.0	51338.0	49982.0	48699.0	47020.0	46337.0	45521.0	50396.0	469061.0
Sor-CPnd_043-Ex1-1D-lcwgs-1-2.clmp.r1	1986.0	9327.0	16344.0	24088.0	30888.0	36375.0	41328.0	45462.0	48001.0	50498.0	51275.0	50990.0	51113.0	50622.0	50160.0	49696.0	49484.0	49101.0	48299.0	47969.0	47483.0	49928.0	50259.0	62153.0	792685.0
Sor-CPnd_043-Ex1-1D-lcwgs-1-2.clmp.r2	1988.0	9388.0	16438.0	24130.0	30945.0	36395.0	41249.0	45370.0	47978.0	50462.0	51162.0	50797.0	50950.0	50530.0	49932.0	49551.0	49267.0	48950.0	48181.0	47821.0	47384.0	49767.0	50510.0	65928.0	790441.0
Sor-CPnd_044-Ex1-8G-lcwgs-1-2.clmp.r1	3472.0	15883.0	25160.0	33391.0	38512.0	41432.0	42986.0	43619.0	43815.0	43218.0	39441.0	36086.0	34167.0	31572.0	29679.0	28242.0	27253.0	26445.0	25538.0	24958.0	24542.0	24728.0	25209.0	31097.0	341369.0
Sor-CPnd_044-Ex1-8G-lcwgs-1-2.clmp.r2	3487.0	15933.0	25206.0	33374.0	38563.0	41424.0	42913.0	43535.0	43697.0	43037.0	39374.0	36020.0	34123.0	31427.0	29517.0	28128.0	27181.0	26373.0	25445.0	24872.0	24437.0	24715.0	25540.0	32541.0	340952.0
Sor-CPnd_045-Ex1-7B-lcwgs-1-2.clmp.r1	2783.0	12261.0	19111.0	24960.0	28921.0	31547.0	33137.0	34186.0	34851.0	35312.0	34378.0	34105.0	33876.0	33080.0	32816.0	32655.0	32425.0	32420.0	31925.0	31817.0	32273.0	34105.0	35122.0	44375.0	689507.0
Sor-CPnd_045-Ex1-7B-lcwgs-1-2.clmp.r2	2810.0	12273.0	19139.0	25003.0	28930.0	31505.0	33124.0	34148.0	34811.0	35290.0	34306.0	34012.0	33807.0	32954.0	32790.0	32592.0	32310.0	32292.0	31864.0	31692.0	32216.0	34141.0	35434.0	47192.0	687313.0
Sor-CPnd_046-Ex1-5A-lcwgs-1-2.clmp.r1	961.0	5083.0	8814.0	11892.0	14099.0	16017.0	16427.0	17056.0	17264.0	17031.0	15693.0	14266.0	13426.0	12275.0	10904.0	10051.0	9616.0	9178.0	8996.0	8447.0	8344.0	8157.0	8287.0	9876.0	100431.0
Sor-CPnd_046-Ex1-5A-lcwgs-1-2.clmp.r2	972.0	5096.0	8803.0	11856.0	14073.0	16024.0	16449.0	17021.0	17206.0	16991.0	15660.0	14252.0	13410.0	12205.0	10836.0	10055.0	9588.0	9146.0	8943.0	8449.0	8307.0	8081.0	8298.0	9935.0	100935.0
Sor-CPnd_049-Ex1-3B-lcwgs-1-2.clmp.r1	736.0	3357.0	5823.0	8075.0	10183.0	11417.0	12599.0	13258.0	13922.0	14303.0	13980.0	13687.0	13712.0	12951.0	12639.0	12236.0	11892.0	11422.0	11358.0	11026.0	10781.0	11090.0	11013.0	13099.0	158545.0
Sor-CPnd_049-Ex1-3B-lcwgs-1-2.clmp.r2	744.0	3378.0	5817.0	8087.0	10180.0	11417.0	12589.0	13258.0	13866.0	14287.0	14002.0	13648.0	13678.0	12955.0	12605.0	12162.0	11854.0	11326.0	11364.0	11005.0	10827.0	11155.0	11080.0	13666.0	158154.0
Sor-CPnd_050-Ex1-3F-lcwgs-1-2.clmp.r1	3509.0	15696.0	26138.0	36436.0	44279.0	50211.0	54792.0	59198.0	62383.0	64412.0	62521.0	57464.0	54328.0	48842.0	44685.0	42691.0	41005.0	40533.0	39600.0	38962.0	38980.0	39968.0	40073.0	49885.0	558472.0
Sor-CPnd_050-Ex1-3F-lcwgs-1-2.clmp.r2	3511.0	15767.0	26173.0	36470.0	44263.0	50164.0	54828.0	59104.0	62337.0	64400.0	62260.0	57299.0	54258.0	48727.0	44464.0	42513.0	40950.0	40395.0	39505.0	38861.0	38834.0	40214.0	40315.0	50819.0	558632.0
Sor-CPnd_052-Ex1-6D-lcwgs-1-2.clmp.r1	2439.0	11367.0	19057.0	25517.0	29688.0	32887.0	34223.0	35353.0	35889.0	35757.0	33749.0	32159.0	30663.0	29646.0	28208.0	26376.0	24586.0	23936.0	23219.0	21823.0	20980.0	20925.0	20292.0	23026.0	208910.0
Sor-CPnd_052-Ex1-6D-lcwgs-1-2.clmp.r2	2465.0	11378.0	19080.0	25537.0	29669.0	32899.0	34228.0	35309.0	35776.0	35633.0	33678.0	32026.0	30544.0	29574.0	28136.0	26316.0	24500.0	23858.0	23104.0	21751.0	21027.0	20917.0	20350.0	24108.0	208812.0
Sor-CPnd_053-Ex1-2C-lcwgs-1-2.clmp.r1	1377.0	6322.0	10876.0	15007.0	18051.0	19915.0	21892.0	22864.0	23646.0	24340.0	22684.0	21825.0	21296.0	20045.0	19089.0	18726.0	18487.0	18139.0	17993.0	18262.0	18571.0	19141.0	19648.0	26708.0	323260.0
Sor-CPnd_053-Ex1-2C-lcwgs-1-2.clmp.r2	1370.0	6361.0	10924.0	15043.0	18022.0	19872.0	21835.0	22783.0	23625.0	24307.0	22610.0	21726.0	21245.0	19942.0	19057.0	18680.0	18402.0	18027.0	17935.0	18207.0	18517.0	19201.0	19892.0	27011.0	323570.0
Sor-CPnd_054-Ex1-8F-lcwgs-1-2.clmp.r1	2199.0	9187.0	13695.0	17179.0	18476.0	19067.0	19725.0	20003.0	20118.0	19935.0	19207.0	17899.0	16043.0	13617.0	11471.0	10268.0	9616.0	8925.0	8634.0	8461.0	8136.0	8361.0	8032.0	9772.0	97839.0
Sor-CPnd_054-Ex1-8F-lcwgs-1-2.clmp.r2	2211.0	9162.0	13692.0	17194.0	18478.0	19044.0	19702.0	19975.0	20127.0	19889.0	19184.0	17841.0	16058.0	13575.0	11438.0	10228.0	9572.0	8900.0	8657.0	8441.0	8085.0	8429.0	8181.0	10114.0	97688.0
Sor-CPnd_055-Ex1-7G-lcwgs-1-2.clmp.r1	3831.0	16568.0	25786.0	34272.0	40254.0	43326.0	44775.0	45447.0	45351.0	44853.0	42541.0	40487.0	38536.0	36430.0	35254.0	33811.0	32000.0	31028.0	30077.0	28698.0	27772.0	27946.0	27336.0	31837.0	303311.0
Sor-CPnd_055-Ex1-7G-lcwgs-1-2.clmp.r2	3858.0	16592.0	25814.0	34269.0	40254.0	43367.0	44719.0	45354.0	45234.0	44724.0	42380.0	40357.0	38338.0	36320.0	35215.0	33693.0	31950.0	30883.0	29929.0	28648.0	27655.0	27862.0	27604.0	33688.0	302820.0
Sor-CPnd_058-Ex1-2G-lcwgs-1-2.clmp.r1	1080.0	5205.0	9433.0	13564.0	16893.0	19741.0	22000.0	23846.0	25542.0	26738.0	25132.0	23511.0	23290.0	21405.0	19912.0	19120.0	18097.0	17514.0	16695.0	16422.0	15563.0	16122.0	15548.0	19160.0	155245.0
Sor-CPnd_058-Ex1-2G-lcwgs-1-2.clmp.r2	1082.0	5224.0	9436.0	13540.0	16866.0	19789.0	22016.0	23784.0	25416.0	26614.0	25021.0	23467.0	23127.0	21319.0	19841.0	19027.0	18015.0	17393.0	16617.0	16357.0	15466.0	16041.0	15501.0	19773.0	156046.0
Sor-CPnd_063-Ex1-7D-lcwgs-1-2.clmp.r1	2924.0	12878.0	20984.0	27918.0	33318.0	36812.0	38879.0	40223.0	40877.0	41173.0	39709.0	38183.0	36842.0	35070.0	34004.0	32693.0	31733.0	30126.0	28930.0	28151.0	27432.0	27005.0	26904.0	31503.0	322982.0
Sor-CPnd_063-Ex1-7D-lcwgs-1-2.clmp.r2	2966.0	12900.0	20948.0	27895.0	33365.0	36910.0	38828.0	40166.0	40849.0	41028.0	39542.0	38091.0	36808.0	35006.0	33834.0	32579.0	31593.0	30025.0	28849.0	28070.0	27302.0	27085.0	26915.0	33246.0	322453.0
Sor-CPnd_066-Ex1-8B-lcwgs-1-2.clmp.r1	1853.0	7990.0	12555.0	16793.0	19241.0	20624.0	21227.0	21492.0	21958.0	22024.0	20966.0	19874.0	19611.0	17784.0	17229.0	16552.0	16098.0	15975.0	15680.0	15513.0	15416.0	16435.0	16860.0	21511.0	312425.0
Sor-CPnd_066-Ex1-8B-lcwgs-1-2.clmp.r2	1867.0	7991.0	12550.0	16814.0	19238.0	20597.0	21201.0	21514.0	21932.0	21987.0	20880.0	19796.0	19574.0	17754.0	17151.0	16419.0	16062.0	16025.0	15667.0	15569.0	15414.0	16388.0	16968.0	22492.0	311836.0
Sor-CPnd_069-Ex1-6B-lcwgs-1-2.clmp.r1	2133.0	9004.0	14008.0	18444.0	20378.0	21577.0	21662.0	22155.0	22657.0	22327.0	21836.0	21292.0	21387.0	20897.0	20518.0	20087.0	20107.0	19785.0	19711.0	19314.0	19220.0	20209.0	20744.0	26842.0	398643.0
Sor-CPnd_069-Ex1-6B-lcwgs-1-2.clmp.r2	2119.0	8959.0	14014.0	18501.0	20373.0	21598.0	21668.0	22182.0	22572.0	22332.0	21798.0	21219.0	21342.0	20804.0	20450.0	20075.0	20038.0	19736.0	19727.0	19265.0	19175.0	20356.0	20804.0	28440.0	397390.0
Sor-CPnd_072-Ex1-8C-lcwgs-1-2.clmp.r1	5036.0	19310.0	27711.0	33909.0	37676.0	40028.0	41551.0	42749.0	44314.0	44822.0	44007.0	42897.0	42231.0	39327.0	37980.0	36541.0	35912.0	35902.0	36517.0	36937.0	37851.0	41420.0	43986.0	62071.0	1056352.0
Sor-CPnd_072-Ex1-8C-lcwgs-1-2.clmp.r2	5031.0	19365.0	27812.0	34011.0	37761.0	39911.0	41444.0	42730.0	44241.0	44693.0	43909.0	42829.0	42180.0	39249.0	37840.0	36355.0	35862.0	35831.0	36355.0	36917.0	37801.0	41339.0	44287.0	65220.0	1054064.0
Undetermined.clmp.r1	320512.0	1422548.0	2223214.0	2930795.0	3452157.0	3859873.0	4185838.0	4469704.0	4689614.0	4877291.0	5069795.0	5239916.0	5367390.0	5493855.0	5597793.0	5656852.0	5690908.0	5699188.0	5704368.0	5689536.0	5697903.0	5918497.0	6030581.0	7338909.0	87113768.0
Undetermined.clmp.r2	321801.0	1424516.0	2222636.0	2929090.0	3449992.0	3854296.0	4179020.0	4460033.0	4677495.0	4861938.0	5051926.0	5220264.0	5345339.0	5468543.0	5570055.0	5627863.0	5663228.0	5669810.0	5679779.0	5668115.0	5677326.0	5915065.0	6058898.0	7956292.0	86787485.0
