Sample	1	2	3	4	5	6	7	8	9	10	11	12	13	14	15	16	17	18	19	20	21	22	23	24	25	26	27	28	29	30	31
Sor-ACeb_001-Ex1-8E-lcwgs-1-2-L2-fastp	90.03848179620604	8.523469091894805	1.0925192966563901	0.214111821957785	0.06416492100337468	0.02762179754423348	0.0173279599501092	0.008578197995103565	0.005146918797062139	0.002230331478726927	0.0020587675188248554	0.0008578197995103565	0.0006862558396082851	0.00034312791980414256	0.00017156395990207128	0.00017156395990207128	0.00017156395990207128	0.0	0.0	0.00017156395990207128	0.0	0.00017156395990207128	0.00017156395990207128	0.0	0.0	0.0	0.0	0.00017156395990207128	0.0	0.0	0.001200947719314499
Sor-ACeb_001-Ex1-8E-lcwgs-1-2-L3-fastp	92.40532340985175	6.663042503586801	0.7216568029650885	0.12236220707795313	0.036988880918220945	0.02260431611669058	0.010461501673840268	0.005417563366810138	0.004670313247250119	0.001868125298900048	0.001681312769010043	0.0007472501195600192	0.0007472501195600192	0.0	0.0	0.0001868125298900048	0.0	0.0001868125298900048	0.0	0.0001868125298900048	0.0	0.0	0.0	0.0001868125298900048	0.0001868125298900048	0.0	0.0	0.0	0.0	0.0	0.0014945002391200384
Sor-ACeb_002-Ex1-9E-lcwgs-1-2-L2-fastp	89.15667567981225	8.650579052089178	1.4468649558695985	0.4295699199020458	0.1663180449977042	0.07244528340390796	0.030610683128411816	0.015305341564205908	0.010203561042803937	0.005101780521401969	0.005101780521401969	0.0	0.0020407122085607876	0.0010203561042803938	0.0	0.0010203561042803938	0.0	0.0	0.0	0.0	0.0010203561042803938	0.0	0.0	0.0	0.0	0.0	0.0010203561042803938	0.0	0.0	0.0	0.005101780521401969
Sor-ACeb_002-Ex1-9E-lcwgs-1-2-L3-fastp	91.98234177091287	6.673714296901001	0.9210861181261134	0.23981519547385524	0.0773281650711615	0.03719582623676122	0.020555588183473306	0.016640238053287914	0.010767212858009828	0.0068518627278244355	0.003915350130185392	0.000978837532546348	0.000978837532546348	0.0	0.000978837532546348	0.0	0.000978837532546348	0.0	0.0	0.0	0.0	0.0	0.0	0.0	0.000978837532546348	0.0	0.0	0.0	0.0	0.000978837532546348	0.003915350130185392
Sor-ACeb_003-Ex1-10E-lcwgs-1-2-L2-fastp	91.60390406099737	7.4888747160454905	0.7255619970332576	0.09566669294216286	0.03583022207571642	0.01684020437558672	0.01433208883028657	0.00680774219438612	0.002149813324542986	0.0032247199868144787	0.001074906662271493	0.001433208883028657	0.0	0.0007166044415143285	0.00035830222075716424	0.00035830222075716424	0.0	0.0	0.0	0.0	0.0	0.0	0.0	0.0	0.00035830222075716424	0.0007166044415143285	0.00035830222075716424	0.0	0.0	0.0	0.001433208883028657
Sor-ACeb_003-Ex1-10E-lcwgs-1-2-L3-fastp	92.90348374434369	6.360513929525506	0.5837134497610263	0.07959728860377632	0.029440093045232343	0.013084485797881039	0.00944990640958075	0.0054518690824504334	0.003998037327130318	0.003634579388300289	0.0018172896941501444	0.0014538317553201155	0.0007269158776600578	0.0003634579388300289	0.0	0.0003634579388300289	0.0	0.0	0.0	0.0003634579388300289	0.0	0.0	0.0	0.0	0.0	0.0	0.0003634579388300289	0.0003634579388300289	0.0	0.0	0.0018172896941501444
Sor-ACeb_004-Ex1-11E-lcwgs-1-2-L2-fastp	92.93758259437304	6.265680960680291	0.5956371018711816	0.09719801581981499	0.04405033229272404	0.017237086549326795	0.011970198992588053	0.010054967153773964	0.004788079597035221	0.0038304636776281768	0.0019152318388140884	0.0014364238791105663	0.0004788079597035221	0.0009576159194070442	0.0	0.0004788079597035221	0.0	0.0	0.0009576159194070442	0.0	0.0	0.0	0.0004788079597035221	0.0	0.0	0.0	0.0	0.0004788079597035221	0.0004788079597035221	0.0	0.004309271637331699
Sor-ACeb_004-Ex1-11E-lcwgs-1-2-L3-fastp	94.34996997186839	5.058423154323524	0.4214474613058549	0.08270906428127403	0.03160855959793912	0.02107237306529275	0.01211661451254333	0.005794902592955505	0.0026340466331615936	0.0026340466331615936	0.003160855959793912	0.0010536186532646374	0.0010536186532646374	0.0	0.0	0.0	0.0005268093266323187	0.0005268093266323187	0.0	0.0	0.001580427979896956	0.0	0.0	0.0	0.0	0.0	0.0005268093266323187	0.0	0.0	0.0	0.003160855959793912
Sor-ACeb_005-Ex1-12E-lcwgs-1-2-L2-fastp	88.03313231126934	8.651214609217952	2.056237738865073	0.7168979631378818	0.2712586887548742	0.15742691758095376	0.05570490929787594	0.016953668047179637	0.012109762890842597	0.004843905156337039	0.004843905156337039	0.0024219525781685194	0.0	0.004843905156337039	0.0024219525781685194	0.0	0.0	0.0024219525781685194	0.0	0.0	0.0	0.0024219525781685194	0.0	0.0	0.0	0.0	0.0	0.0	0.0024219525781685194	0.0	0.0024219525781685194
Sor-ACeb_005-Ex1-12E-lcwgs-1-2-L3-fastp	91.12217194570135	6.769230769230769	1.3484162895927603	0.416289592760181	0.16289592760180996	0.08371040723981901	0.03619909502262443	0.011312217194570135	0.01583710407239819	0.006787330316742082	0.0	0.006787330316742082	0.0	0.002262443438914027	0.002262443438914027	0.002262443438914027	0.0	0.0	0.002262443438914027	0.002262443438914027	0.002262443438914027	0.0	0.0	0.0	0.0	0.0	0.0	0.0	0.0	0.0	0.006787330316742082
Sor-ACeb_006-Ex1-1F-lcwgs-1-2-L2-fastp	91.55401892482064	7.195591140688365	0.886451076219195	0.22356244150982635	0.06238951856088177	0.020796506186960592	0.020796506186960592	0.010398253093480296	0.005199126546740148	0.002599563273370074	0.0	0.005199126546740148	0.002599563273370074	0.002599563273370074	0.0	0.0	0.0	0.0	0.0	0.0	0.0	0.0	0.0	0.002599563273370074	0.0	0.0	0.0	0.0	0.0	0.0	0.005199126546740148
Sor-ACeb_006-Ex1-1F-lcwgs-1-2-L3-fastp	94.33832709113608	4.67852684144819	0.6803995006242197	0.18414481897627966	0.04057428214731586	0.02808988764044944	0.012484394506866416	0.012484394506866416	0.003121098626716604	0.0	0.0	0.0	0.015605493133583021	0.0	0.0	0.0	0.0	0.0	0.0	0.0	0.0	0.0	0.0	0.0	0.0	0.0	0.0	0.0	0.0	0.0	0.006242197253433208
Sor-ACeb_007-Ex1-2F-lcwgs-1-2-L2-fastp	91.4779691632798	6.909231662473389	1.0321914715179665	0.25804786787949163	0.18063350751564414	0.08386555706083479	0.032255983484936454	0.006451196696987291	0.0	0.0	0.0	0.0	0.006451196696987291	0.0	0.0	0.0	0.0	0.006451196696987291	0.0	0.0	0.006451196696987291	0.0	0.0	0.0	0.0	0.0	0.0	0.0	0.0	0.0	0.0
Sor-ACeb_007-Ex1-2F-lcwgs-1-2-L3-fastp	94.80180394018514	4.308093994778068	0.593401376691194	0.13054830287206268	0.07120816520294326	0.029670068834559693	0.023736055067647758	0.011868027533823879	0.0059340137669119395	0.0059340137669119395	0.0059340137669119395	0.0	0.0	0.0	0.0	0.0	0.0	0.0059340137669119395	0.0	0.0	0.0	0.0059340137669119395	0.0	0.0	0.0	0.0	0.0	0.0	0.0	0.0	0.0
Sor-ACeb_008-Ex1-3F-lcwgs-1-2-L2-fastp	91.02952878680345	7.671462675011291	0.9764070800266684	0.18280749295653484	0.0494655569176506	0.032260145815859086	0.012904058326343636	0.012904058326343636	0.010753381938619695	0.004301352775447878	0.002150676387723939	0.002150676387723939	0.002150676387723939	0.002150676387723939	0.002150676387723939	0.0	0.0	0.0	0.002150676387723939	0.0	0.0	0.0	0.0	0.0	0.0	0.0	0.0	0.002150676387723939	0.0	0.002150676387723939	0.0
Sor-ACeb_008-Ex1-3F-lcwgs-1-2-L3-fastp	93.60949417904456	5.519871537535127	0.6222400642312325	0.1304696908871939	0.05519871537535126	0.030108390204737056	0.005018065034122842	0.007527097551184264	0.012545162585307105	0.0	0.0	0.002509032517061421	0.0	0.0	0.0	0.0	0.0	0.0	0.0	0.0	0.0	0.0	0.0	0.0	0.002509032517061421	0.002509032517061421	0.0	0.0	0.0	0.0	0.0
Sor-ACeb_009-Ex1-4F-lcwgs-1-2-L2-fastp	90.9027535726734	7.933077727431161	0.8365284071104915	0.17427675148135238	0.06273963053328686	0.04879749041477867	0.01394214011850819	0.020913210177762286	0.0	0.006971070059254095	0.0	0.0	0.0	0.0	0.0	0.0	0.0	0.0	0.0	0.0	0.0	0.0	0.0	0.0	0.0	0.0	0.0	0.0	0.0	0.0	0.0
Sor-ACeb_009-Ex1-4F-lcwgs-1-2-L3-fastp	93.55624632445601	5.796857934974376	0.5292783331933126	0.06720994707216668	0.01680248676804167	0.01680248676804167	0.008401243384020835	0.0	0.0	0.0	0.0	0.0	0.0	0.008401243384020835	0.0	0.0	0.0	0.0	0.0	0.0	0.0	0.0	0.0	0.0	0.0	0.0	0.0	0.0	0.0	0.0	0.0
Sor-ACeb_010-Ex1-5F-lcwgs-1-2-L2-fastp	89.84811366976973	8.383145516903479	1.2363220643475419	0.32010452392617994	0.10942348521966357	0.042462845010615716	0.021231422505307858	0.006532745386248572	0.008165931732810713	0.008165931732810713	0.006532745386248572	0.0	0.0	0.0	0.0	0.001633186346562143	0.0	0.0	0.0	0.0	0.0	0.0	0.001633186346562143	0.0	0.0	0.0	0.0	0.0	0.0	0.001633186346562143	0.004899559039686428
Sor-ACeb_010-Ex1-5F-lcwgs-1-2-L3-fastp	92.85061712914032	6.070974329577415	0.7183419020833706	0.17555487881339232	0.08240331046342905	0.0304533973451803	0.0304533973451803	0.012539634200956596	0.010748257886534223	0.0035827526288447413	0.0035827526288447413	0.0017913763144223706	0.0	0.0017913763144223706	0.0	0.0	0.0	0.0	0.0017913763144223706	0.0	0.0035827526288447413	0.0	0.0	0.0	0.0	0.0	0.0	0.0	0.0	0.0	0.0017913763144223706
Sor-ACeb_011-Ex1-6F-lcwgs-1-2-L2-fastp	84.21322180017926	10.281251333703214	3.042977252357987	1.3144978874141096	0.5334812854765055	0.30728522043446715	0.16217831078485767	0.07255345482480474	0.029874951986684304	0.02133925141906022	0.004267850283812044	0.008535700567624089	0.0	0.0	0.0	0.0	0.0	0.0	0.0	0.004267850283812044	0.004267850283812044	0.0	0.0	0.0	0.0	0.0	0.0	0.0	0.0	0.0	0.0
Sor-ACeb_011-Ex1-6F-lcwgs-1-2-L3-fastp	88.48795489492568	8.14454126089185	2.080984110712455	0.7278318810866222	0.28190671450538185	0.16401845207585855	0.05125576627370579	0.025627883136852894	0.00512557662737058	0.01025115325474116	0.00512557662737058	0.00512557662737058	0.0	0.0	0.0	0.0	0.00512557662737058	0.0	0.0	0.0	0.0	0.0	0.0	0.0	0.0	0.0	0.0	0.0	0.0	0.0	0.00512557662737058
Sor-ACeb_012-Ex1-7F-lcwgs-1-2-L2-fastp	90.12290523167819	8.48483743321359	1.0421415416036033	0.2206458906982257	0.06199967176644358	0.025529276609712066	0.010029358668101169	0.010029358668101169	0.003647039515673152	0.0	0.004558799394591441	0.000911759878918288	0.000911759878918288	0.0	0.001823519757836576	0.000911759878918288	0.0	0.0	0.000911759878918288	0.0	0.000911759878918288	0.0	0.001823519757836576	0.0	0.000911759878918288	0.0	0.0	0.0	0.0	0.0	0.004558799394591441
Sor-ACeb_012-Ex1-7F-lcwgs-1-2-L3-fastp	92.97739555631809	6.1969203053959	0.5994252380543879	0.1200995110234194	0.04503731663378228	0.018229390066054733	0.010723170627091019	0.010723170627091019	0.007506219438963712	0.0	0.0021446341254182035	0.0	0.0010723170627091017	0.0021446341254182035	0.0010723170627091017	0.0	0.0	0.0010723170627091017	0.0	0.0010723170627091017	0.0	0.0010723170627091017	0.0010723170627091017	0.0	0.0	0.0010723170627091017	0.0	0.0	0.0	0.0	0.0021446341254182035
Sor-ACeb_013-Ex1-8F-lcwgs-1-2-L2-fastp	82.66433973240255	11.73378148363605	3.193070906857992	1.301359532889492	0.6420614913924978	0.23053885764764181	0.1055738693900416	0.06032792536573804	0.03016396268286902	0.017236550104496585	0.004309137526124146	0.004309137526124146	0.004309137526124146	0.0	0.0	0.0	0.0	0.0	0.0	0.002154568763062073	0.0	0.002154568763062073	0.0	0.0	0.0	0.0	0.0	0.0	0.0	0.002154568763062073	0.002154568763062073
Sor-ACeb_013-Ex1-8F-lcwgs-1-2-L3-fastp	87.29652847284413	9.097613654322288	2.252014960754359	0.811252172996892	0.30290259706052786	0.09218774693146499	0.06584839066533214	0.03160722751935943	0.015803613759679716	0.013169678133066428	0.013169678133066428	0.0	0.0	0.0	0.0	0.0	0.0	0.0026339356266132856	0.0	0.0	0.0	0.0	0.0	0.0	0.0	0.0	0.0	0.0	0.0	0.0	0.005267871253226571
Sor-ACeb_014-Ex1-9F-lcwgs-1-2-L2-fastp	87.25182528500063	9.808505187652107	1.7996669655437427	0.5860125528371973	0.30101191238631997	0.0928653772255668	0.0640450877417702	0.0320225438708851	0.019213526322531062	0.01280901754835404	0.00320225438708851	0.01280901754835404	0.0	0.00320225438708851	0.00320225438708851	0.0	0.0	0.00320225438708851	0.0	0.0	0.0	0.00320225438708851	0.0	0.00320225438708851	0.0	0.0	0.0	0.0	0.0	0.0	0.0
Sor-ACeb_014-Ex1-9F-lcwgs-1-2-L3-fastp	91.07353906762968	7.091267235718976	1.1950098489822718	0.33158240315167437	0.16414970453053185	0.05252790544977019	0.05581089954038083	0.00984898227183191	0.006565988181221274	0.003282994090610637	0.0	0.006565988181221274	0.0	0.0	0.0	0.003282994090610637	0.0	0.0	0.0	0.0	0.0	0.0	0.0	0.0	0.0	0.0	0.0	0.0	0.0	0.0	0.006565988181221274
Sor-ACeb_015-Ex1-10F-lcwgs-1-2-L2-fastp	88.8780117473129	9.261997043193352	1.2946018300235747	0.33963319614816	0.11787269748671436	0.05993526990849882	0.01997842330283294	0.007991369321133177	0.007991369321133177	0.0	0.0	0.0	0.0	0.0	0.0019978423302832943	0.0019978423302832943	0.0	0.0	0.0	0.0	0.0019978423302832943	0.0	0.0	0.0	0.0	0.0	0.0	0.0	0.0	0.0019978423302832943	0.003995684660566589
Sor-ACeb_015-Ex1-10F-lcwgs-1-2-L3-fastp	92.10691520185435	6.7268688429592425	0.7678192003090594	0.2221363724164574	0.06760672203979139	0.04104693838130191	0.028974309445624877	0.019316206297083253	0.0024145257871354066	0.0	0.0	0.0024145257871354066	0.0	0.0	0.0024145257871354066	0.0	0.0	0.0	0.0024145257871354066	0.0	0.0	0.0	0.0	0.0	0.0	0.0	0.0	0.0	0.0	0.0024145257871354066	0.007243577361406219
Sor-ACeb_016-Ex1-11F-lcwgs-1-2-L2-fastp	92.21095307634346	6.779491488127388	0.732161075436596	0.14403168697113364	0.05701254275940707	0.03400748164596211	0.017670554188588157	0.008668573752892303	0.0036674735108390517	0.0033340668280355014	0.0006668133656071002	0.0016670334140177507	0.0006668133656071002	0.0003334066828035501	0.0	0.0010002200484106503	0.0003334066828035501	0.0	0.0	0.0010002200484106503	0.0	0.0006668133656071002	0.0	0.0	0.0003334066828035501	0.0	0.0003334066828035501	0.0	0.0	0.0	0.0020004400968213006
Sor-ACeb_016-Ex1-11F-lcwgs-1-2-L3-fastp	94.38545801915231	4.957600244297762	0.44905373767744866	0.10139923108845614	0.04541432743730082	0.01996664395950295	0.014094101618472668	0.009396067745648447	0.005872542341030279	0.003915028227353519	0.0	0.0011745084682060558	0.0011745084682060558	0.0003915028227353519	0.0	0.0	0.0	0.0003915028227353519	0.0003915028227353519	0.0003915028227353519	0.0003915028227353519	0.0	0.0003915028227353519	0.0	0.0	0.0	0.0	0.0003915028227353519	0.0	0.0	0.0027405197591474635
Sor-ACeb_017-Ex1-12F-lcwgs-1-2-L2-fastp	89.40601915701573	8.743930777805067	1.2846913906784303	0.3074757703425214	0.11524437475203568	0.0585668133985755	0.0340065368120761	0.017475581417316883	0.013697077327086207	0.004723130112788347	0.004250817101509512	0.0014169390338365042	0.0	0.00047231301127883467	0.00047231301127883467	0.00047231301127883467	0.00047231301127883467	0.00047231301127883467	0.0	0.0	0.0	0.00047231301127883467	0.0	0.00047231301127883467	0.00047231301127883467	0.00047231301127883467	0.0	0.0	0.00047231301127883467	0.0	0.0037785040902306773
Sor-ACeb_017-Ex1-12F-lcwgs-1-2-L3-fastp	92.0579126739884	6.777708093286466	0.7944032009490055	0.20516410697703816	0.07438414305091667	0.04181069478678976	0.017015980436484206	0.010695759131504359	0.004375537826524511	0.0029170252176830068	0.002430854348069172	0.0019446834784553379	0.0009723417392276689	0.0009723417392276689	0.00048617086961383446	0.00048617086961383446	0.00048617086961383446	0.0	0.00048617086961383446	0.00048617086961383446	0.0	0.00048617086961383446	0.0	0.0	0.00048617086961383446	0.0	0.00048617086961383446	0.0	0.0	0.0	0.003403196087296841
Sor-ACeb_018-Ex1-1G-lcwgs-1-2-L2-fastp	91.23766066547697	7.425060426031759	1.002959181368452	0.19652578553841288	0.07002642932977932	0.02258917075154171	0.013553502450925025	0.0158124195260792	0.002258917075154171	0.002258917075154171	0.004517834150308342	0.0	0.002258917075154171	0.002258917075154171	0.0	0.0	0.0	0.0	0.002258917075154171	0.0	0.0	0.0	0.0	0.0	0.0	0.0	0.0	0.0	0.0	0.0	0.0
Sor-ACeb_018-Ex1-1G-lcwgs-1-2-L3-fastp	92.78617408340331	6.187610784588114	0.718350592406008	0.17725534098330067	0.07696613490064372	0.013993842709207949	0.016326149827409275	0.0023323071182013246	0.009329228472805299	0.0	0.0	0.0023323071182013246	0.0023323071182013246	0.0	0.0	0.0	0.0	0.0023323071182013246	0.0	0.0	0.0	0.0	0.0023323071182013246	0.0	0.0	0.0023323071182013246	0.0	0.0	0.0	0.0	0.0
Sor-ACeb_019-Ex1-3G-lcwgs-1-2-L2-fastp	92.18013331165665	6.54365143879044	0.9022923101934646	0.21134774833360429	0.06503007641033978	0.05690131685904731	0.016257519102584946	0.02438627865387742	0.0	0.0	0.0	0.0	0.0	0.0	0.0	0.0	0.0	0.0	0.0	0.0	0.0	0.0	0.0	0.0	0.0	0.0	0.0	0.0	0.0	0.0	0.0
Sor-ACeb_019-Ex1-3G-lcwgs-1-2-L3-fastp	95.06747766584299	4.257745675727048	0.47519482988025097	0.057023379585630106	0.047519482988025094	0.06652727618323513	0.019007793195210038	0.009503896597605019	0.0	0.0	0.0	0.0	0.0	0.0	0.0	0.0	0.0	0.0	0.0	0.0	0.0	0.0	0.0	0.0	0.0	0.0	0.0	0.0	0.0	0.0	0.0
Sor-ACeb_020-Ex1-2G-lcwgs-1-2-L2-fastp	92.23484848484848	6.199494949494949	0.946969696969697	0.39141414141414144	0.1388888888888889	0.012626262626262626	0.025252525252525252	0.03787878787878788	0.0	0.0	0.0	0.012626262626262626	0.0	0.0	0.0	0.0	0.0	0.0	0.0	0.0	0.0	0.0	0.0	0.0	0.0	0.0	0.0	0.0	0.0	0.0	0.0
Sor-ACeb_020-Ex1-2G-lcwgs-1-2-L3-fastp	94.93227463801962	4.156936011209715	0.67725361980383	0.16347501167678655	0.046707146193367584	0.011676786548341896	0.0	0.0	0.0	0.0	0.0	0.0	0.0	0.0	0.011676786548341896	0.0	0.0	0.0	0.0	0.0	0.0	0.0	0.0	0.0	0.0	0.0	0.0	0.0	0.0	0.0	0.0
Sor-ACeb_021-Ex1-4G-lcwgs-1-2-L2-fastp	94.20074349442379	4.981412639405204	0.5947955390334573	0.14869888475836432	0.07434944237918216	0.0	0.0	0.0	0.0	0.0	0.0	0.0	0.0	0.0	0.0	0.0	0.0	0.0	0.0	0.0	0.0	0.0	0.0	0.0	0.0	0.0	0.0	0.0	0.0	0.0	0.0
Sor-ACeb_021-Ex1-4G-lcwgs-1-2-L3-fastp	95.31914893617022	4.25531914893617	0.2553191489361702	0.1702127659574468	0.0	0.0	0.0	0.0	0.0	0.0	0.0	0.0	0.0	0.0	0.0	0.0	0.0	0.0	0.0	0.0	0.0	0.0	0.0	0.0	0.0	0.0	0.0	0.0	0.0	0.0	0.0
Sor-ACeb_022-Ex1-5G-lcwgs-1-2-L2-fastp	87.59989592238784	8.9395234732186	2.0480987250492513	0.7025238820949337	0.35312046983607775	0.17098464855220608	0.10036055458499053	0.03345351819499684	0.0260194030405531	0.014868230308887485	0.0	0.007434115154443742	0.0	0.0	0.0	0.003717057577221871	0.0	0.0	0.0	0.0	0.0	0.0	0.0	0.0	0.0	0.0	0.0	0.0	0.0	0.0	0.0
Sor-ACeb_022-Ex1-5G-lcwgs-1-2-L3-fastp	90.66364467772078	7.105650324068552	1.4433973517833711	0.4692035468607102	0.17893355600620303	0.06362081991331663	0.035786711201240606	0.01192890373374687	0.015905204978329156	0.0	0.0	0.003976301244582289	0.0	0.0	0.003976301244582289	0.0	0.0	0.0	0.0	0.0	0.003976301244582289	0.0	0.0	0.0	0.0	0.0	0.0	0.0	0.0	0.0	0.0
Sor-CPnd_001-Ex1-3E-lcwgs-1-2-L2-fastp	84.5470434652509	11.56842107994185	2.516122504222509	0.7691755534665221	0.3055427513376684	0.13595052507863425	0.07065622073107135	0.03805230981844724	0.01989098013237015	0.012799413302568619	0.0075239794413747944	0.0038052309818447237	0.0016431679239784036	0.0010377902677758339	0.0007783427008318754	0.0004324126115732641	8.648252231465282e-05	0.00017296504462930564	0.00017296504462930564	8.648252231465282e-05	8.648252231465282e-05	0.0	8.648252231465282e-05	8.648252231465282e-05	0.0	0.0	0.0	0.0	8.648252231465282e-05	0.0	0.00025944756694395847
Sor-CPnd_001-Ex1-3E-lcwgs-1-2-L3-fastp	88.91120124904792	8.771922810117928	1.5538132145591648	0.4339082125700441	0.16712613025042933	0.07656615775827084	0.03918268125488534	0.02029103136413705	0.010095537772304642	0.006796995727888273	0.0029986745858330615	0.0024988954881942182	0.0016992489319720683	0.0005997349171666124	0.0003998232781110749	0.0	0.0	0.0	0.0	0.0	0.0	0.0	9.995581952776873e-05	0.0	0.0	0.0	9.995581952776873e-05	0.0	0.0	9.995581952776873e-05	0.0005997349171666124
Sor-CPnd_002-Ex1-5E-lcwgs-1-2-L2-fastp	86.96996333467793	9.759206969421482	2.033149304322173	0.6362246157365876	0.29049290474843015	0.1381722728285279	0.07706340271046437	0.035521412186854666	0.026641059140141	0.013997844632955442	0.008278295213038163	0.003913375918890769	0.00421440483572852	0.0007525722920943786	0.0	0.00030102891683775145	0.00015051445841887572	0.00015051445841887572	0.00030102891683775145	0.00045154337525662715	0.00015051445841887572	0.00015051445841887572	0.00015051445841887572	0.0	0.0	0.0	0.00015051445841887572	0.0	0.0	0.0	0.00045154337525662715
Sor-CPnd_002-Ex1-5E-lcwgs-1-2-L3-fastp	90.46495495868163	7.523220700869006	1.2856901933706053	0.3934552466533235	0.16037318585788518	0.07811828795260081	0.04216160144081307	0.022751354739759505	0.011296127178481991	0.007955019139776049	0.002545606124728336	0.002863806890319378	0.0019092045935462521	0.000795501913977605	0.0	0.000318200765591042	0.000159100382795521	0.000318200765591042	0.000159100382795521	0.000159100382795521	0.0	0.0	0.0	0.0	0.000159100382795521	0.0	0.000159100382795521	0.0	0.0	0.0	0.00047730114838656304
Sor-CPnd_003-Ex1-2B-lcwgs-1-2-L2-fastp	82.98270423148047	11.769824866746438	3.07081475035353	1.1482649842271293	0.5032089633416731	0.2377896225388883	0.12835853366692046	0.07570977917981073	0.031110627651473946	0.02262591101925378	0.010877841836179703	0.008267159795496573	0.004133579897748286	0.0023931252039595344	0.0010877841836179703	0.0006526705101707821	0.00021755683672359402	0.00021755683672359402	0.0	0.00021755683672359402	0.0	0.00021755683672359402	0.00043511367344718804	0.0	0.0	0.0	0.0	0.0	0.0	0.0	0.0008702273468943761
Sor-CPnd_003-Ex1-2B-lcwgs-1-2-L3-fastp	88.1176163435807	8.864227108505435	1.9081844603907747	0.6306223292136515	0.25128908034723585	0.1111507849664244	0.050680150658266046	0.03244297523199607	0.014973680876305878	0.007294870170507992	0.0034554648176090487	0.0032634945499641016	0.0019197026764494717	0.0005759108029348415	0.0003839405352898943	0.0003839405352898943	0.0	0.00019197026764494716	0.0	0.0003839405352898943	0.0	0.0	0.0	0.0	0.0	0.0	0.00019197026764494716	0.0	0.0	0.00019197026764494716	0.0005759108029348415
Sor-CPnd_004-Ex1-1G-lcwgs-1-2-L2-fastp	85.88797560134569	10.891235241441708	2.1625478273588707	0.6289616209644167	0.23356893195658493	0.09861652270198681	0.0475874361226366	0.022569284725756717	0.011251549570025342	0.008008455870429802	0.003110722528183477	0.001588454056944754	0.0011251549570025342	0.0005956702713542829	0.0002647423428241257	0.0003309279285301571	0.00019855675711809425	0.0	0.00013237117141206284	0.0	0.0	0.0	0.0	0.0	0.0	0.0	0.0	0.0	6.618558570603142e-05	6.618558570603142e-05	0.00019855675711809425
Sor-CPnd_004-Ex1-1G-lcwgs-1-2-L3-fastp	89.94978329560642	8.128384799017297	1.3291975370637907	0.3511306484135384	0.12623706919861866	0.055161118364635074	0.02935745795316713	0.014215190166796714	0.007184851551696166	0.004017336351486028	0.001931411707445206	0.0013906164293605483	0.0006180517463824658	0.0006180517463824658	0.00015451293659561645	0.00023176940489342472	0.0	0.0	0.0	0.0	0.0	7.725646829780823e-05	0.0	0.0	7.725646829780823e-05	7.725646829780823e-05	0.0	7.725646829780823e-05	0.0	0.0	7.725646829780823e-05
Sor-CPnd_005-Ex1-3D-lcwgs-1-2-L2-fastp	79.1708613048324	14.09876568968545	3.9870361773414777	1.4617335983127557	0.6459308097694645	0.30314410951091825	0.15248487756872686	0.08128469813384243	0.044771785603132455	0.025211296747394977	0.01095387375921299	0.007302582506141994	0.004433710807300496	0.002347258662688498	0.0013909680964079988	0.0005216130361529995	0.0006954840482039994	0.0003477420241019997	0.00017387101205099985	0.0	0.0	8.693550602549992e-05	0.0	0.0	8.693550602549992e-05	0.0	8.693550602549992e-05	8.693550602549992e-05	0.0	0.0	0.00026080651807649976
Sor-CPnd_005-Ex1-3D-lcwgs-1-2-L3-fastp	85.0064855216393	10.931818253661344	2.5494264185695603	0.8331603509662953	0.3422416618108672	0.16026772401918998	0.07881673738747805	0.040567438361201934	0.023813613167874382	0.014224945918863016	0.006954418004777474	0.005163128518698427	0.002318139334925825	0.0021073993953871135	0.0008429597581548454	0.0008429597581548454	0.000316109909308067	0.0	0.0	0.0	0.0	0.00010536996976935568	0.00010536996976935568	0.0	0.00010536996976935568	0.0	0.00010536996976935568	0.00010536996976935568	0.0	0.0	0.00010536996976935568
Sor-CPnd_006-Ex1-2D-lcwgs-1-2-L2-fastp	83.39652119443947	11.543940850799872	2.96172533936817	1.0762044386273426	0.49550982306180225	0.24153971207783864	0.12320718915776736	0.07226692697384376	0.03631626347083548	0.02157039810180497	0.012186665594240094	0.007921332636256061	0.0042653329579840325	0.002437333118848019	0.0014623998713088112	0.0008530665915968067	0.0003655999678272028	0.00024373331188480189	0.0003655999678272028	0.00024373331188480189	0.00012186665594240094	0.00012186665594240094	0.0	0.0	0.0	0.0	0.0	0.0	0.0	0.0	0.0006093332797120047
Sor-CPnd_006-Ex1-2D-lcwgs-1-2-L3-fastp	88.57242580640991	8.615494661638017	1.7435453273308408	0.5705169016709379	0.24960114448103538	0.1091264390847168	0.05892612258572566	0.03511867634907964	0.017882516177752213	0.011418956113504424	0.005063122050327434	0.004309040042831858	0.0026931500267699114	0.0008618080085663716	0.0008618080085663716	0.0008618080085663716	0.0002154520021415929	0.0002154520021415929	0.0002154520021415929	0.0	0.00010772600107079645	0.0	0.0	0.0	0.0	0.0	0.0	0.00010772600107079645	0.0	0.00010772600107079645	0.00032317800321238937
Sor-CPnd_007-Ex1-1C-lcwgs-1-2-L2-fastp	85.0471639233357	11.015291867709857	2.518388613468494	0.8099773927542776	0.32100131451810504	0.1400817066235994	0.06441601030656165	0.040067374831832606	0.01987958212810156	0.010633264859217114	0.005701895649145409	0.002928000468480075	0.001386947590332667	0.00046231586344422235	0.0009246317268884447	0.00015410528781474077	0.00015410528781474077	0.00046231586344422235	0.00015410528781474077	0.0	0.0	0.0	0.0	0.0	0.0	0.00015410528781474077	0.0	0.0	0.00015410528781474077	0.0	0.00046231586344422235
Sor-CPnd_007-Ex1-1C-lcwgs-1-2-L3-fastp	88.81330601333686	8.657941893598895	1.6533371522575717	0.49811257013601246	0.1968214799800241	0.08574219323756646	0.04277929555535972	0.0240518786169619	0.010648923357128168	0.005508063805411121	0.005324461678564084	0.002019623395317411	0.0011016127610822242	0.0007344085073881496	0.0003672042536940748	0.0	0.0	0.0001836021268470374	0.0003672042536940748	0.0	0.0	0.0	0.0001836021268470374	0.0	0.0	0.0001836021268470374	0.0	0.0001836021268470374	0.0	0.0	0.0011016127610822242
Sor-CPnd_008-Ex1-1A-lcwgs-1-2-L2-fastp	69.1179379786471	16.469054801001498	6.922944467880107	3.4554260185643884	1.835709003734165	0.9943098704883949	0.5409273055445188	0.2971840239485854	0.16762226589862084	0.09127834825197505	0.04875980141665334	0.027082586843992597	0.0129283130613298	0.00886035248599758	0.003845058625998949	0.0022847449806660423	0.00117023523399968	0.0008916077973330895	0.0005015293859998628	0.0001671764619999543	0.0003343529239999086	0.00011145097466663619	0.0	0.0	0.0	5.5725487333318095e-05	0.00011145097466663619	0.0	5.5725487333318095e-05	0.0	0.00044580389866654476
Sor-CPnd_008-Ex1-1A-lcwgs-1-2-L3-fastp	73.7001271779734	15.145456553887545	5.714507137639648	2.6306003274587018	1.3225583882230536	0.6731930924836603	0.36586078204910955	0.198892701464889	0.1056057205219213	0.06078401548112775	0.034411502579706	0.021051742754643672	0.012318739578953578	0.005725611353598142	0.0038749086938492474	0.0017928682016317412	0.001041020246108753	0.0008675168717572942	0.0005205101230543765	0.00011566891623430589	0.0	5.7834458117152946e-05	0.0	0.0	0.00011566891623430589	5.7834458117152946e-05	0.0	0.0	0.0	5.7834458117152946e-05	0.00040484120682007064
Sor-CPnd_009-Ex1-6A-lcwgs-1-2-L2-fastp	77.3600737170972	14.792687479191398	4.4756008290931435	1.7524065112285172	0.7938936774361338	0.3893800746363189	0.19993072207107376	0.11109130674092184	0.056274304726481095	0.029706555283899382	0.016758981188463994	0.008968016689479058	0.0055489603266151676	0.0029146054240806944	0.0016254530249680793	0.0008968016689479059	0.00039235073016470883	0.0006165511474016853	0.00016815031292773236	0.0003363006258554647	0.00011210020861848823	0.00011210020861848823	5.605010430924412e-05	0.0	0.0	0.0	0.0	0.0	0.0	0.0	0.00044840083447395294
Sor-CPnd_009-Ex1-6A-lcwgs-1-2-L3-fastp	81.20818935338889	12.910879237527384	3.4813221311290286	1.2733473360887142	0.5611830069787926	0.2657135758971927	0.13680917858030128	0.0697314632879373	0.04008853355015019	0.020834744901416083	0.014793233507238521	0.007283691306999119	0.003895927908394878	0.002597285272263252	0.0011857171895114844	0.000564627233100707	0.00033877633986042414	0.00033877633986042414	5.646272331007069e-05	5.646272331007069e-05	5.646272331007069e-05	0.0	0.0	5.646272331007069e-05	5.646272331007069e-05	5.646272331007069e-05	5.646272331007069e-05	0.0	0.0	0.0	0.0005081645097906362
Sor-CPnd_010-Ex1-1H-lcwgs-1-2-L2-fastp	86.99425607328031	9.986001040184576	2.007968638664165	0.6076144260311919	0.2215547322670296	0.09645764455472539	0.0437610691447804	0.021536861254499256	0.011455777263031519	0.004353195359951978	0.0020620399073456733	0.0013746932715637823	0.0004582310905212608	0.0002291155452606304	0.0006873466357818911	0.0	0.0	0.0	0.0	0.0	0.0	0.0	0.0	0.0	0.0002291155452606304	0.0	0.0	0.0	0.0	0.0	0.0
Sor-CPnd_010-Ex1-1H-lcwgs-1-2-L3-fastp	90.707930324694	7.432881078329387	1.2602089373851841	0.3458312122352316	0.13362918040769348	0.06252628317212987	0.022133197583054823	0.01715322812686749	0.00829994909364556	0.0033199796374582236	0.002766649697881853	0.0008299949093645559	0.0005533299395763706	0.0002766649697881853	0.0005533299395763706	0.0	0.0	0.0002766649697881853	0.0002766649697881853	0.0	0.0	0.0	0.0002766649697881853	0.0	0.0	0.0	0.0	0.0	0.0	0.0	0.0002766649697881853
Sor-CPnd_012-Ex1-5B-lcwgs-1-2-L2-fastp	83.72136039998122	11.268935472382577	2.924213938053708	1.0640030699829108	0.49141812780736405	0.2484698399025998	0.1206459111527068	0.0690193999729444	0.03671832078560642	0.022638363191125763	0.012147414395238214	0.00690193999729444	0.004693319198160219	0.0033129311987013313	0.0011043103995671104	0.0011043103995671104	0.0002760775998917776	0.0	0.0008282327996753328	0.0002760775998917776	0.0	0.0002760775998917776	0.0	0.0	0.0	0.0	0.0	0.0	0.0	0.0	0.0016564655993506656
Sor-CPnd_012-Ex1-5B-lcwgs-1-2-L3-fastp	87.95888527722437	8.913238498013584	1.942434727901856	0.6436918201624083	0.27000104854776136	0.12990341710064893	0.0634953922151154	0.0317476961075577	0.020097165425885147	0.011650530681672551	0.004951475539710834	0.0032038959374599513	0.001165053068167255	0.0017475796022508826	0.00029126326704181373	0.00029126326704181373	0.0005825265340836275	0.00029126326704181373	0.0	0.0	0.00029126326704181373	0.0	0.0	0.0	0.0	0.0	0.0	0.0	0.0	0.0	0.0020388428692926963
Sor-CPnd_013-Ex1-7F-lcwgs-1-2-L2-fastp	87.62546792202109	9.28843442609668	1.96551556499052	0.6130386167333776	0.2553922442431412	0.12591356204119333	0.057690126237663876	0.028683012202434004	0.01798765172017048	0.009398953151080068	0.00583383299032556	0.0017825600803772546	0.0011343564147855256	0.000810254581989661	0.000810254581989661	0.0006482036655917288	0.0001620509163979322	0.0	0.0	0.0001620509163979322	0.0	0.0	0.0	0.0	0.0	0.0	0.0	0.0	0.0001620509163979322	0.0	0.0009723054983875934
Sor-CPnd_013-Ex1-7F-lcwgs-1-2-L3-fastp	90.0933522484896	7.661299656418752	1.443768745680433	0.43385812971432164	0.1934504618009742	0.07456936604464903	0.04381570288654543	0.02463599898149159	0.015376831579051797	0.004960268251307031	0.005621637351481302	0.001488080475392109	0.0008267113752178384	0.000992053650261406	0.0	0.0001653422750435677	0.0001653422750435677	0.000496026825130703	0.0001653422750435677	0.0	0.0	0.0	0.0	0.0	0.0	0.0	0.0	0.0	0.0	0.0001653422750435677	0.0008267113752178384
Sor-CPnd_014-Ex1-1F-lcwgs-1-2-L2-fastp	84.57728329412363	11.545444520827877	2.498722046431015	0.790875964921558	0.30871750851729923	0.13888393558048195	0.06895005302431248	0.033409211185977804	0.018159853442194073	0.010494181673141494	0.00434524709903515	0.0020086519608747393	0.001147801120499851	0.0006148934574106345	0.0002049644858035448	0.0002459573829642538	4.099289716070896e-05	0.0	0.0001229786914821269	4.099289716070896e-05	0.0	0.0	0.0	0.0	0.0	0.0	0.0	0.0	0.0	0.0	0.00028695028012496273
Sor-CPnd_014-Ex1-1F-lcwgs-1-2-L3-fastp	87.3871958235147	9.729736027720065	1.9003241137015334	0.557472237699471	0.2230804408678707	0.09936879179117242	0.046646740200127414	0.027380512980984692	0.012525128278535552	0.007198827881018771	0.0035786080795815857	0.002288644702057991	0.001289963377523595	0.0006241758278339975	0.0004161172185559983	0.00020805860927799915	8.322344371119967e-05	0.00016644688742239934	0.0	0.0	0.0	4.1611721855599836e-05	4.1611721855599836e-05	0.0	0.0	0.0	4.1611721855599836e-05	0.0	0.0	0.0	0.0002912820529891988
Sor-CPnd_015-Ex1-5F-lcwgs-1-2-L2-fastp	87.78945540662426	9.174548664200376	1.8731098881487878	0.6287108894558889	0.2570793280245407	0.13119245257537537	0.06873134004408453	0.030868812370676558	0.01953417032831876	0.008681853479252781	0.0055467397228559446	0.005305577126210033	0.001205812983229553	0.001205812983229553	0.0009646503865836424	0.0004823251932918212	0.0002411625966459106	0.0	0.0	0.0002411625966459106	0.0	0.0	0.0	0.0	0.0	0.0004823251932918212	0.0	0.0	0.0	0.0002411625966459106	0.0021704633698131953
Sor-CPnd_015-Ex1-5F-lcwgs-1-2-L3-fastp	91.1867313825536	6.929894223523532	1.217355562716139	0.3648514587715314	0.1469047250547404	0.0718031730405726	0.03450611849299602	0.016999337786990688	0.014969566110932097	0.006089315028175768	0.0025372145950732367	0.0017760502165512656	0.0017760502165512656	0.0002537214595073237	0.0005074429190146474	0.0002537214595073237	0.0	0.0005074429190146474	0.0002537214595073237	0.0	0.0	0.0002537214595073237	0.0002537214595073237	0.0	0.0002537214595073237	0.0	0.0	0.0	0.0	0.0	0.0012686072975366183
Sor-CPnd_016-Ex1-1B-lcwgs-1-2-L2-fastp	76.18799573171943	15.247457357818773	4.93641814705346	1.9556633258283336	0.8728850435043234	0.4075991282885531	0.19427537631826497	0.09758907146842213	0.047666077460986944	0.023381655421203823	0.014895649206558418	0.007041579624918525	0.003701343136175122	0.0009027666185792981	0.000993043280437228	0.00045138330928964904	0.00027082998557378946	0.0	9.02766618579298e-05	0.0	0.0	0.0	0.0	0.0	0.0	0.0	0.0	0.0	9.02766618579298e-05	0.0	0.0006319366330055086
Sor-CPnd_016-Ex1-1B-lcwgs-1-2-L3-fastp	82.15601015102749	12.405607823718743	3.352248611749726	1.193607859088176	0.48400859477239766	0.2134324266968486	0.10268188731298411	0.04763820606232094	0.020337424397835393	0.009616064796802604	0.006079121423266014	0.0029842959714214976	0.002431648569306405	0.0009947653238071659	0.0004421179216920737	0.00022105896084603685	0.0003315884412690553	0.0	0.00011052948042301842	0.0	0.0	0.00011052948042301842	0.00011052948042301842	0.0	0.0	0.00011052948042301842	0.0	0.00011052948042301842	0.0	0.0	0.000773706362961129
Sor-CPnd_017-Ex1-3G-lcwgs-1-2-L2-fastp	86.63713725606678	10.316482015029555	2.0492990168414176	0.5775314105800933	0.22072801259393474	0.09541984732824427	0.05235096682211067	0.02023494816883001	0.01466569637924377	0.0061261769685448655	0.002784625894793121	0.001856417263195414	0.0011138503579172484	0.0011138503579172484	0.0007425669052781655	0.0005569251789586242	0.00018564172631954138	0.00018564172631954138	0.00018564172631954138	0.0	0.00018564172631954138	0.0005569251789586242	0.0	0.0	0.0	0.0	0.00018564172631954138	0.00018564172631954138	0.0	0.0	0.00018564172631954138
Sor-CPnd_017-Ex1-3G-lcwgs-1-2-L3-fastp	90.67775622691958	7.551420712931611	1.2187558214712295	0.31778384123957615	0.1227303110994225	0.05018793078887099	0.027614319997370063	0.013149676189223842	0.010081418411738277	0.0035065803171263578	0.002629935237844768	0.0010958063491019866	0.0010958063491019866	0.00021916126982039736	0.00021916126982039736	0.0004383225396407947	0.00021916126982039736	0.0	0.0	0.00021916126982039736	0.0	0.00021916126982039736	0.00021916126982039736	0.0	0.0	0.0	0.0	0.0	0.0	0.0	0.0004383225396407947
Sor-CPnd_018-Ex1-1E-lcwgs-1-2-L2-fastp	86.15318931040767	10.596188529560493	2.139209237968322	0.6438975125655405	0.2468782069876249	0.11056682697319943	0.0488650056347238	0.027588515518008068	0.015035386349145785	0.008368752779241522	0.004255298023343147	0.0020567273779491875	0.0013475110407253296	0.000921981238391015	0.00042552980233431467	0.0002836865348895431	0.00014184326744477155	0.00014184326744477155	0.00014184326744477155	0.0	7.092163372238577e-05	0.0	0.0	7.092163372238577e-05	0.0	0.0	0.0	0.0	0.0	0.0	0.00035460816861192885
Sor-CPnd_018-Ex1-1E-lcwgs-1-2-L3-fastp	88.72853698345308	8.865704459238897	1.62272608478724	0.45091323789975085	0.16875948102139804	0.07862003126082195	0.039885986555398684	0.020014989643322805	0.011375425768507206	0.0056157165186301395	0.002879854624938533	0.0018719055062100466	0.0012239382155988766	0.00064796729061117	0.00014399273124692666	7.199636562346333e-05	0.00014399273124692666	0.0	7.199636562346333e-05	0.0	0.00014399273124692666	7.199636562346333e-05	0.0	7.199636562346333e-05	7.199636562346333e-05	0.0	0.0	0.0	0.0	0.0	0.00043197819374077995
Sor-CPnd_019-Ex1-6G-lcwgs-1-2-L2-fastp	81.43419588189224	12.794816464378531	3.36231928516444	1.2495817951222692	0.5510238709906256	0.2794423423691151	0.14552091791297314	0.0795667732989247	0.041988249042083155	0.02751284811661613	0.012749856444285522	0.00891531315277108	0.00440972478524161	0.0027800438863479714	0.0015338173166057774	0.0016296808988936384	0.0009586358228786108	0.0	9.586358228786109e-05	0.00019172716457572218	0.00028759074686358324	0.0	0.0	0.0	0.0	0.0	9.586358228786109e-05	0.0	0.0	0.0	0.00038345432915144436
Sor-CPnd_019-Ex1-6G-lcwgs-1-2-L3-fastp	86.48242232634156	9.931153971959226	2.2032515151819614	0.7532092608903878	0.31693509584523655	0.15026228918904133	0.07379151051556934	0.04164029262073731	0.01998287501102407	0.010940344978102565	0.006698170394756672	0.003349085197378336	0.0024559958114107796	0.001674542598689168	0.0003349085197378336	0.00044654469298377816	0.00011163617324594454	0.00022327234649188908	0.00011163617324594454	0.0	0.0	0.00011163617324594454	0.0	0.0	0.00011163617324594454	0.0	0.0	0.00011163617324594454	0.0	0.0	0.0006698170394756672
Sor-CPnd_020-Ex1-2E-lcwgs-1-2-L2-fastp	81.45412091280157	12.596067651422189	3.4034914468437845	1.3072961363736058	0.5674360326942133	0.29772114539971906	0.160164303380884	0.09031737051604623	0.04712699657063932	0.030930606341111725	0.018558363804667032	0.009785319097006254	0.006073646336072848	0.004049097557381899	0.002586923439438435	0.0017995989143919549	0.0007873245250464802	0.0004498997285979887	0.0	0.00011247493214949718	0.00022494986429899436	0.00011247493214949718	0.0	0.0	0.00011247493214949718	0.00011247493214949718	0.0	0.0	0.0	0.00011247493214949718	0.0004498997285979887
Sor-CPnd_020-Ex1-2E-lcwgs-1-2-L3-fastp	87.17293935841624	9.523809523809524	2.033494936880364	0.6921658606125226	0.27833903756546124	0.13705865835674916	0.07275105003033748	0.03583553746433628	0.022090399806782634	0.012763342110585522	0.0074616461569576905	0.0044180799613565275	0.0029453866409043516	0.0020617706486330462	0.00019635910939362343	0.00039271821878724685	0.00039271821878724685	0.00019635910939362343	0.00019635910939362343	0.0	9.817955469681171e-05	0.0	0.0	0.0	0.0	9.817955469681171e-05	0.0	0.0	0.0	0.0	0.00029453866409043515
Sor-CPnd_022-Ex1-7C-lcwgs-1-2-L2-fastp	81.17432600654281	12.826855452161487	3.468485560935127	1.3087317235183806	0.5964760754612379	0.2949421228902976	0.14730204017128615	0.08045412635861413	0.04529770139518611	0.025606722990189158	0.013859744456736049	0.0065073190437114365	0.004225531846565868	0.003295914840321377	0.001183148917038443	0.0010141276431758085	0.0001690212738626347	0.0001690212738626347	0.0001690212738626347	0.0002535319107939521	0.0	0.0	0.0	0.0	0.0	0.0	0.0	0.0	0.0	0.0	0.0006760850954505388
Sor-CPnd_022-Ex1-7C-lcwgs-1-2-L3-fastp	85.72836924752619	10.287197599779773	2.446729958330062	0.8144172221167691	0.3590591120814994	0.16785243296586005	0.08993869261936255	0.04710601138295895	0.026136879733582707	0.013018749981366293	0.008049761438860074	0.004372709917405473	0.0026832538129533583	0.0014906965627518656	0.0010931774793513681	0.000795038166800995	0.0002981393125503731	0.0	0.00019875954170024874	0.0	0.0	9.937977085012437e-05	9.937977085012437e-05	0.0	0.0	0.0	0.0	0.0	9.937977085012437e-05	0.0	0.0008944179376511194
Sor-CPnd_024-Ex1-5G-lcwgs-1-2-L2-fastp	87.11031492496045	9.555116280437941	2.0602787435947216	0.6656782976520352	0.28562687893067884	0.15502097342581644	0.07324520376286203	0.03735799549350794	0.023532595586461695	0.011766297793230848	0.007648093565600051	0.005000676562123111	0.001470787224153856	0.001764944668984627	0.001764944668984627	0.0002941574448307712	0.0011766297793230848	0.0002941574448307712	0.0	0.0005883148896615424	0.0002941574448307712	0.0	0.0002941574448307712	0.0	0.0	0.0	0.0	0.0	0.0002941574448307712	0.0	0.0011766297793230848
Sor-CPnd_024-Ex1-5G-lcwgs-1-2-L3-fastp	90.71910302067667	7.289520337430315	1.290064378152075	0.3999011972022549	0.15914754446907567	0.06878675792376551	0.03595671436924106	0.013757351584753103	0.008129344118263196	0.005315340385018244	0.003126670814716614	0.003126670814716614	0.0012506683258866457	0.0006253341629433229	0.00031266708147166143	0.00031266708147166143	0.0	0.0	0.0	0.0	0.0	0.0	0.00031266708147166143	0.0	0.00031266708147166143	0.00031266708147166143	0.0	0.0	0.0	0.0	0.0006253341629433229
Sor-CPnd_026-Ex1-3H-lcwgs-1-2-L2-fastp	81.75340212222024	12.742731770393128	3.31786425667398	1.1837938912540757	0.5064191149689893	0.2328203501715656	0.1169329752732938	0.0629102892304904	0.03886148060498437	0.020912007500440023	0.010804537208560679	0.004530934958428672	0.0034853345834066707	0.0012198671041923346	0.0005228001875110006	0.0010456003750220011	0.0005228001875110006	0.00017426672917033353	0.00017426672917033353	0.0005228001875110006	0.0	0.00017426672917033353	0.0	0.0	0.0	0.0	0.00017426672917033353	0.0	0.0	0.0	0.0
Sor-CPnd_026-Ex1-3H-lcwgs-1-2-L3-fastp	86.70655572747043	9.857070209796264	2.205944407777285	0.6788353548359174	0.2821808424309966	0.13957564675459572	0.06253854560012119	0.031593867327396864	0.01666251906992848	0.007790268656070458	0.0036787379764777165	0.003462341624920204	0.0010819817577875637	0.001731170812460102	0.0004327927031150255	0.0	0.0	0.0004327927031150255	0.0	0.0	0.0	0.0	0.0	0.00021639635155751275	0.0	0.0	0.0	0.0	0.00021639635155751275	0.0	0.0
Sor-CPnd_027-Ex1-3C-lcwgs-1-2-L2-fastp	77.69513200945312	14.62163818315258	4.384331089177678	1.7048718267103988	0.7592575206471406	0.38684680482912415	0.19766337261362868	0.10751353004776022	0.060066244486776846	0.0343235682781582	0.02008938260986318	0.012618958925793454	0.005653293598755468	0.0029275984707840814	0.0025237917851586907	0.0016152267425015622	0.0007066616998444335	0.0008076133712507811	0.0003028550142190429	0.00020190334281269527	0.00010095167140634764	0.00010095167140634764	0.0	0.0	0.0	0.0	0.0	0.00010095167140634764	0.0	0.0	0.0006057100284380858
Sor-CPnd_027-Ex1-3C-lcwgs-1-2-L3-fastp	83.52327417890587	11.644302396438299	2.9354192834313713	1.0202584223551505	0.43725360958077875	0.19760977975650096	0.10931340239519469	0.05670865926303615	0.03146335700339506	0.018902886421012052	0.011938665108007611	0.004725721605253013	0.003855193941127458	0.0014923331385009514	0.0007461665692504757	0.00037308328462523784	0.0004974443795003171	0.0004974443795003171	0.00024872218975015856	0.00024872218975015856	0.0	0.0	0.0	0.0	0.0	0.0	0.0	0.00012436109487507928	0.0	0.00012436109487507928	0.0006218054743753964
Sor-CPnd_028-Ex1-3A-lcwgs-1-2-L2-fastp	78.4146110603554	14.028988370083212	4.2070997637801755	1.6901651892639324	0.796151345300707	0.3967999209857033	0.21910006008378805	0.10880927101080684	0.05687383227569405	0.036544112200301244	0.018518975777179682	0.01045293299423031	0.006584524720774999	0.003539182037416562	0.0016461311801937498	0.0009876787081162497	0.0013992115031646872	0.0004938393540581249	0.00024691967702906244	8.230655900968748e-05	0.0	0.0003292262360387499	0.0	0.0	0.0	0.0	8.230655900968748e-05	0.0	0.0	0.0	0.0004938393540581249
Sor-CPnd_028-Ex1-3A-lcwgs-1-2-L3-fastp	84.02659929217843	11.178128605435719	2.8526085707748554	1.0364182475817718	0.45273319410570584	0.21409898792224671	0.1054430213368773	0.062311665425301456	0.03057166084928853	0.016454174151368666	0.00963883574547632	0.00525754677025981	0.0037971171118543075	0.0016551536128595699	0.001460429658405503	0.0007788958178162682	0.00019472395445406705	0.0002920859316811006	9.736197722703352e-05	9.736197722703352e-05	9.736197722703352e-05	9.736197722703352e-05	9.736197722703352e-05	9.736197722703352e-05	0.0	0.0	9.736197722703352e-05	0.0	0.0	0.0	0.0008762577950433017
Sor-CPnd_029-Ex1-8E-lcwgs-1-2-L2-fastp	82.19516877319008	12.472544342363195	3.163206663360179	1.1323206760253595	0.5044513440630679	0.24756267641414426	0.12832321705517896	0.06830985787552708	0.038817924555153246	0.021195434624498653	0.012293352082209217	0.007145889387688117	0.003451827924561209	0.0023012186163741395	0.0009689341542627955	0.0005450254617728224	0.0003027919232071236	0.00024223353856569888	0.00018167515392427416	6.055838464142472e-05	6.055838464142472e-05	0.00012111676928284944	0.0	0.0	6.055838464142472e-05	0.0	6.055838464142472e-05	6.055838464142472e-05	0.0	0.0	0.00024223353856569888
Sor-CPnd_029-Ex1-8E-lcwgs-1-2-L3-fastp	87.09437522546271	9.665413325193551	2.0265282903682325	0.662444154618864	0.27131836723367647	0.12820157060798623	0.06840192024863335	0.03676776646224713	0.019424480395149428	0.011238449371479314	0.006590448705497127	0.003191164636345978	0.0027055526264672418	0.0012487165968310347	0.0005549851541471266	0.00034686572134195407	0.00041623886561034494	0.00020811943280517247	0.0	0.0	0.0	0.0	0.0	0.0	0.0	0.0	0.0	0.0	6.937314426839083e-05	0.0	0.0005549851541471266
Sor-CPnd_030-Ex1-2H-lcwgs-1-2-L2-fastp	83.78133711899103	11.47136582003724	2.8229896408768735	1.030563013712722	0.42177164665823125	0.22281887479554363	0.10780894773117715	0.06316287586540341	0.03497618533263381	0.018105319466304563	0.010081371066465039	0.005555041199888899	0.0026746494666131737	0.002468907199950622	0.001234453599975311	0.0008229690666502074	0.0008229690666502074	0.0	0.00020574226666255185	0.00020574226666255185	0.00020574226666255185	0.0	0.0	0.00020574226666255185	0.0	0.0	0.0	0.0	0.00020574226666255185	0.0	0.0004114845333251037
Sor-CPnd_030-Ex1-2H-lcwgs-1-2-L3-fastp	88.81705926218362	8.571668786828676	1.645318828500826	0.5457589448904095	0.21512333494173208	0.1014387858051498	0.04752087262943955	0.026684797707300666	0.012976853679577722	0.005300405024052873	0.004203769501835037	0.0025588162185082833	0.0021932710444356714	0.0005483177611089178	0.00018277258703630595	0.0003655451740726119	0.00018277258703630595	0.0	0.00018277258703630595	0.0	0.0	0.0	0.0003655451740726119	0.0	0.0	0.0	0.0	0.0	0.0	0.0	0.0003655451740726119
Sor-CPnd_031-Ex1-5D-lcwgs-1-2-L2-fastp	80.99535853386982	12.529855366604842	3.5911881811525714	1.4348978838016644	0.6757795914826271	0.344527973016138	0.18705200518960868	0.10305605907846326	0.05796903323163559	0.03470255050601313	0.01682547903321849	0.011961864000178771	0.005783758417668856	0.0035491244835695254	0.0032862263736754866	0.0010515924395761557	0.0013144905494701946	0.0005257962197880779	0.0	0.0002628981098940389	0.0	0.0	0.0	0.0	0.0	0.0	0.0	0.0	0.0	0.00013144905494701946	0.0009201433846291362
Sor-CPnd_031-Ex1-5D-lcwgs-1-2-L3-fastp	86.01641960614586	10.00838563081584	2.3723220082233283	0.8591214022938758	0.36234040251027916	0.17501623025319193	0.09061891365505302	0.049908028565245614	0.028808699415710886	0.01474247998268773	0.008250378705907812	0.004869075957584939	0.0032460506383899584	0.0017582774291278942	0.0012172689893962347	0.0006762605496645747	0.0008115126595974896	0.0	0.0004057563297987448	0.0002705042198658299	0.0	0.0	0.0	0.00013525210993291494	0.0	0.0	0.0	0.0	0.0	0.0	0.0006762605496645747
Sor-CPnd_033-Ex1-2F-lcwgs-1-2-L2-fastp	84.6612375303015	11.132410603572506	2.5972720265424445	0.8771518259101623	0.3731134868237318	0.16980014969223722	0.09160271233397008	0.04691846241496029	0.022565546209099948	0.013628696225297988	0.006255794988661372	0.003127897494330686	0.000446842499190098	0.000670263748785147	0.001117106247975245	0.000446842499190098	0.000223421249595049	0.0	0.000223421249595049	0.0	0.000223421249595049	0.0	0.0	0.000446842499190098	0.0	0.0	0.0	0.0	0.0	0.0	0.001117106247975245
Sor-CPnd_033-Ex1-2F-lcwgs-1-2-L3-fastp	89.59036041518024	8.093254195836144	1.5105593346540196	0.45822243909646393	0.17419062597812118	0.08787294971217721	0.04140915550595961	0.018857690535577853	0.01185896002752834	0.004277001977141369	0.0036937744348039094	0.0013608642654540717	0.0013608642654540717	0.0003888183615583063	0.00019440918077915314	0.0005832275423374593	0.0	0.0	0.00019440918077915314	0.00019440918077915314	0.0	0.0	0.00019440918077915314	0.0	0.0	0.00019440918077915314	0.0	0.0	0.0	0.0	0.0007776367231166125
Sor-CPnd_034-Ex1-4G-lcwgs-1-2-L2-fastp	85.60511503822293	10.831457590622781	2.274112639559216	0.7132660089032908	0.2939616477685039	0.13405073345278273	0.06596984914014899	0.03958190948408939	0.02005483413860529	0.00844414068993907	0.005013708534651323	0.004222070344969535	0.0013193969828029796	0.0005277587931211919	0.0005277587931211919	0.0	0.00026387939656059595	0.0	0.0	0.00026387939656059595	0.0	0.0	0.0	0.0	0.00026387939656059595	0.0	0.0	0.0	0.00026387939656059595	0.0	0.0013193969828029796
Sor-CPnd_034-Ex1-4G-lcwgs-1-2-L3-fastp	90.06419130728128	7.93623514959407	1.2984657100029597	0.390176215799909	0.1549884315616278	0.07383432468644281	0.035325905345668755	0.02068634096818441	0.00986579338482641	0.007001530789231646	0.001591256997552647	0.0022277597965737056	0.000954754198531588	0.000954754198531588	0.0006365027990210587	0.0006365027990210587	0.0	0.0	0.0	0.0	0.0	0.00031825139951052934	0.0	0.0	0.0	0.0	0.0006365027990210587	0.0	0.0	0.0	0.0012730055980421174
Sor-CPnd_036-Ex1-5C-lcwgs-1-2-L2-fastp	82.83711540864167	11.757333456078172	3.025704084115284	1.1684870164456165	0.5445925419359929	0.28722291996817406	0.1629437719050218	0.08614057352525366	0.05247341807110872	0.02932724869638407	0.018148700987000006	0.012362158643318844	0.007496202581586959	0.0034193204758115954	0.002104197215884059	0.0014466355859202905	0.0013151232599275368	0.0005260493039710147	0.000394536977978261	0.00013151232599275368	0.0	0.0	0.00013151232599275368	0.00013151232599275368	0.0	0.0	0.0	0.0	0.00013151232599275368	0.0	0.0009205862819492757
Sor-CPnd_036-Ex1-5C-lcwgs-1-2-L3-fastp	87.1175182064471	9.445043231161574	2.029863732255424	0.7321620042638571	0.31567601935885975	0.1629970258968671	0.08435688679863523	0.04587341447396858	0.026073946828669075	0.01701081023046859	0.00738994214930193	0.005159016217437196	0.003485821768538646	0.0020914930611231875	0.0013943287074154585	0.000836597224449275	0.000836597224449275	0.0005577314829661833	0.00027886574148309166	0.0	0.0	0.0	0.0	0.00027886574148309166	0.0	0.0	0.0	0.0	0.0	0.0	0.0011154629659323667
Sor-CPnd_037-Ex1-6C-lcwgs-1-2-L2-fastp	78.82840931546586	13.794498879107142	4.095537324172048	1.6209689695633387	0.7574418114309325	0.38652129885528047	0.21415624802035477	0.12527904133641063	0.07195271732604415	0.040562044327034086	0.02779776464370168	0.013709781882097765	0.008414969569011733	0.00463296077395028	0.002647406156543017	0.0028365065962960897	0.0013237030782715085	0.001134602638518436	0.00047275109938268165	9.455021987653632e-05	0.00018910043975307265	9.455021987653632e-05	9.455021987653632e-05	0.00018910043975307265	0.0	0.0	0.0	0.0	0.00018910043975307265	0.0	0.000850951978888827
Sor-CPnd_037-Ex1-6C-lcwgs-1-2-L3-fastp	83.88053057165574	11.203221169711613	2.8700170316247817	1.0566694646665766	0.46510288740302047	0.2315547946570752	0.12801403281854565	0.06943321676230807	0.0385370963848217	0.02225849532571598	0.012845698794940566	0.006865804528330304	0.0052047227876052295	0.0025469920024451123	0.0024362532197301076	0.0013288653925800586	0.0008859102617200391	0.0004429551308600196	0.0001107387827150049	0.0004429551308600196	0.00033221634814501464	0.0	0.0	0.0	0.0	0.0	0.0001107387827150049	0.0	0.0	0.0002214775654300098	0.0008859102617200391
Sor-CPnd_038-Ex1-2A-lcwgs-1-2-L2-fastp	76.68163982861077	14.121897580898523	4.765509588839647	2.1074391213962476	1.0636626760516306	0.5467877888516788	0.3150045788463981	0.16961785014806052	0.0914098167792996	0.05648357965521621	0.03509334830649528	0.019050674794954578	0.012032005133655523	0.005180446654768351	0.0035093348306495277	0.002339556553766352	0.0006684447296475291	0.0006684447296475291	0.00033422236482376453	0.0005013335472356468	0.00016711118241188226	0.0	0.0	0.00033422236482376453	0.0	0.00016711118241188226	0.0	0.0	0.0	0.0	0.0005013335472356468
Sor-CPnd_038-Ex1-2A-lcwgs-1-2-L3-fastp	83.07011217311747	11.40809710396501	3.171517480708276	1.2338898388008275	0.5511095180212668	0.26623229273411314	0.1354286961410771	0.07342345532515172	0.039746949240977804	0.021969222853195004	0.010551008343968653	0.006070443156803882	0.004046962104535922	0.0027461528566493755	0.0015898779696391122	0.0010117405261339805	0.0002890687217525658	0.0002890687217525658	0.00043360308262884877	0.0	0.0001445343608762829	0.0	0.0	0.0	0.0	0.0	0.0	0.0001445343608762829	0.0	0.0	0.0011562748870102633
Sor-CPnd_041-Ex1-7A-lcwgs-1-2-L2-fastp	85.31856164148739	11.638602514777684	2.2111546955366332	0.5562379848999617	0.1679082792662542	0.059955296929235194	0.025169517957740292	0.009699880674743769	0.006020615591220271	0.002424970168685942	0.0012542949148375564	0.0011706752538483858	0.0003344786439566817	0.00016723932197834084	0.0	8.361966098917042e-05	8.361966098917042e-05	8.361966098917042e-05	0.0	0.0	8.361966098917042e-05	0.0	8.361966098917042e-05	0.0	0.0	0.0	0.0	0.0	0.0	0.0	0.0009198162708808746
Sor-CPnd_041-Ex1-7A-lcwgs-1-2-L3-fastp	88.08347742263837	9.677071431219685	1.645904324701457	0.383311256492445	0.12403477018177161	0.04440647003110981	0.01828501707163345	0.010027267426379634	0.005645604349306181	0.003201984556322908	0.001263941272232727	0.0006741020118574544	0.0006741020118574544	0.000421313757410909	0.0001685255029643636	0.0001685255029643636	0.0	0.0	8.42627514821818e-05	0.0	0.0	8.42627514821818e-05	0.0	0.0	0.0	0.0001685255029643636	0.0	0.0	0.0	8.42627514821818e-05	0.000842627514821818
Sor-CPnd_043-Ex1-1D-lcwgs-1-2-L2-fastp	82.00845383759733	12.746480216113143	3.2322262831717783	1.1162879389798188	0.4670586365803273	0.21318925790560941	0.10398855871603369	0.053837597330367075	0.027586206896551724	0.013157476561258543	0.007818210710313045	0.005402828539647227	0.0019068806610519626	0.0010805657079294454	0.0002542507548069283	0.0003813761322103925	0.00019068806610519624	0.00012712537740346415	6.356268870173208e-05	6.356268870173208e-05	0.0	0.0	0.0	6.356268870173208e-05	0.0	0.0	0.0	0.0	0.0	0.0	0.0003813761322103925
Sor-CPnd_043-Ex1-1D-lcwgs-1-2-L3-fastp	86.86249233426365	9.866842570622323	2.0998780108030743	0.6640570647352569	0.26230990262214193	0.11985420192782686	0.06029520354968686	0.02863838117317239	0.015239447051019754	0.008539979989943438	0.004490851546435773	0.003018441203342077	0.0011779282744749568	0.0006625846543921632	0.0005153436200827936	0.0005889641372374784	0.0001472410343093696	0.0001472410343093696	0.0	0.00022086155146405442	7.36205171546848e-05	0.0	0.0	0.0	0.0	0.0001472410343093696	0.0	7.36205171546848e-05	0.0	0.0	0.0005889641372374784
Sor-CPnd_044-Ex1-8G-lcwgs-1-2-L2-fastp	84.47849608782735	11.345204087742374	2.5969448162505335	0.8750480450725554	0.36185906907481125	0.1711273740060223	0.08170076659655466	0.04075381028811592	0.02182550029647914	0.012264772290499342	0.006373818670653201	0.0031869093353266006	0.0013520221422597698	0.0013520221422597698	0.0006760110711298849	0.00048286505080706067	9.657301016141213e-05	9.657301016141213e-05	0.0	0.0	0.0	9.657301016141213e-05	9.657301016141213e-05	9.657301016141213e-05	9.657301016141213e-05	0.0	0.0	0.0	0.0	0.0	0.000772584081291297
Sor-CPnd_044-Ex1-8G-lcwgs-1-2-L3-fastp	89.11350205265197	8.432292027665635	1.5921261792948604	0.4913184127370095	0.192368656975892	0.08999171667153363	0.04067807395001142	0.02227067735810681	0.010453583249723605	0.005908547054191603	0.0028406476222075016	0.002386144002654301	0.0011362590488830004	0.0007953813342181004	0.00034087771466490013	0.00034087771466490013	0.0	0.0	0.00011362590488830007	0.0	0.0	0.00022725180977660014	0.0	0.0	0.0	0.0	0.0	0.0	0.0	0.0	0.0009090072391064006
Sor-CPnd_045-Ex1-7B-lcwgs-1-2-L2-fastp	79.43220054521434	13.737948858925236	3.9775897495555963	1.5299790079885236	0.6704402394556451	0.32329031440594386	0.1594592611967892	0.0797296305983946	0.04216185855993171	0.02215535274063195	0.0101514492490521	0.00718752246100769	0.003186221297147739	0.0016301597334244249	0.0011855707152177634	0.0004445890182066613	0.00029639267880444086	7.409816970111021e-05	0.0	0.0	7.409816970111021e-05	0.0	0.0	0.0	0.0	0.0	0.0	0.0	0.0	0.0	0.0008150798667122124
Sor-CPnd_045-Ex1-7B-lcwgs-1-2-L3-fastp	84.71710364363514	10.963549377981213	2.672165595778763	0.9200062790540035	0.3877137464903299	0.17472538057845785	0.07741788174686137	0.042544158517572435	0.02167343924480105	0.0101677863123758	0.0061541864522274585	0.0020513954840758195	0.001605439944059337	0.0006243377560230756	0.00044595554001648254	0.000713528864026372	0.0	0.0002675733240098895	8.91911080032965e-05	0.0	0.000178382216006593	0.0	0.0	0.0	0.0	0.0	0.0	0.0	0.0	0.0	0.0008027199720296685
Sor-CPnd_046-Ex1-5A-lcwgs-1-2-L2-fastp	86.25511266347723	10.117242830893854	2.254122840450768	0.7406606784269778	0.30946191172371423	0.15501538776601492	0.08220082030161159	0.03640728373220167	0.01934136948273214	0.009386252837208245	0.006541933795629989	0.0039820466582095575	0.003413182849893907	0.0014221595207891278	0.0008532957124734767	0.0008532957124734767	0.0	0.0	0.0005688638083156511	0.0	0.0	0.0	0.0	0.0	0.00028443190415782557	0.0	0.0	0.0	0.0	0.0	0.0031287509457360815
Sor-CPnd_046-Ex1-5A-lcwgs-1-2-L3-fastp	89.88960078275579	7.8694070978503685	1.4600045975114495	0.44295254542989676	0.16474416027632222	0.08310886081918223	0.04008086904754888	0.017388024072098412	0.011788490896337905	0.007957231355028085	0.002357698179267581	0.002062985906859133	0.002062985906859133	0.0011788490896337904	0.0008841368172253428	0.0002947122724084476	0.0005894245448168952	0.0002947122724084476	0.0	0.0	0.0	0.0005894245448168952	0.0	0.0	0.0002947122724084476	0.0002947122724084476	0.0	0.0	0.0002947122724084476	0.0002947122724084476	0.0014735613620422382
Sor-CPnd_049-Ex1-3B-lcwgs-1-2-L2-fastp	83.53206090499678	11.826077632425477	2.866823933090285	0.9753377653870899	0.4141110872828651	0.18979197941239545	0.08771177353634999	0.04846665236971907	0.026592322539137896	0.015226249195796697	0.005790263778683251	0.0051469011366073346	0.0019300879262277503	0.0019300879262277503	0.0015011794981771391	0.0004289084280506112	0.0	0.0	0.0	0.0002144542140253056	0.0002144542140253056	0.0	0.0002144542140253056	0.0	0.0	0.0002144542140253056	0.0	0.0	0.0	0.0	0.0002144542140253056
Sor-CPnd_049-Ex1-3B-lcwgs-1-2-L3-fastp	88.20366764509285	8.982058076771668	1.7873230840768404	0.6007941896808182	0.22113664765296606	0.10066076792805265	0.04280064148121924	0.028533760987479492	0.015852089437488608	0.005812432793745822	0.004227223849996961	0.0018494104343736708	0.002377813415623291	0.0005284029812496202	0.0	0.0002642014906248101	0.0002642014906248101	0.0	0.0	0.0	0.0	0.0	0.0002642014906248101	0.0002642014906248101	0.0002642014906248101	0.0	0.0002642014906248101	0.0	0.0	0.0	0.0007926044718744304
Sor-CPnd_050-Ex1-3F-lcwgs-1-2-L2-fastp	83.30796277059119	11.965288319737551	2.8930126047103317	0.9930496999893115	0.4263512007762763	0.1998674070819149	0.09808243255610224	0.051975306140840505	0.029131320780551733	0.01669636850492054	0.008452973176131319	0.0044011347941840745	0.002305356320763087	0.0011876078016052267	0.0008383113893683953	0.00020957784734209882	0.00013971856489473255	0.00013971856489473255	0.0	0.00013971856489473255	6.985928244736627e-05	0.0	0.0	0.0	6.985928244736627e-05	6.985928244736627e-05	0.0	0.0	6.985928244736627e-05	0.0	0.0004890149771315639
Sor-CPnd_050-Ex1-3F-lcwgs-1-2-L3-fastp	87.91812648336213	9.190387006151413	1.8572904725769734	0.5771186851155207	0.23620775949755396	0.10413807578668648	0.05271485541760176	0.029707606115891953	0.013885076771558195	0.008799263768022345	0.004520722669809646	0.002260361334904823	0.0025025429065017677	0.0006458175242585207	0.0004843631431938905	0.0004036359526615755	8.072719053231509e-05	0.0	0.0	0.0	8.072719053231509e-05	8.072719053231509e-05	0.0	0.0	0.0	0.0	0.0	0.0	0.0	0.0	0.0005650903337262057
Sor-CPnd_052-Ex1-6D-lcwgs-1-2-L2-fastp	85.1906497312524	11.106507418191464	2.4011065705786128	0.7331661687520132	0.2840955743492897	0.13680547221888875	0.06593947968445053	0.03663304426913919	0.018569163819184345	0.012505763388430275	0.00581075874613932	0.0024000960038401535	0.0016421709499958945	0.001515850107688518	0.0003789625269221295	0.0	0.000505283369229506	0.0001263208423073765	0.0001263208423073765	0.000252641684614753	0.0	0.0	0.0	0.0001263208423073765	0.0	0.0	0.0	0.0	0.0	0.0001263208423073765	0.001010566738459012
Sor-CPnd_052-Ex1-6D-lcwgs-1-2-L3-fastp	89.24360150503993	8.470930374013015	1.524074771116858	0.41490212803716514	0.17245845611755226	0.08401088277261674	0.03935773894798911	0.021467857607994058	0.010447690702557109	0.0064403572823982175	0.004150452470878851	0.001860547659359485	0.0021467857607994057	0.0015743095579195641	0.00042935715215988116	0.00042935715215988116	0.0001431190507199604	0.0	0.0001431190507199604	0.0	0.0	0.0002862381014399208	0.0001431190507199604	0.0	0.0001431190507199604	0.0	0.0	0.0	0.0	0.0	0.0008587143043197623
Sor-CPnd_053-Ex1-2C-lcwgs-1-2-L2-fastp	79.11026659636778	13.172167902987528	4.074029605577974	1.7578203167278303	0.8428906765224321	0.44911247648728264	0.2521363728903807	0.13885771260629662	0.08056531445703677	0.050462076009807046	0.030973274240502256	0.017400715865450705	0.01061443667792493	0.004350178966362676	0.003654150331744648	0.0017400715865450705	0.0003480143173090141	0.0008700357932725352	0.0003480143173090141	0.00017400715865450704	0.00017400715865450704	0.0	0.0	0.00017400715865450704	0.0	0.0	0.0	0.0	0.0	0.0	0.0008700357932725352
Sor-CPnd_053-Ex1-2C-lcwgs-1-2-L3-fastp	85.14280689521118	10.384623691412457	2.613164089858659	0.9706611047517963	0.42794245145923127	0.2150511093490153	0.10474871108176571	0.05769663909363825	0.03687031214807364	0.01712386882190868	0.011107374370967793	0.007404916247311861	0.0043195344775985856	0.0015426908848566376	0.001388421796370974	0.0012341527078853101	0.0004628072654569913	0.00015426908848566377	0.00015426908848566377	0.0	0.0	0.00015426908848566377	0.0	0.00030853817697132753	0.0	0.00015426908848566377	0.0	0.0	0.0	0.0	0.0009256145309139826
Sor-CPnd_054-Ex1-8F-lcwgs-1-2-L2-fastp	89.23832349330684	8.503653475185596	1.526860349564506	0.4248553223826504	0.1557257263108669	0.07084819079908809	0.03647629625299585	0.017069036067107034	0.008183784415736249	0.0067808499444671775	0.004208803413807214	0.0023382241187817855	0.0011691120593908927	0.0	0.0007014672356345355	0.0	0.0	0.00023382241187817852	0.0	0.00023382241187817852	0.0	0.00023382241187817852	0.0	0.00023382241187817852	0.0	0.0	0.00023382241187817852	0.0	0.00046764482375635704	0.0	0.0011691120593908927
Sor-CPnd_054-Ex1-8F-lcwgs-1-2-L3-fastp	92.22227248656833	6.414735850512653	0.9374891894696787	0.24428472209286545	0.0859520318474897	0.04364127932813718	0.02182063966406859	0.010378109108520429	0.007184844767437219	0.004789896511624812	0.001862737532298538	0.0007983160852708021	0.000532210723513868	0.0007983160852708021	0.000532210723513868	0.000266105361756934	0.0	0.000266105361756934	0.0	0.0	0.000266105361756934	0.0	0.000266105361756934	0.0	0.0	0.0	0.000266105361756934	0.0	0.0	0.0	0.0015966321705416042
Sor-CPnd_055-Ex1-7G-lcwgs-1-2-L2-fastp	86.62480451163452	10.28595801146865	2.048718070233638	0.6057532818349841	0.22880432207004406	0.10530306620539312	0.04767546561774323	0.023790341689967298	0.01298516657978295	0.0069191033600303304	0.003980853987962656	0.002274773707407232	0.001137386853703616	0.000284346713425904	0.00018956447561726934	0.0003791289512345387	0.00018956447561726934	9.478223780863467e-05	0.0	0.0	9.478223780863467e-05	9.478223780863467e-05	0.0	0.0	0.0	0.0	0.0	0.0	0.0	0.0	0.000568693426851808
Sor-CPnd_055-Ex1-7G-lcwgs-1-2-L3-fastp	90.49724336276275	7.672956395822316	1.2500251009056407	0.3395873634231834	0.12639700484837937	0.054998873248235686	0.026774299350053883	0.013610268836277391	0.008032289805016166	0.003904585321882858	0.0025658703543801637	0.0010040362256270208	0.0006693574837513471	0.00044623832250089806	0.00011155958062522452	0.00011155958062522452	0.00022311916125044903	0.00011155958062522452	0.0	0.00011155958062522452	0.0	0.0	0.0	0.0	0.00022311916125044903	0.0	0.0	0.0	0.0	0.0	0.0008924766450017961
Sor-CPnd_058-Ex1-2G-lcwgs-1-2-L2-fastp	85.45940482874789	10.760696238068501	2.4213363279056708	0.7564289724873666	0.29331836047164517	0.14868051656372824	0.07209432902863559	0.03952835485682201	0.019539584503088153	0.011005053340819764	0.008085345311622683	0.003593486805165637	0.0022459292532285235	0.0011229646266142617	0.00044918585064570465	0.00044918585064570465	0.00022459292532285232	0.00022459292532285232	0.00022459292532285232	0.0	0.00044918585064570465	0.0	0.0	0.0	0.0	0.0	0.0	0.0	0.0	0.0	0.0008983717012914093
Sor-CPnd_058-Ex1-2G-lcwgs-1-2-L3-fastp	90.36885164321117	7.6680534267571705	1.298047256006529	0.38417899157991126	0.14391782948822582	0.06668391822760117	0.032048092043712804	0.016720743674980592	0.009952823616059876	0.003981129446423951	0.0023886776678543704	0.0011943388339271852	0.0009952823616059877	0.0017915082508907778	0.0	0.0	0.0	0.0	0.0	0.0001990564723211975	0.0	0.0	0.0001990564723211975	0.0	0.0	0.0001990564723211975	0.0	0.0	0.0001990564723211975	0.0	0.000398112944642395
Sor-CPnd_063-Ex1-7D-lcwgs-1-2-L2-fastp	85.73646264036022	10.77754790477519	2.2610005115251464	0.6957533518748832	0.27673807241098525	0.12634770056089673	0.06213496942227341	0.028297135756003493	0.016622093730799255	0.007519518592504425	0.0049470517055950165	0.002374584818685608	0.0012862334434547043	0.0013851744775666046	0.000593646204671402	9.894103411190034e-05	0.0	0.0	0.0	0.0	9.894103411190034e-05	0.0	0.0	0.0	9.894103411190034e-05	0.0001978820682238007	0.0	0.0	0.0	0.0	0.0004947051705595016
Sor-CPnd_063-Ex1-7D-lcwgs-1-2-L3-fastp	89.60298499265423	8.242941421464304	1.4391765411248874	0.40161469703834907	0.16442174348834973	0.06956744609667129	0.032609740357814665	0.019794684497901532	0.012014114868668562	0.007437309204413871	0.0026316632569464466	0.0017163021240955089	0.0010297812744573052	0.0005721007080318363	0.00011442014160636726	0.00034326042481910173	0.0	0.0	0.00011442014160636726	0.00011442014160636726	0.0	0.0	0.0	0.00011442014160636726	0.0	0.00011442014160636726	0.0	0.0	0.0	0.0	0.0005721007080318363
Sor-CPnd_066-Ex1-8B-lcwgs-1-2-L2-fastp	81.01204237796097	12.838716206222802	3.6172542547919115	1.3512321316903182	0.598745682933348	0.2851664162703139	0.14141555674915476	0.0727836030608035	0.03944066903829637	0.021017724948039513	0.008433037787793632	0.005708517887121843	0.002465041814893523	0.0019460856433369917	0.0006486952144456639	0.00038921712866739843	0.0007784342573347969	0.0002594780857782656	0.0001297390428891328	0.0001297390428891328	0.0	0.0	0.0	0.0	0.0001297390428891328	0.0001297390428891328	0.0	0.0	0.0001297390428891328	0.0	0.0009081733002239296
Sor-CPnd_066-Ex1-8B-lcwgs-1-2-L3-fastp	86.27699718988359	9.968044961862706	2.331914893617021	0.7914893617021277	0.3336812525090325	0.14708952228020877	0.07258129265355279	0.03677238057005219	0.018787635487755923	0.008028904054596548	0.005780810919309515	0.0033721397029305503	0.0017663588920112405	0.0008028904054596548	0.0008028904054596548	0.00016057808109193095	0.0003211561621838619	0.00016057808109193095	0.0	0.0	0.00016057808109193095	0.00016057808109193095	0.0	0.00016057808109193095	0.0	0.0	0.0	0.0	0.0	0.0	0.0009634684865515858
Sor-CPnd_069-Ex1-6B-lcwgs-1-2-L2-fastp	77.05789629277902	14.40553086915778	4.6028939585732696	1.9304851837858878	0.9409873975717412	0.4898978542428327	0.2557924257591305	0.14256347156321017	0.07430650119107272	0.04325985245993327	0.02659510718513048	0.011185924910484065	0.007875804273708169	0.004109115273239044	0.002054557636619522	0.0014838471820029881	0.001141420909233068	0.0006848525455398407	0.0	0.00022828418184661357	0.0	0.00011414209092330679	0.0	0.0	0.00011414209092330679	0.0	0.0	0.0	0.0	0.0	0.0007989946364631475
Sor-CPnd_069-Ex1-6B-lcwgs-1-2-L3-fastp	82.81534216290014	11.654560728363643	3.189340724761421	1.2210430217961885	0.5609565959833858	0.2659044256450657	0.13611446814302744	0.06833221279503499	0.03932195746354126	0.018011106390643024	0.014023914899584647	0.006874468088031688	0.003574723405776478	0.0023373191499307744	0.0009624255323244363	0.0012374042558457039	0.0002749787235212675	0.0	0.0	0.00013748936176063376	0.00013748936176063376	0.0	0.0	0.0	0.0	0.0	0.0002749787235212675	0.0	0.0	0.00013748936176063376	0.00109991489408507
Sor-CPnd_072-Ex1-8C-lcwgs-1-2-L2-fastp	75.22106887291565	15.05732810015623	5.109547262246083	2.229490728869626	1.0972171378981301	0.5781268777770332	0.3110221808215173	0.17046407987333156	0.09824667891334964	0.053110803313360946	0.03040441190723165	0.016835958506008053	0.010633236951162982	0.00686729886429276	0.003544412317054328	0.0023260205830669023	0.0009968659641715295	0.000886103079263582	0.0003322886547238432	0.00038767009717781707	0.0001661443273619216	0.0001661443273619216	0.00011076288490794775	0.0001661443273619216	5.5381442453973874e-05	0.0	0.0	0.0	0.0	0.0	0.0004984329820857647
Sor-CPnd_072-Ex1-8C-lcwgs-1-2-L3-fastp	81.35138983221735	12.339985189837803	3.5852991087334316	1.407646648877214	0.6393439384267847	0.31187176879252215	0.1549140240791165	0.08931059171843525	0.04904929522293927	0.03058768549319407	0.016826633222313887	0.010559223277160537	0.004700557458865013	0.002656836824575877	0.0022480926977180497	0.0010218603171445679	0.0009537362960015969	0.0004087441268578272	0.0	6.81240211429712e-05	0.0001362480422859424	0.0	0.0	6.81240211429712e-05	0.0	6.81240211429712e-05	0.0	0.0	6.81240211429712e-05	6.81240211429712e-05	0.0007493642325726832
Undetermined-L2-fastp	81.87569530595997	12.245748602846442	3.3123363862577913	1.2739960828257741	0.5940355737725918	0.31068330393705945	0.16681520638458436	0.0937269522835079	0.05301809622702267	0.03050937992185516	0.018083691736348814	0.010795415975941566	0.006164894910118915	0.0035756390478689708	0.0019385169550707254	0.0011507803832221976	0.0006575887904126843	0.0003767435778406003	0.0002739953293386184	0.00016439719760317107	7.534871556812007e-05	6.164894910118914e-05	2.0549649700396383e-05	1.3699766466930923e-05	1.3699766466930923e-05	6.8498832334654614e-06	1.3699766466930923e-05	6.8498832334654614e-06	0.0	0.0	4.109929940079277e-05
Undetermined-L3-fastp	84.55130397154443	10.818186853913451	2.6892433556450315	0.9836447912573317	0.44884822222593945	0.22314211854276797	0.1208226580600861	0.0683637963104391	0.03900822312539094	0.02297988821024788	0.013957951192143402	0.00791818940418744	0.005025136652181293	0.0029547529291816337	0.001761882837122227	0.0010557585872249921	0.0006170017717548655	0.0004387568154701266	0.00020566725725162181	0.00015767823055957674	0.00013711150483441454	6.170017717548654e-05	3.4277876208603636e-05	3.4277876208603636e-05	2.7422300966882912e-05	6.855575241720728e-06	6.855575241720728e-06	2.056672572516218e-05	0.0	6.855575241720728e-06	2.7422300966882912e-05
