	20.0	21.0	22.0	23.0	24.0	25.0	26.0	27.0	28.0	29.0	30.0	31.0	32.0	33.0	34.0	35.0	36.0	37.0	38.0	39.0	40.0
Sor-ACeb_001-Ex1-8E-lcwgs-1-2.clmp.r1	3.0	61.0	213.0	353.0	624.0	909.0	981.0	1078.0	1227.0	1398.0	1475.0	1751.0	2053.0	2468.0	2998.0	4239.0	6445.0	11093.0	27039.0	234813.0	397499.0
	19.0	20.0	21.0	22.0	23.0	24.0	25.0	26.0	27.0	28.0	29.0	30.0	31.0	32.0	33.0	34.0	35.0	36.0	37.0	38.0	39.0	40.0
Sor-ACeb_001-Ex1-8E-lcwgs-1-2.clmp.r2	1.0	35.0	191.0	335.0	491.0	742.0	1040.0	1224.0	1313.0	1393.0	1352.0	1460.0	1623.0	1965.0	2424.0	3073.0	3973.0	5999.0	9462.0	19712.0	136804.0	504108.0
	20.0	21.0	22.0	23.0	24.0	25.0	26.0	27.0	28.0	29.0	30.0	31.0	32.0	33.0	34.0	35.0	36.0	37.0	38.0	39.0	40.0
Sor-ACeb_002-Ex1-9E-lcwgs-1-2.clmp.r1	2.0	18.0	36.0	49.0	84.0	86.0	125.0	142.0	202.0	172.0	190.0	204.0	266.0	320.0	409.0	545.0	851.0	1418.0	3720.0	36656.0	64229.0
	20.0	21.0	22.0	23.0	24.0	25.0	26.0	27.0	28.0	29.0	30.0	31.0	32.0	33.0	34.0	35.0	36.0	37.0	38.0	39.0	40.0
Sor-ACeb_002-Ex1-9E-lcwgs-1-2.clmp.r2	9.0	39.0	66.0	64.0	110.0	95.0	121.0	116.0	117.0	153.0	139.0	177.0	233.0	255.0	339.0	447.0	668.0	1020.0	2331.0	20938.0	82287.0
	20.0	21.0	22.0	23.0	24.0	25.0	26.0	27.0	28.0	29.0	30.0	31.0	32.0	33.0	34.0	35.0	36.0	37.0	38.0	39.0	40.0
Sor-ACeb_003-Ex1-10E-lcwgs-1-2.clmp.r1	2.0	15.0	31.0	54.0	116.0	155.0	176.0	245.0	269.0	340.0	369.0	414.0	552.0	645.0	842.0	1146.0	1895.0	3646.0	11301.0	103268.0	170937.0
	20.0	21.0	22.0	23.0	24.0	25.0	26.0	27.0	28.0	29.0	30.0	31.0	32.0	33.0	34.0	35.0	36.0	37.0	38.0	39.0	40.0
Sor-ACeb_003-Ex1-10E-lcwgs-1-2.clmp.r2	10.0	46.0	92.0	91.0	162.0	195.0	198.0	223.0	239.0	257.0	281.0	344.0	360.0	496.0	650.0	871.0	1219.0	2084.0	5311.0	45715.0	237574.0
	20.0	21.0	22.0	23.0	24.0	25.0	26.0	27.0	28.0	29.0	30.0	31.0	32.0	33.0	34.0	35.0	36.0	37.0	38.0	39.0	40.0
Sor-ACeb_004-Ex1-11E-lcwgs-1-2.clmp.r1	5.0	31.0	65.0	110.0	175.0	191.0	246.0	280.0	335.0	359.0	372.0	375.0	499.0	568.0	747.0	1020.0	1465.0	2453.0	7076.0	64121.0	132186.0
	20.0	21.0	22.0	23.0	24.0	25.0	26.0	27.0	28.0	29.0	30.0	31.0	32.0	33.0	34.0	35.0	36.0	37.0	38.0	39.0	40.0
Sor-ACeb_004-Ex1-11E-lcwgs-1-2.clmp.r2	5.0	43.0	86.0	103.0	157.0	200.0	218.0	207.0	211.0	227.0	274.0	282.0	352.0	426.0	551.0	721.0	1052.0	1690.0	3886.0	29379.0	172609.0
	20.0	21.0	22.0	23.0	24.0	25.0	26.0	27.0	28.0	29.0	30.0	31.0	32.0	33.0	34.0	35.0	36.0	37.0	38.0	39.0	40.0
Sor-ACeb_005-Ex1-12E-lcwgs-1-2.clmp.r1	1.0	8.0	15.0	16.0	40.0	53.0	55.0	61.0	74.0	90.0	91.0	117.0	153.0	176.0	189.0	261.0	464.0	717.0	1785.0	16158.0	25112.0
	20.0	21.0	22.0	23.0	24.0	25.0	26.0	27.0	28.0	29.0	30.0	31.0	32.0	33.0	34.0	35.0	36.0	37.0	38.0	39.0	40.0
Sor-ACeb_005-Ex1-12E-lcwgs-1-2.clmp.r2	5.0	13.0	30.0	44.0	53.0	47.0	55.0	67.0	64.0	81.0	88.0	86.0	118.0	129.0	155.0	228.0	369.0	550.0	1183.0	10552.0	31719.0
	21.0	22.0	23.0	24.0	25.0	26.0	27.0	28.0	29.0	30.0	31.0	32.0	33.0	34.0	35.0	36.0	37.0	38.0	39.0	40.0
Sor-ACeb_006-Ex1-1F-lcwgs-1-2.clmp.r1	6.0	3.0	16.0	21.0	25.0	33.0	38.0	52.0	67.0	62.0	75.0	98.0	104.0	131.0	205.0	334.0	535.0	1321.0	10541.0	18786.0
	20.0	21.0	22.0	23.0	24.0	25.0	26.0	27.0	28.0	29.0	30.0	31.0	32.0	33.0	34.0	35.0	36.0	37.0	38.0	39.0	40.0
Sor-ACeb_006-Ex1-1F-lcwgs-1-2.clmp.r2	3.0	10.0	17.0	26.0	40.0	29.0	32.0	38.0	41.0	50.0	59.0	53.0	67.0	95.0	152.0	165.0	226.0	386.0	967.0	7486.0	22511.0
	21.0	22.0	23.0	24.0	25.0	26.0	27.0	28.0	29.0	30.0	31.0	32.0	33.0	34.0	35.0	36.0	37.0	38.0	39.0	40.0
Sor-ACeb_007-Ex1-2F-lcwgs-1-2.clmp.r1	9.0	8.0	10.0	20.0	16.0	31.0	31.0	44.0	43.0	56.0	50.0	73.0	72.0	98.0	115.0	201.0	376.0	889.0	5794.0	8708.0
	20.0	21.0	22.0	23.0	24.0	25.0	26.0	27.0	28.0	29.0	30.0	31.0	32.0	33.0	34.0	35.0	36.0	37.0	38.0	39.0	40.0
Sor-ACeb_007-Ex1-2F-lcwgs-1-2.clmp.r2	4.0	11.0	13.0	22.0	24.0	31.0	26.0	30.0	24.0	43.0	28.0	51.0	55.0	61.0	77.0	101.0	167.0	243.0	528.0	3639.0	11466.0
	21.0	22.0	23.0	24.0	25.0	26.0	27.0	28.0	29.0	30.0	31.0	32.0	33.0	34.0	35.0	36.0	37.0	38.0	39.0	40.0
Sor-ACeb_008-Ex1-3F-lcwgs-1-2.clmp.r1	7.0	6.0	13.0	20.0	29.0	37.0	51.0	48.0	70.0	86.0	78.0	110.0	116.0	162.0	194.0	318.0	559.0	1550.0	12275.0	23931.0
	20.0	21.0	22.0	23.0	24.0	25.0	26.0	27.0	28.0	29.0	30.0	31.0	32.0	33.0	34.0	35.0	36.0	37.0	38.0	39.0	40.0
Sor-ACeb_008-Ex1-3F-lcwgs-1-2.clmp.r2	1.0	14.0	16.0	26.0	35.0	39.0	44.0	51.0	54.0	60.0	47.0	65.0	80.0	88.0	130.0	171.0	287.0	416.0	946.0	7201.0	29889.0
	21.0	22.0	23.0	24.0	25.0	26.0	27.0	28.0	29.0	30.0	31.0	32.0	33.0	34.0	35.0	36.0	37.0	38.0	39.0	40.0
Sor-ACeb_009-Ex1-4F-lcwgs-1-2.clmp.r1	2.0	4.0	1.0	4.0	7.0	10.0	7.0	11.0	12.0	13.0	19.0	20.0	25.0	37.0	55.0	81.0	121.0	398.0	3428.0	7396.0
	21.0	22.0	23.0	24.0	25.0	26.0	27.0	28.0	29.0	30.0	31.0	32.0	33.0	34.0	35.0	36.0	37.0	38.0	39.0	40.0
Sor-ACeb_009-Ex1-4F-lcwgs-1-2.clmp.r2	6.0	4.0	4.0	7.0	11.0	4.0	10.0	11.0	11.0	14.0	9.0	18.0	29.0	30.0	48.0	53.0	90.0	193.0	1717.0	9382.0
	20.0	21.0	22.0	23.0	24.0	25.0	26.0	27.0	28.0	29.0	30.0	31.0	32.0	33.0	34.0	35.0	36.0	37.0	38.0	39.0	40.0
Sor-ACeb_010-Ex1-5F-lcwgs-1-2.clmp.r1	1.0	7.0	19.0	17.0	52.0	34.0	55.0	53.0	84.0	90.0	103.0	101.0	122.0	148.0	209.0	264.0	449.0	729.0	1975.0	18042.0	35060.0
	20.0	21.0	22.0	23.0	24.0	25.0	26.0	27.0	28.0	29.0	30.0	31.0	32.0	33.0	34.0	35.0	36.0	37.0	38.0	39.0	40.0
Sor-ACeb_010-Ex1-5F-lcwgs-1-2.clmp.r2	5.0	12.0	22.0	30.0	43.0	40.0	61.0	46.0	72.0	60.0	62.0	96.0	89.0	101.0	186.0	196.0	300.0	492.0	1210.0	10144.0	44347.0
	20.0	21.0	22.0	23.0	24.0	25.0	26.0	27.0	28.0	29.0	30.0	31.0	32.0	33.0	34.0	35.0	36.0	37.0	38.0	39.0	40.0
Sor-ACeb_011-Ex1-6F-lcwgs-1-2.clmp.r1	1.0	2.0	5.0	9.0	10.0	13.0	18.0	25.0	30.0	41.0	40.0	39.0	58.0	69.0	84.0	126.0	228.0	356.0	865.0	6818.0	10511.0
	20.0	21.0	22.0	23.0	24.0	25.0	26.0	27.0	28.0	29.0	30.0	31.0	32.0	33.0	34.0	35.0	36.0	37.0	38.0	39.0	40.0
Sor-ACeb_011-Ex1-6F-lcwgs-1-2.clmp.r2	1.0	13.0	11.0	17.0	20.0	26.0	27.0	28.0	27.0	32.0	37.0	33.0	59.0	58.0	82.0	107.0	164.0	267.0	637.0	5545.0	12157.0
	20.0	21.0	22.0	23.0	24.0	25.0	26.0	27.0	28.0	29.0	30.0	31.0	32.0	33.0	34.0	35.0	36.0	37.0	38.0	39.0	40.0
Sor-ACeb_012-Ex1-7F-lcwgs-1-2.clmp.r1	3.0	18.0	26.0	32.0	58.0	75.0	108.0	131.0	118.0	126.0	156.0	225.0	235.0	272.0	359.0	503.0	701.0	1241.0	3469.0	32488.0	62147.0
	20.0	21.0	22.0	23.0	24.0	25.0	26.0	27.0	28.0	29.0	30.0	31.0	32.0	33.0	34.0	35.0	36.0	37.0	38.0	39.0	40.0
Sor-ACeb_012-Ex1-7F-lcwgs-1-2.clmp.r2	6.0	21.0	49.0	61.0	74.0	82.0	90.0	104.0	110.0	109.0	127.0	165.0	199.0	220.0	300.0	365.0	578.0	938.0	2231.0	18968.0	77694.0
	20.0	21.0	22.0	23.0	24.0	25.0	26.0	27.0	28.0	29.0	30.0	31.0	32.0	33.0	34.0	35.0	36.0	37.0	38.0	39.0	40.0
Sor-ACeb_013-Ex1-8F-lcwgs-1-2.clmp.r1	1.0	8.0	19.0	11.0	29.0	25.0	33.0	35.0	47.0	54.0	56.0	61.0	95.0	143.0	150.0	252.0	411.0	623.0	1511.0	13542.0	21519.0
	20.0	21.0	22.0	23.0	24.0	25.0	26.0	27.0	28.0	29.0	30.0	31.0	32.0	33.0	34.0	35.0	36.0	37.0	38.0	39.0	40.0
Sor-ACeb_013-Ex1-8F-lcwgs-1-2.clmp.r2	6.0	32.0	31.0	31.0	37.0	39.0	56.0	45.0	57.0	52.0	66.0	65.0	89.0	99.0	137.0	223.0	292.0	483.0	1177.0	11311.0	24297.0
	21.0	22.0	23.0	24.0	25.0	26.0	27.0	28.0	29.0	30.0	31.0	32.0	33.0	34.0	35.0	36.0	37.0	38.0	39.0	40.0
Sor-ACeb_014-Ex1-9F-lcwgs-1-2.clmp.r1	3.0	9.0	13.0	21.0	25.0	33.0	32.0	30.0	35.0	61.0	71.0	58.0	74.0	110.0	150.0	226.0	410.0	1026.0	9879.0	18904.0
	19.0	20.0	21.0	22.0	23.0	24.0	25.0	26.0	27.0	28.0	29.0	30.0	31.0	32.0	33.0	34.0	35.0	36.0	37.0	38.0	39.0	40.0
Sor-ACeb_014-Ex1-9F-lcwgs-1-2.clmp.r2	1.0	3.0	11.0	20.0	17.0	18.0	27.0	36.0	35.0	32.0	38.0	48.0	47.0	57.0	66.0	96.0	115.0	192.0	262.0	681.0	6074.0	23294.0
	20.0	21.0	22.0	23.0	24.0	25.0	26.0	27.0	28.0	29.0	30.0	31.0	32.0	33.0	34.0	35.0	36.0	37.0	38.0	39.0	40.0
Sor-ACeb_015-Ex1-10F-lcwgs-1-2.clmp.r1	1.0	2.0	14.0	17.0	26.0	30.0	48.0	44.0	40.0	65.0	57.0	69.0	93.0	122.0	139.0	189.0	317.0	493.0	1333.0	13460.0	26177.0
	20.0	21.0	22.0	23.0	24.0	25.0	26.0	27.0	28.0	29.0	30.0	31.0	32.0	33.0	34.0	35.0	36.0	37.0	38.0	39.0	40.0
Sor-ACeb_015-Ex1-10F-lcwgs-1-2.clmp.r2	1.0	8.0	22.0	26.0	21.0	33.0	39.0	44.0	46.0	44.0	36.0	59.0	72.0	97.0	112.0	158.0	215.0	356.0	839.0	7879.0	32629.0
	20.0	21.0	22.0	23.0	24.0	25.0	26.0	27.0	28.0	29.0	30.0	31.0	32.0	33.0	34.0	35.0	36.0	37.0	38.0	39.0	40.0
Sor-ACeb_016-Ex1-11F-lcwgs-1-2.clmp.r1	1.0	40.0	78.0	110.0	182.0	230.0	322.0	327.0	408.0	475.0	526.0	619.0	724.0	844.0	998.0	1404.0	2014.0	3605.0	9695.0	83050.0	179518.0
	20.0	21.0	22.0	23.0	24.0	25.0	26.0	27.0	28.0	29.0	30.0	31.0	32.0	33.0	34.0	35.0	36.0	37.0	38.0	39.0	40.0
Sor-ACeb_016-Ex1-11F-lcwgs-1-2.clmp.r2	12.0	73.0	154.0	153.0	226.0	251.0	266.0	239.0	297.0	280.0	325.0	348.0	419.0	519.0	665.0	942.0	1374.0	2181.0	5284.0	41050.0	230112.0
	20.0	21.0	22.0	23.0	24.0	25.0	26.0	27.0	28.0	29.0	30.0	31.0	32.0	33.0	34.0	35.0	36.0	37.0	38.0	39.0	40.0
Sor-ACeb_017-Ex1-12F-lcwgs-1-2.clmp.r1	3.0	17.0	59.0	85.0	109.0	165.0	202.0	202.0	257.0	290.0	331.0	343.0	445.0	492.0	748.0	889.0	1423.0	2472.0	7009.0	69470.0	142117.0
	20.0	21.0	22.0	23.0	24.0	25.0	26.0	27.0	28.0	29.0	30.0	31.0	32.0	33.0	34.0	35.0	36.0	37.0	38.0	39.0	40.0
Sor-ACeb_017-Ex1-12F-lcwgs-1-2.clmp.r2	9.0	44.0	78.0	141.0	131.0	154.0	194.0	204.0	209.0	216.0	253.0	243.0	345.0	401.0	518.0	716.0	1002.0	1610.0	3805.0	35208.0	181647.0
	21.0	22.0	23.0	24.0	25.0	26.0	27.0	28.0	29.0	30.0	31.0	32.0	33.0	34.0	35.0	36.0	37.0	38.0	39.0	40.0
Sor-ACeb_018-Ex1-1G-lcwgs-1-2.clmp.r1	5.0	12.0	11.0	23.0	31.0	44.0	48.0	69.0	69.0	80.0	100.0	126.0	147.0	199.0	282.0	425.0	787.0	1951.0	16525.0	22944.0
	20.0	21.0	22.0	23.0	24.0	25.0	26.0	27.0	28.0	29.0	30.0	31.0	32.0	33.0	34.0	35.0	36.0	37.0	38.0	39.0	40.0
Sor-ACeb_018-Ex1-1G-lcwgs-1-2.clmp.r2	1.0	19.0	38.0	29.0	47.0	52.0	56.0	70.0	64.0	68.0	70.0	87.0	106.0	165.0	170.0	259.0	391.0	604.0	1419.0	11053.0	29110.0
	21.0	22.0	23.0	24.0	25.0	26.0	27.0	28.0	29.0	30.0	31.0	32.0	33.0	34.0	35.0	36.0	37.0	38.0	39.0	40.0
Sor-ACeb_019-Ex1-3G-lcwgs-1-2.clmp.r1	4.0	6.0	10.0	7.0	11.0	17.0	26.0	25.0	19.0	26.0	33.0	38.0	49.0	60.0	108.0	126.0	230.0	516.0	3615.0	5399.0
	20.0	21.0	22.0	23.0	24.0	25.0	26.0	27.0	28.0	29.0	30.0	31.0	32.0	33.0	34.0	35.0	36.0	37.0	38.0	39.0	40.0
Sor-ACeb_019-Ex1-3G-lcwgs-1-2.clmp.r2	3.0	4.0	6.0	7.0	9.0	20.0	22.0	20.0	39.0	23.0	33.0	31.0	47.0	40.0	71.0	83.0	101.0	169.0	433.0	2678.0	6486.0
	21.0	22.0	23.0	24.0	25.0	26.0	27.0	28.0	29.0	30.0	31.0	32.0	33.0	34.0	35.0	36.0	37.0	38.0	39.0	40.0
Sor-ACeb_020-Ex1-2G-lcwgs-1-2.clmp.r1	2.0	4.0	1.0	11.0	14.0	18.0	25.0	24.0	23.0	23.0	31.0	54.0	47.0	56.0	95.0	113.0	189.0	490.0	3016.0	4099.0
	20.0	21.0	22.0	23.0	24.0	25.0	26.0	27.0	28.0	29.0	30.0	31.0	32.0	33.0	34.0	35.0	36.0	37.0	38.0	39.0	40.0
Sor-ACeb_020-Ex1-2G-lcwgs-1-2.clmp.r2	1.0	5.0	4.0	11.0	11.0	13.0	15.0	21.0	16.0	30.0	30.0	41.0	38.0	33.0	43.0	75.0	92.0	158.0	336.0	2076.0	5286.0
	21.0	22.0	23.0	24.0	25.0	26.0	27.0	28.0	29.0	30.0	31.0	32.0	33.0	34.0	35.0	36.0	37.0	38.0	39.0	40.0
Sor-ACeb_021-Ex1-4G-lcwgs-1-2.clmp.r1	2.0	0.0	1.0	0.0	2.0	5.0	2.0	4.0	4.0	4.0	7.0	2.0	7.0	8.0	7.0	14.0	22.0	63.0	373.0	597.0
	21.0	22.0	23.0	24.0	25.0	26.0	27.0	28.0	29.0	30.0	31.0	32.0	33.0	34.0	35.0	36.0	37.0	38.0	39.0	40.0
Sor-ACeb_021-Ex1-4G-lcwgs-1-2.clmp.r2	1.0	2.0	0.0	0.0	3.0	6.0	2.0	0.0	9.0	1.0	4.0	1.0	3.0	3.0	4.0	13.0	16.0	40.0	238.0	778.0
	21.0	22.0	23.0	24.0	25.0	26.0	27.0	28.0	29.0	30.0	31.0	32.0	33.0	34.0	35.0	36.0	37.0	38.0	39.0	40.0
Sor-ACeb_022-Ex1-5G-lcwgs-1-2.clmp.r1	3.0	3.0	11.0	23.0	38.0	41.0	47.0	55.0	49.0	57.0	59.0	102.0	117.0	150.0	195.0	291.0	460.0	1137.0	8621.0	13589.0
	20.0	21.0	22.0	23.0	24.0	25.0	26.0	27.0	28.0	29.0	30.0	31.0	32.0	33.0	34.0	35.0	36.0	37.0	38.0	39.0	40.0
Sor-ACeb_022-Ex1-5G-lcwgs-1-2.clmp.r2	2.0	7.0	14.0	16.0	32.0	35.0	41.0	57.0	48.0	47.0	56.0	54.0	74.0	95.0	114.0	172.0	239.0	391.0	803.0	6250.0	16501.0
	20.0	21.0	22.0	23.0	24.0	25.0	26.0	27.0	28.0	29.0	30.0	31.0	32.0	33.0	34.0	35.0	36.0	37.0	38.0	39.0	40.0
Sor-CPnd_001-Ex1-3E-lcwgs-1-2.clmp.r1	19.0	251.0	576.0	951.0	1613.0	2141.0	2656.0	2945.0	3251.0	3503.0	4057.0	4358.0	5418.0	6429.0	8081.0	10493.0	15813.0	25194.0	57467.0	446475.0	664492.0
	20.0	21.0	22.0	23.0	24.0	25.0	26.0	27.0	28.0	29.0	30.0	31.0	32.0	33.0	34.0	35.0	36.0	37.0	38.0	39.0	40.0
Sor-CPnd_001-Ex1-3E-lcwgs-1-2.clmp.r2	86.0	567.0	918.0	1227.0	1851.0	2407.0	2855.0	3128.0	3411.0	3615.0	4022.0	4308.0	5084.0	5925.0	7688.0	9866.0	14416.0	22225.0	46175.0	331471.0	794938.0
	20.0	21.0	22.0	23.0	24.0	25.0	26.0	27.0	28.0	29.0	30.0	31.0	32.0	33.0	34.0	35.0	36.0	37.0	38.0	39.0	40.0
Sor-CPnd_002-Ex1-5E-lcwgs-1-2.clmp.r1	12.0	138.0	327.0	577.0	898.0	1301.0	1654.0	1790.0	2032.0	2072.0	2420.0	2704.0	3062.0	3578.0	4675.0	6094.0	8828.0	14307.0	33626.0	245699.0	400625.0
	20.0	21.0	22.0	23.0	24.0	25.0	26.0	27.0	28.0	29.0	30.0	31.0	32.0	33.0	34.0	35.0	36.0	37.0	38.0	39.0	40.0
Sor-CPnd_002-Ex1-5E-lcwgs-1-2.clmp.r2	46.0	308.0	535.0	684.0	959.0	1369.0	1569.0	1705.0	1814.0	1879.0	2124.0	2200.0	2648.0	3162.0	4068.0	5253.0	7610.0	11920.0	24906.0	168889.0	492771.0
	20.0	21.0	22.0	23.0	24.0	25.0	26.0	27.0	28.0	29.0	30.0	31.0	32.0	33.0	34.0	35.0	36.0	37.0	38.0	39.0	40.0
Sor-CPnd_003-Ex1-2B-lcwgs-1-2.clmp.r1	6.0	88.0	233.0	459.0	796.0	992.0	1242.0	1458.0	1519.0	1575.0	1850.0	2043.0	2453.0	2906.0	3818.0	4918.0	7285.0	11905.0	27622.0	223750.0	300027.0
	20.0	21.0	22.0	23.0	24.0	25.0	26.0	27.0	28.0	29.0	30.0	31.0	32.0	33.0	34.0	35.0	36.0	37.0	38.0	39.0	40.0
Sor-CPnd_003-Ex1-2B-lcwgs-1-2.clmp.r2	44.0	229.0	411.0	562.0	815.0	1087.0	1281.0	1429.0	1491.0	1512.0	1651.0	1922.0	2265.0	2640.0	3521.0	4538.0	6579.0	10166.0	21604.0	161369.0	371829.0
	20.0	21.0	22.0	23.0	24.0	25.0	26.0	27.0	28.0	29.0	30.0	31.0	32.0	33.0	34.0	35.0	36.0	37.0	38.0	39.0	40.0
Sor-CPnd_004-Ex1-1G-lcwgs-1-2.clmp.r1	17.0	269.0	580.0	1009.0	1785.0	2499.0	3058.0	3455.0	3838.0	4009.0	4710.0	5089.0	6130.0	7541.0	9947.0	12934.0	19375.0	30708.0	71444.0	584617.0	950729.0
	20.0	21.0	22.0	23.0	24.0	25.0	26.0	27.0	28.0	29.0	30.0	31.0	32.0	33.0	34.0	35.0	36.0	37.0	38.0	39.0	40.0
Sor-CPnd_004-Ex1-1G-lcwgs-1-2.clmp.r2	126.0	637.0	1085.0	1464.0	2325.0	3183.0	3786.0	4044.0	4269.0	4534.0	4990.0	5536.0	6481.0	7586.0	9770.0	12796.0	18723.0	29380.0	62053.0	462954.0	1078021.0
	19.0	20.0	21.0	22.0	23.0	24.0	25.0	26.0	27.0	28.0	29.0	30.0	31.0	32.0	33.0	34.0	35.0	36.0	37.0	38.0	39.0	40.0
Sor-CPnd_005-Ex1-3D-lcwgs-1-2.clmp.r1	1.0	21.0	232.0	600.0	1021.0	1590.0	2152.0	2498.0	2838.0	3327.0	3536.0	4133.0	4580.0	5640.0	6670.0	8816.0	11692.0	16666.0	25915.0	56867.0	436529.0	597576.0
	19.0	20.0	21.0	22.0	23.0	24.0	25.0	26.0	27.0	28.0	29.0	30.0	31.0	32.0	33.0	34.0	35.0	36.0	37.0	38.0	39.0	40.0
Sor-CPnd_005-Ex1-3D-lcwgs-1-2.clmp.r2	2.0	87.0	638.0	1068.0	1398.0	1950.0	2491.0	2869.0	3199.0	3604.0	3813.0	4242.0	4605.0	5477.0	6659.0	8445.0	11007.0	15753.0	23890.0	49952.0	380912.0	660839.0
	20.0	21.0	22.0	23.0	24.0	25.0	26.0	27.0	28.0	29.0	30.0	31.0	32.0	33.0	34.0	35.0	36.0	37.0	38.0	39.0	40.0
Sor-CPnd_006-Ex1-2D-lcwgs-1-2.clmp.r1	19.0	252.0	603.0	994.0	1732.0	2329.0	2648.0	2981.0	3408.0	3483.0	3923.0	4322.0	5063.0	6000.0	7654.0	10053.0	14699.0	23076.0	53488.0	428577.0	572936.0
	20.0	21.0	22.0	23.0	24.0	25.0	26.0	27.0	28.0	29.0	30.0	31.0	32.0	33.0	34.0	35.0	36.0	37.0	38.0	39.0	40.0
Sor-CPnd_006-Ex1-2D-lcwgs-1-2.clmp.r2	97.0	541.0	852.0	1182.0	1687.0	2283.0	2759.0	2948.0	3091.0	3213.0	3560.0	3747.0	4568.0	5499.0	6783.0	9017.0	13057.0	19673.0	40972.0	292079.0	730632.0
	20.0	21.0	22.0	23.0	24.0	25.0	26.0	27.0	28.0	29.0	30.0	31.0	32.0	33.0	34.0	35.0	36.0	37.0	38.0	39.0	40.0
Sor-CPnd_007-Ex1-1C-lcwgs-1-2.clmp.r1	6.0	94.0	166.0	288.0	504.0	682.0	818.0	979.0	1098.0	1259.0	1427.0	1704.0	2189.0	2863.0	3686.0	4939.0	7547.0	12464.0	29037.0	226260.0	323261.0
	19.0	20.0	21.0	22.0	23.0	24.0	25.0	26.0	27.0	28.0	29.0	30.0	31.0	32.0	33.0	34.0	35.0	36.0	37.0	38.0	39.0	40.0
Sor-CPnd_007-Ex1-1C-lcwgs-1-2.clmp.r2	1.0	44.0	261.0	414.0	554.0	759.0	977.0	1058.0	1193.0	1345.0	1471.0	1665.0	1898.0	2310.0	2805.0	3781.0	4926.0	7302.0	11473.0	25399.0	195116.0	356519.0
	20.0	21.0	22.0	23.0	24.0	25.0	26.0	27.0	28.0	29.0	30.0	31.0	32.0	33.0	34.0	35.0	36.0	37.0	38.0	39.0	40.0
Sor-CPnd_008-Ex1-1A-lcwgs-1-2.clmp.r1	26.0	396.0	888.0	1529.0	2214.0	2997.0	3576.0	4107.0	4962.0	5654.0	7093.0	9217.0	12429.0	16731.0	23533.0	31175.0	43836.0	64057.0	133274.0	949121.0	1053044.0
	19.0	20.0	21.0	22.0	23.0	24.0	25.0	26.0	27.0	28.0	29.0	30.0	31.0	32.0	33.0	34.0	35.0	36.0	37.0	38.0	39.0	40.0
Sor-CPnd_008-Ex1-1A-lcwgs-1-2.clmp.r2	2.0	317.0	1892.0	3079.0	4032.0	4896.0	5557.0	6471.0	7053.0	8070.0	8756.0	10128.0	11627.0	14651.0	18104.0	23757.0	31324.0	44416.0	64481.0	134588.0	973164.0	993494.0
	20.0	21.0	22.0	23.0	24.0	25.0	26.0	27.0	28.0	29.0	30.0	31.0	32.0	33.0	34.0	35.0	36.0	37.0	38.0	39.0	40.0
Sor-CPnd_009-Ex1-6A-lcwgs-1-2.clmp.r1	25.0	283.0	721.0	1134.0	1815.0	2364.0	3036.0	3402.0	3929.0	4407.0	5346.0	6439.0	8236.0	10503.0	14685.0	19578.0	28482.0	44462.0	106056.0	962155.0	1212502.0
	19.0	20.0	21.0	22.0	23.0	24.0	25.0	26.0	27.0	28.0	29.0	30.0	31.0	32.0	33.0	34.0	35.0	36.0	37.0	38.0	39.0	40.0
Sor-CPnd_009-Ex1-6A-lcwgs-1-2.clmp.r2	3.0	134.0	995.0	1691.0	2145.0	2962.0	3590.0	4087.0	4378.0	4839.0	5255.0	5881.0	6650.0	8145.0	9994.0	12839.0	17164.0	25110.0	38716.0	85139.0	742983.0	1456860.0
	20.0	21.0	22.0	23.0	24.0	25.0	26.0	27.0	28.0	29.0	30.0	31.0	32.0	33.0	34.0	35.0	36.0	37.0	38.0	39.0	40.0
Sor-CPnd_010-Ex1-1H-lcwgs-1-2.clmp.r1	3.0	69.0	145.0	200.0	342.0	461.0	581.0	668.0	746.0	819.0	932.0	1150.0	1396.0	1836.0	2392.0	3298.0	4907.0	8038.0	18799.0	143296.0	208151.0
	20.0	21.0	22.0	23.0	24.0	25.0	26.0	27.0	28.0	29.0	30.0	31.0	32.0	33.0	34.0	35.0	36.0	37.0	38.0	39.0	40.0
Sor-CPnd_010-Ex1-1H-lcwgs-1-2.clmp.r2	30.0	176.0	279.0	329.0	471.0	618.0	785.0	773.0	907.0	917.0	1065.0	1257.0	1478.0	1767.0	2365.0	3148.0	4707.0	7318.0	16201.0	123476.0	230162.0
	20.0	21.0	22.0	23.0	24.0	25.0	26.0	27.0	28.0	29.0	30.0	31.0	32.0	33.0	34.0	35.0	36.0	37.0	38.0	39.0	40.0
Sor-CPnd_012-Ex1-5B-lcwgs-1-2.clmp.r1	7.0	50.0	131.0	257.0	351.0	563.0	704.0	815.0	905.0	922.0	1046.0	1223.0	1576.0	1782.0	2359.0	3110.0	4492.0	7371.0	17071.0	131079.0	202604.0
	20.0	21.0	22.0	23.0	24.0	25.0	26.0	27.0	28.0	29.0	30.0	31.0	32.0	33.0	34.0	35.0	36.0	37.0	38.0	39.0	40.0
Sor-CPnd_012-Ex1-5B-lcwgs-1-2.clmp.r2	33.0	160.0	276.0	386.0	540.0	660.0	765.0	791.0	901.0	974.0	1070.0	1109.0	1368.0	1660.0	2189.0	2802.0	4003.0	6438.0	13514.0	101629.0	237150.0
	20.0	21.0	22.0	23.0	24.0	25.0	26.0	27.0	28.0	29.0	30.0	31.0	32.0	33.0	34.0	35.0	36.0	37.0	38.0	39.0	40.0
Sor-CPnd_013-Ex1-7F-lcwgs-1-2.clmp.r1	10.0	118.0	219.0	380.0	566.0	754.0	951.0	1114.0	1393.0	1419.0	1768.0	2030.0	2691.0	3416.0	4521.0	6100.0	9286.0	15116.0	36502.0	279764.0	333827.0
	19.0	20.0	21.0	22.0	23.0	24.0	25.0	26.0	27.0	28.0	29.0	30.0	31.0	32.0	33.0	34.0	35.0	36.0	37.0	38.0	39.0	40.0
Sor-CPnd_013-Ex1-7F-lcwgs-1-2.clmp.r2	1.0	46.0	304.0	494.0	640.0	828.0	1067.0	1283.0	1344.0	1505.0	1583.0	1863.0	2151.0	2679.0	3258.0	4162.0	5668.0	8323.0	12833.0	28310.0	208172.0	415431.0
	20.0	21.0	22.0	23.0	24.0	25.0	26.0	27.0	28.0	29.0	30.0	31.0	32.0	33.0	34.0	35.0	36.0	37.0	38.0	39.0	40.0
Sor-CPnd_014-Ex1-1F-lcwgs-1-2.clmp.r1	35.0	419.0	1025.0	1750.0	2882.0	4055.0	4823.0	5697.0	6627.0	7394.0	8563.0	10060.0	12823.0	15974.0	21627.0	28762.0	43013.0	68596.0	166322.0	1447916.0	1811865.0
	19.0	20.0	21.0	22.0	23.0	24.0	25.0	26.0	27.0	28.0	29.0	30.0	31.0	32.0	33.0	34.0	35.0	36.0	37.0	38.0	39.0	40.0
Sor-CPnd_014-Ex1-1F-lcwgs-1-2.clmp.r2	1.0	221.0	1450.0	2547.0	3304.0	4619.0	6015.0	7141.0	7561.0	8371.0	8857.0	10120.0	11566.0	13707.0	16345.0	21312.0	28073.0	41451.0	63549.0	138984.0	1095121.0	2179913.0
	20.0	21.0	22.0	23.0	24.0	25.0	26.0	27.0	28.0	29.0	30.0	31.0	32.0	33.0	34.0	35.0	36.0	37.0	38.0	39.0	40.0
Sor-CPnd_015-Ex1-5F-lcwgs-1-2.clmp.r1	4.0	69.0	161.0	307.0	520.0	670.0	877.0	986.0	1107.0	1195.0	1320.0	1458.0	1789.0	2035.0	2629.0	3461.0	5107.0	8255.0	19861.0	148291.0	236092.0
	20.0	21.0	22.0	23.0	24.0	25.0	26.0	27.0	28.0	29.0	30.0	31.0	32.0	33.0	34.0	35.0	36.0	37.0	38.0	39.0	40.0
Sor-CPnd_015-Ex1-5F-lcwgs-1-2.clmp.r2	32.0	161.0	309.0	378.0	534.0	703.0	847.0	926.0	952.0	1002.0	1162.0	1230.0	1480.0	1814.0	2298.0	3063.0	4508.0	6882.0	14614.0	104188.0	289111.0
	20.0	21.0	22.0	23.0	24.0	25.0	26.0	27.0	28.0	29.0	30.0	31.0	32.0	33.0	34.0	35.0	36.0	37.0	38.0	39.0	40.0
Sor-CPnd_016-Ex1-1B-lcwgs-1-2.clmp.r1	14.0	132.0	320.0	551.0	841.0	1201.0	1415.0	1643.0	1903.0	2208.0	2739.0	3094.0	4035.0	5242.0	7231.0	9953.0	14758.0	22590.0	51206.0	410831.0	562161.0
	20.0	21.0	22.0	23.0	24.0	25.0	26.0	27.0	28.0	29.0	30.0	31.0	32.0	33.0	34.0	35.0	36.0	37.0	38.0	39.0	40.0
Sor-CPnd_016-Ex1-1B-lcwgs-1-2.clmp.r2	86.0	583.0	897.0	1274.0	1625.0	1899.0	2176.0	2407.0	2680.0	2908.0	3434.0	3839.0	4945.0	5930.0	7785.0	10289.0	14931.0	22986.0	48764.0	405662.0	558968.0
	20.0	21.0	22.0	23.0	24.0	25.0	26.0	27.0	28.0	29.0	30.0	31.0	32.0	33.0	34.0	35.0	36.0	37.0	38.0	39.0	40.0
Sor-CPnd_017-Ex1-3G-lcwgs-1-2.clmp.r1	9.0	78.0	201.0	334.0	562.0	724.0	863.0	977.0	1157.0	1181.0	1335.0	1564.0	1935.0	2209.0	2987.0	3889.0	5926.0	9746.0	23116.0	178305.0	281684.0
	20.0	21.0	22.0	23.0	24.0	25.0	26.0	27.0	28.0	29.0	30.0	31.0	32.0	33.0	34.0	35.0	36.0	37.0	38.0	39.0	40.0
Sor-CPnd_017-Ex1-3G-lcwgs-1-2.clmp.r2	38.0	188.0	336.0	463.0	712.0	869.0	1061.0	1083.0	1205.0	1243.0	1393.0	1550.0	1802.0	2193.0	2780.0	3698.0	5441.0	8379.0	18275.0	134947.0	331126.0
	20.0	21.0	22.0	23.0	24.0	25.0	26.0	27.0	28.0	29.0	30.0	31.0	32.0	33.0	34.0	35.0	36.0	37.0	38.0	39.0	40.0
Sor-CPnd_018-Ex1-1E-lcwgs-1-2.clmp.r1	31.0	323.0	583.0	891.0	1434.0	1978.0	2405.0	2731.0	3240.0	3614.0	4307.0	4939.0	6290.0	7756.0	10603.0	14165.0	21464.0	34468.0	85478.0	713194.0	910236.0
	19.0	20.0	21.0	22.0	23.0	24.0	25.0	26.0	27.0	28.0	29.0	30.0	31.0	32.0	33.0	34.0	35.0	36.0	37.0	38.0	39.0	40.0
Sor-CPnd_018-Ex1-1E-lcwgs-1-2.clmp.r2	1.0	122.0	779.0	1219.0	1629.0	2181.0	2898.0	3486.0	3708.0	3890.0	4154.0	4703.0	5281.0	6578.0	7738.0	10344.0	13681.0	20280.0	31531.0	69585.0	525741.0	1110601.0
	20.0	21.0	22.0	23.0	24.0	25.0	26.0	27.0	28.0	29.0	30.0	31.0	32.0	33.0	34.0	35.0	36.0	37.0	38.0	39.0	40.0
Sor-CPnd_019-Ex1-6G-lcwgs-1-2.clmp.r1	9.0	163.0	409.0	666.0	1130.0	1617.0	1903.0	2130.0	2553.0	2679.0	2939.0	3293.0	4100.0	4856.0	6431.0	8507.0	12581.0	19862.0	45857.0	373186.0	604210.0
	19.0	20.0	21.0	22.0	23.0	24.0	25.0	26.0	27.0	28.0	29.0	30.0	31.0	32.0	33.0	34.0	35.0	36.0	37.0	38.0	39.0	40.0
Sor-CPnd_019-Ex1-6G-lcwgs-1-2.clmp.r2	1.0	76.0	418.0	778.0	1046.0	1509.0	1964.0	2304.0	2460.0	2617.0	2762.0	2957.0	3389.0	4021.0	4755.0	6123.0	7872.0	11733.0	17518.0	36866.0	286085.0	701827.0
	20.0	21.0	22.0	23.0	24.0	25.0	26.0	27.0	28.0	29.0	30.0	31.0	32.0	33.0	34.0	35.0	36.0	37.0	38.0	39.0	40.0
Sor-CPnd_020-Ex1-2E-lcwgs-1-2.clmp.r1	27.0	310.0	742.0	1247.0	2152.0	2739.0	3346.0	3724.0	4191.0	4382.0	4833.0	5500.0	6356.0	7416.0	9492.0	12271.0	17786.0	27900.0	61732.0	489686.0	636575.0
	19.0	20.0	21.0	22.0	23.0	24.0	25.0	26.0	27.0	28.0	29.0	30.0	31.0	32.0	33.0	34.0	35.0	36.0	37.0	38.0	39.0	40.0
Sor-CPnd_020-Ex1-2E-lcwgs-1-2.clmp.r2	1.0	115.0	659.0	1061.0	1471.0	2056.0	2772.0	3352.0	3551.0	3944.0	4083.0	4504.0	4852.0	5805.0	6681.0	8541.0	11058.0	16265.0	24452.0	50579.0	357624.0	788981.0
	20.0	21.0	22.0	23.0	24.0	25.0	26.0	27.0	28.0	29.0	30.0	31.0	32.0	33.0	34.0	35.0	36.0	37.0	38.0	39.0	40.0
Sor-CPnd_022-Ex1-7C-lcwgs-1-2.clmp.r1	13.0	172.0	390.0	750.0	1196.0	1558.0	1963.0	2178.0	2537.0	2825.0	3326.0	3744.0	4788.0	5856.0	7902.0	10913.0	16255.0	25586.0	58430.0	451895.0	660069.0
	20.0	21.0	22.0	23.0	24.0	25.0	26.0	27.0	28.0	29.0	30.0	31.0	32.0	33.0	34.0	35.0	36.0	37.0	38.0	39.0	40.0
Sor-CPnd_022-Ex1-7C-lcwgs-1-2.clmp.r2	96.0	580.0	960.0	1202.0	1656.0	2108.0	2491.0	2835.0	3013.0	3182.0	3603.0	4061.0	4994.0	5886.0	7845.0	10337.0	14829.0	22593.0	48280.0	373415.0	748380.0
	20.0	21.0	22.0	23.0	24.0	25.0	26.0	27.0	28.0	29.0	30.0	31.0	32.0	33.0	34.0	35.0	36.0	37.0	38.0	39.0	40.0
Sor-CPnd_024-Ex1-5G-lcwgs-1-2.clmp.r1	4.0	59.0	141.0	253.0	451.0	593.0	719.0	783.0	922.0	999.0	1019.0	1173.0	1409.0	1643.0	2138.0	2833.0	4302.0	6778.0	16078.0	118672.0	191436.0
	20.0	21.0	22.0	23.0	24.0	25.0	26.0	27.0	28.0	29.0	30.0	31.0	32.0	33.0	34.0	35.0	36.0	37.0	38.0	39.0	40.0
Sor-CPnd_024-Ex1-5G-lcwgs-1-2.clmp.r2	22.0	140.0	237.0	316.0	482.0	636.0	707.0	771.0	791.0	907.0	987.0	1074.0	1310.0	1566.0	2034.0	2575.0	3801.0	5907.0	12362.0	85608.0	230172.0
	20.0	21.0	22.0	23.0	24.0	25.0	26.0	27.0	28.0	29.0	30.0	31.0	32.0	33.0	34.0	35.0	36.0	37.0	38.0	39.0	40.0
Sor-CPnd_026-Ex1-3H-lcwgs-1-2.clmp.r1	9.0	68.0	178.0	365.0	480.0	725.0	833.0	987.0	1080.0	1241.0	1383.0	1557.0	2034.0	2466.0	3236.0	4469.0	6643.0	10446.0	23897.0	188294.0	276421.0
	20.0	21.0	22.0	23.0	24.0	25.0	26.0	27.0	28.0	29.0	30.0	31.0	32.0	33.0	34.0	35.0	36.0	37.0	38.0	39.0	40.0
Sor-CPnd_026-Ex1-3H-lcwgs-1-2.clmp.r2	37.0	216.0	358.0	508.0	738.0	890.0	1094.0	1095.0	1295.0	1363.0	1487.0	1664.0	2075.0	2488.0	3157.0	4140.0	6139.0	9440.0	20273.0	162718.0	305637.0
	20.0	21.0	22.0	23.0	24.0	25.0	26.0	27.0	28.0	29.0	30.0	31.0	32.0	33.0	34.0	35.0	36.0	37.0	38.0	39.0	40.0
Sor-CPnd_027-Ex1-3C-lcwgs-1-2.clmp.r1	12.0	169.0	414.0	659.0	1085.0	1486.0	1706.0	2004.0	2351.0	2482.0	3017.0	3470.0	4173.0	5159.0	6899.0	9298.0	13521.0	21247.0	46538.0	356317.0	496951.0
	19.0	20.0	21.0	22.0	23.0	24.0	25.0	26.0	27.0	28.0	29.0	30.0	31.0	32.0	33.0	34.0	35.0	36.0	37.0	38.0	39.0	40.0
Sor-CPnd_027-Ex1-3C-lcwgs-1-2.clmp.r2	1.0	86.0	497.0	846.0	1077.0	1561.0	1864.0	2215.0	2485.0	2659.0	2808.0	3259.0	3574.0	4265.0	5234.0	6664.0	8621.0	12613.0	19026.0	40698.0	325388.0	533517.0
	20.0	21.0	22.0	23.0	24.0	25.0	26.0	27.0	28.0	29.0	30.0	31.0	32.0	33.0	34.0	35.0	36.0	37.0	38.0	39.0	40.0
Sor-CPnd_028-Ex1-3A-lcwgs-1-2.clmp.r1	22.0	248.0	588.0	1070.0	1604.0	2134.0	2609.0	2884.0	3509.0	3733.0	4102.0	4748.0	6061.0	7329.0	9851.0	12620.0	18041.0	27956.0	61627.0	472748.0	659208.0
	19.0	20.0	21.0	22.0	23.0	24.0	25.0	26.0	27.0	28.0	29.0	30.0	31.0	32.0	33.0	34.0	35.0	36.0	37.0	38.0	39.0	40.0
Sor-CPnd_028-Ex1-3A-lcwgs-1-2.clmp.r2	1.0	119.0	723.0	1160.0	1481.0	2073.0	2635.0	2964.0	3206.0	3621.0	3794.0	4156.0	4647.0	5789.0	6926.0	8867.0	11581.0	17079.0	25465.0	52825.0	404340.0	739240.0
	20.0	21.0	22.0	23.0	24.0	25.0	26.0	27.0	28.0	29.0	30.0	31.0	32.0	33.0	34.0	35.0	36.0	37.0	38.0	39.0	40.0
Sor-CPnd_029-Ex1-8E-lcwgs-1-2.clmp.r1	28.0	393.0	854.0	1448.0	2368.0	3089.0	3728.0	4148.0	4945.0	5322.0	6136.0	6868.0	8425.0	10268.0	13779.0	17615.0	25855.0	40291.0	93172.0	692538.0	1004425.0
	20.0	21.0	22.0	23.0	24.0	25.0	26.0	27.0	28.0	29.0	30.0	31.0	32.0	33.0	34.0	35.0	36.0	37.0	38.0	39.0	40.0
Sor-CPnd_029-Ex1-8E-lcwgs-1-2.clmp.r2	195.0	1071.0	1663.0	2072.0	3004.0	3886.0	4656.0	4872.0	5291.0	5722.0	6227.0	6872.0	8258.0	9921.0	12805.0	16819.0	23768.0	36336.0	75715.0	542061.0	1174481.0
	20.0	21.0	22.0	23.0	24.0	25.0	26.0	27.0	28.0	29.0	30.0	31.0	32.0	33.0	34.0	35.0	36.0	37.0	38.0	39.0	40.0
Sor-CPnd_030-Ex1-2H-lcwgs-1-2.clmp.r1	10.0	123.0	287.0	597.0	928.0	1206.0	1455.0	1679.0	1790.0	2078.0	2179.0	2441.0	2871.0	3384.0	4247.0	5524.0	8236.0	13199.0	29837.0	235903.0	320440.0
	19.0	20.0	21.0	22.0	23.0	24.0	25.0	26.0	27.0	28.0	29.0	30.0	31.0	32.0	33.0	34.0	35.0	36.0	37.0	38.0	39.0	40.0
Sor-CPnd_030-Ex1-2H-lcwgs-1-2.clmp.r2	1.0	43.0	256.0	419.0	627.0	923.0	1250.0	1579.0	1554.0	1722.0	1826.0	2036.0	2129.0	2586.0	2982.0	3746.0	5161.0	7315.0	11177.0	23567.0	168612.0	398903.0
	20.0	21.0	22.0	23.0	24.0	25.0	26.0	27.0	28.0	29.0	30.0	31.0	32.0	33.0	34.0	35.0	36.0	37.0	38.0	39.0	40.0
Sor-CPnd_031-Ex1-5D-lcwgs-1-2.clmp.r1	16.0	156.0	420.0	606.0	1098.0	1485.0	1766.0	2044.0	2313.0	2560.0	2778.0	3225.0	3802.0	4586.0	5861.0	7857.0	11413.0	17902.0	40661.0	312990.0	460356.0
	19.0	20.0	21.0	22.0	23.0	24.0	25.0	26.0	27.0	28.0	29.0	30.0	31.0	32.0	33.0	34.0	35.0	36.0	37.0	38.0	39.0	40.0
Sor-CPnd_031-Ex1-5D-lcwgs-1-2.clmp.r2	1.0	70.0	388.0	717.0	936.0	1369.0	1584.0	1978.0	2095.0	2233.0	2452.0	2725.0	3043.0	3549.0	4314.0	5526.0	7308.0	10479.0	16032.0	33397.0	251658.0	532041.0
	20.0	21.0	22.0	23.0	24.0	25.0	26.0	27.0	28.0	29.0	30.0	31.0	32.0	33.0	34.0	35.0	36.0	37.0	38.0	39.0	40.0
Sor-CPnd_033-Ex1-2F-lcwgs-1-2.clmp.r1	8.0	108.0	301.0	602.0	910.0	1287.0	1488.0	1699.0	1787.0	2007.0	2241.0	2460.0	2820.0	3388.0	4209.0	5514.0	8049.0	12927.0	29086.0	227623.0	288321.0
	20.0	21.0	22.0	23.0	24.0	25.0	26.0	27.0	28.0	29.0	30.0	31.0	32.0	33.0	34.0	35.0	36.0	37.0	38.0	39.0	40.0
Sor-CPnd_033-Ex1-2F-lcwgs-1-2.clmp.r2	44.0	275.0	468.0	634.0	936.0	1236.0	1473.0	1550.0	1607.0	1761.0	2006.0	2192.0	2604.0	3050.0	3860.0	4911.0	7314.0	11091.0	23005.0	162421.0	364397.0
	20.0	21.0	22.0	23.0	24.0	25.0	26.0	27.0	28.0	29.0	30.0	31.0	32.0	33.0	34.0	35.0	36.0	37.0	38.0	39.0	40.0
Sor-CPnd_034-Ex1-4G-lcwgs-1-2.clmp.r1	1.0	43.0	106.0	182.0	346.0	454.0	544.0	599.0	707.0	761.0	833.0	930.0	1193.0	1349.0	1675.0	2354.0	3483.0	5732.0	13529.0	111697.0	198155.0
	20.0	21.0	22.0	23.0	24.0	25.0	26.0	27.0	28.0	29.0	30.0	31.0	32.0	33.0	34.0	35.0	36.0	37.0	38.0	39.0	40.0
Sor-CPnd_034-Ex1-4G-lcwgs-1-2.clmp.r2	19.0	99.0	198.0	295.0	423.0	550.0	669.0	671.0	753.0	755.0	857.0	866.0	1091.0	1241.0	1650.0	2139.0	3191.0	4844.0	10439.0	77711.0	236212.0
	20.0	21.0	22.0	23.0	24.0	25.0	26.0	27.0	28.0	29.0	30.0	31.0	32.0	33.0	34.0	35.0	36.0	37.0	38.0	39.0	40.0
Sor-CPnd_036-Ex1-5C-lcwgs-1-2.clmp.r1	15.0	127.0	354.0	606.0	1034.0	1390.0	1778.0	2024.0	2288.0	2397.0	2807.0	2998.0	3618.0	4430.0	5841.0	7464.0	11040.0	17070.0	39082.0	294369.0	460761.0
	20.0	21.0	22.0	23.0	24.0	25.0	26.0	27.0	28.0	29.0	30.0	31.0	32.0	33.0	34.0	35.0	36.0	37.0	38.0	39.0	40.0
Sor-CPnd_036-Ex1-5C-lcwgs-1-2.clmp.r2	51.0	385.0	637.0	903.0	1242.0	1698.0	1949.0	2086.0	2302.0	2382.0	2624.0	2894.0	3314.0	4033.0	5128.0	6829.0	9822.0	14867.0	30838.0	226834.0	540675.0
	20.0	21.0	22.0	23.0	24.0	25.0	26.0	27.0	28.0	29.0	30.0	31.0	32.0	33.0	34.0	35.0	36.0	37.0	38.0	39.0	40.0
Sor-CPnd_037-Ex1-6C-lcwgs-1-2.clmp.r1	14.0	151.0	371.0	674.0	1108.0	1420.0	1832.0	2036.0	2380.0	2630.0	3056.0	3548.0	4402.0	5334.0	7169.0	9488.0	13887.0	21854.0	49292.0	391462.0	596407.0
	19.0	20.0	21.0	22.0	23.0	24.0	25.0	26.0	27.0	28.0	29.0	30.0	31.0	32.0	33.0	34.0	35.0	36.0	37.0	38.0	39.0	40.0
Sor-CPnd_037-Ex1-6C-lcwgs-1-2.clmp.r2	1.0	91.0	487.0	864.0	1112.0	1561.0	1892.0	2326.0	2420.0	2712.0	2932.0	3293.0	3745.0	4451.0	5308.0	6698.0	8822.0	12657.0	19382.0	40313.0	318893.0	678555.0
	20.0	21.0	22.0	23.0	24.0	25.0	26.0	27.0	28.0	29.0	30.0	31.0	32.0	33.0	34.0	35.0	36.0	37.0	38.0	39.0	40.0
Sor-CPnd_038-Ex1-2A-lcwgs-1-2.clmp.r1	18.0	196.0	409.0	754.0	1207.0	1596.0	2013.0	2130.0	2488.0	2683.0	2931.0	3289.0	4042.0	4860.0	6432.0	8465.0	12219.0	18809.0	42008.0	317087.0	396159.0
	19.0	20.0	21.0	22.0	23.0	24.0	25.0	26.0	27.0	28.0	29.0	30.0	31.0	32.0	33.0	34.0	35.0	36.0	37.0	38.0	39.0	40.0
Sor-CPnd_038-Ex1-2A-lcwgs-1-2.clmp.r2	2.0	75.0	466.0	818.0	1035.0	1418.0	1718.0	2077.0	2195.0	2415.0	2501.0	2885.0	3113.0	3858.0	4515.0	5909.0	7847.0	10980.0	17039.0	34904.0	261680.0	462345.0
	20.0	21.0	22.0	23.0	24.0	25.0	26.0	27.0	28.0	29.0	30.0	31.0	32.0	33.0	34.0	35.0	36.0	37.0	38.0	39.0	40.0
Sor-CPnd_041-Ex1-7A-lcwgs-1-2.clmp.r1	18.0	193.0	394.0	548.0	872.0	1131.0	1436.0	1662.0	2033.0	2280.0	2557.0	3090.0	4093.0	5106.0	6825.0	9200.0	14326.0	23427.0	61892.0	595654.0	742340.0
	20.0	21.0	22.0	23.0	24.0	25.0	26.0	27.0	28.0	29.0	30.0	31.0	32.0	33.0	34.0	35.0	36.0	37.0	38.0	39.0	40.0
Sor-CPnd_041-Ex1-7A-lcwgs-1-2.clmp.r2	69.0	566.0	879.0	988.0	1313.0	1596.0	1913.0	1966.0	2226.0	2428.0	2676.0	3047.0	3744.0	4620.0	6008.0	8119.0	12389.0	19306.0	44768.0	419502.0	940954.0
	20.0	21.0	22.0	23.0	24.0	25.0	26.0	27.0	28.0	29.0	30.0	31.0	32.0	33.0	34.0	35.0	36.0	37.0	38.0	39.0	40.0
Sor-CPnd_043-Ex1-1D-lcwgs-1-2.clmp.r1	27.0	268.0	656.0	1090.0	1745.0	2276.0	2840.0	3258.0	3665.0	4041.0	4741.0	5588.0	6926.0	8619.0	11685.0	15122.0	22447.0	35396.0	80924.0	658458.0	935742.0
	19.0	20.0	21.0	22.0	23.0	24.0	25.0	26.0	27.0	28.0	29.0	30.0	31.0	32.0	33.0	34.0	35.0	36.0	37.0	38.0	39.0	40.0
Sor-CPnd_043-Ex1-1D-lcwgs-1-2.clmp.r2	1.0	155.0	865.0	1484.0	1873.0	2575.0	3323.0	3900.0	4114.0	4628.0	5041.0	5501.0	6316.0	7278.0	9031.0	11720.0	14995.0	21964.0	33686.0	71773.0	563361.0	1031930.0
	20.0	21.0	22.0	23.0	24.0	25.0	26.0	27.0	28.0	29.0	30.0	31.0	32.0	33.0	34.0	35.0	36.0	37.0	38.0	39.0	40.0
Sor-CPnd_044-Ex1-8G-lcwgs-1-2.clmp.r1	17.0	193.0	387.0	705.0	1102.0	1517.0	1846.0	2168.0	2371.0	2611.0	2895.0	3207.0	4037.0	4807.0	6308.0	8458.0	12601.0	20128.0	46596.0	367518.0	592342.0
	20.0	21.0	22.0	23.0	24.0	25.0	26.0	27.0	28.0	29.0	30.0	31.0	32.0	33.0	34.0	35.0	36.0	37.0	38.0	39.0	40.0
Sor-CPnd_044-Ex1-8G-lcwgs-1-2.clmp.r2	90.0	508.0	759.0	1040.0	1538.0	2045.0	2318.0	2487.0	2580.0	2690.0	3115.0	3411.0	4138.0	4809.0	6295.0	8050.0	11718.0	17941.0	38069.0	286919.0	681294.0
	20.0	21.0	22.0	23.0	24.0	25.0	26.0	27.0	28.0	29.0	30.0	31.0	32.0	33.0	34.0	35.0	36.0	37.0	38.0	39.0	40.0
Sor-CPnd_045-Ex1-7B-lcwgs-1-2.clmp.r1	14.0	177.0	439.0	788.0	1322.0	1675.0	1970.0	2269.0	2800.0	2847.0	3374.0	4057.0	5146.0	6370.0	8868.0	11732.0	17538.0	27097.0	62923.0	511146.0	749396.0
	19.0	20.0	21.0	22.0	23.0	24.0	25.0	26.0	27.0	28.0	29.0	30.0	31.0	32.0	33.0	34.0	35.0	36.0	37.0	38.0	39.0	40.0
Sor-CPnd_045-Ex1-7B-lcwgs-1-2.clmp.r2	1.0	121.0	677.0	1047.0	1406.0	1965.0	2412.0	2808.0	3019.0	3360.0	3569.0	4037.0	4507.0	5519.0	6567.0	8804.0	11591.0	16650.0	25213.0	53386.0	438825.0	826464.0
	20.0	21.0	22.0	23.0	24.0	25.0	26.0	27.0	28.0	29.0	30.0	31.0	32.0	33.0	34.0	35.0	36.0	37.0	38.0	39.0	40.0
Sor-CPnd_046-Ex1-5A-lcwgs-1-2.clmp.r1	3.0	62.0	154.0	247.0	406.0	534.0	685.0	731.0	864.0	904.0	1027.0	1180.0	1358.0	1691.0	2135.0	2851.0	4397.0	7060.0	16416.0	128673.0	201213.0
	19.0	20.0	21.0	22.0	23.0	24.0	25.0	26.0	27.0	28.0	29.0	30.0	31.0	32.0	33.0	34.0	35.0	36.0	37.0	38.0	39.0	40.0
Sor-CPnd_046-Ex1-5A-lcwgs-1-2.clmp.r2	1.0	22.0	157.0	267.0	336.0	476.0	560.0	679.0	696.0	730.0	782.0	880.0	1044.0	1191.0	1424.0	1926.0	2566.0	3737.0	5718.0	12322.0	92815.0	244262.0
	20.0	21.0	22.0	23.0	24.0	25.0	26.0	27.0	28.0	29.0	30.0	31.0	32.0	33.0	34.0	35.0	36.0	37.0	38.0	39.0	40.0
Sor-CPnd_049-Ex1-3B-lcwgs-1-2.clmp.r1	3.0	41.0	144.0	247.0	364.0	540.0	636.0	767.0	876.0	936.0	1079.0	1184.0	1465.0	1820.0	2384.0	3255.0	4968.0	7885.0	18602.0	148507.0	227401.0
	20.0	21.0	22.0	23.0	24.0	25.0	26.0	27.0	28.0	29.0	30.0	31.0	32.0	33.0	34.0	35.0	36.0	37.0	38.0	39.0	40.0
Sor-CPnd_049-Ex1-3B-lcwgs-1-2.clmp.r2	31.0	146.0	275.0	378.0	554.0	703.0	869.0	879.0	943.0	1004.0	1178.0	1252.0	1572.0	1785.0	2357.0	2950.0	4653.0	6968.0	15434.0	120764.0	258409.0
	20.0	21.0	22.0	23.0	24.0	25.0	26.0	27.0	28.0	29.0	30.0	31.0	32.0	33.0	34.0	35.0	36.0	37.0	38.0	39.0	40.0
Sor-CPnd_050-Ex1-3F-lcwgs-1-2.clmp.r1	11.0	262.0	615.0	1171.0	1845.0	2419.0	3059.0	3294.0	3784.0	4040.0	4700.0	5419.0	6332.0	7773.0	10261.0	13385.0	19633.0	31281.0	71418.0	574417.0	849944.0
	20.0	21.0	22.0	23.0	24.0	25.0	26.0	27.0	28.0	29.0	30.0	31.0	32.0	33.0	34.0	35.0	36.0	37.0	38.0	39.0	40.0
Sor-CPnd_050-Ex1-3F-lcwgs-1-2.clmp.r2	103.0	655.0	1149.0	1558.0	2143.0	2708.0	3330.0	3578.0	3891.0	4147.0	4663.0	5112.0	6010.0	7361.0	9435.0	12429.0	18064.0	27331.0	57860.0	439157.0	1004379.0
	20.0	21.0	22.0	23.0	24.0	25.0	26.0	27.0	28.0	29.0	30.0	31.0	32.0	33.0	34.0	35.0	36.0	37.0	38.0	39.0	40.0
Sor-CPnd_052-Ex1-6D-lcwgs-1-2.clmp.r1	9.0	111.0	281.0	525.0	756.0	1104.0	1378.0	1560.0	1849.0	1914.0	2168.0	2588.0	3032.0	3622.0	4743.0	6262.0	9445.0	15361.0	36000.0	290761.0	447206.0
	19.0	20.0	21.0	22.0	23.0	24.0	25.0	26.0	27.0	28.0	29.0	30.0	31.0	32.0	33.0	34.0	35.0	36.0	37.0	38.0	39.0	40.0
Sor-CPnd_052-Ex1-6D-lcwgs-1-2.clmp.r2	1.0	62.0	335.0	572.0	708.0	1081.0	1431.0	1643.0	1698.0	1762.0	1895.0	2017.0	2333.0	2764.0	3217.0	4321.0	5566.0	8308.0	12704.0	27225.0	205793.0	545239.0
	20.0	21.0	22.0	23.0	24.0	25.0	26.0	27.0	28.0	29.0	30.0	31.0	32.0	33.0	34.0	35.0	36.0	37.0	38.0	39.0	40.0
Sor-CPnd_053-Ex1-2C-lcwgs-1-2.clmp.r1	16.0	163.0	369.0	648.0	1096.0	1500.0	1871.0	2013.0	2278.0	2457.0	2716.0	3040.0	3723.0	4417.0	5842.0	7726.0	11238.0	17524.0	38593.0	289478.0	371456.0
	20.0	21.0	22.0	23.0	24.0	25.0	26.0	27.0	28.0	29.0	30.0	31.0	32.0	33.0	34.0	35.0	36.0	37.0	38.0	39.0	40.0
Sor-CPnd_053-Ex1-2C-lcwgs-1-2.clmp.r2	64.0	420.0	693.0	924.0	1230.0	1611.0	1907.0	1973.0	2194.0	2386.0	2565.0	2935.0	3503.0	4068.0	5254.0	7007.0	9811.0	15230.0	31886.0	229517.0	442986.0
	20.0	21.0	22.0	23.0	24.0	25.0	26.0	27.0	28.0	29.0	30.0	31.0	32.0	33.0	34.0	35.0	36.0	37.0	38.0	39.0	40.0
Sor-CPnd_054-Ex1-8F-lcwgs-1-2.clmp.r1	7.0	62.0	171.0	272.0	411.0	546.0	661.0	772.0	901.0	1030.0	1118.0	1276.0	1672.0	1873.0	2532.0	3433.0	5134.0	8416.0	20381.0	146559.0	218638.0
	20.0	21.0	22.0	23.0	24.0	25.0	26.0	27.0	28.0	29.0	30.0	31.0	32.0	33.0	34.0	35.0	36.0	37.0	38.0	39.0	40.0
Sor-CPnd_054-Ex1-8F-lcwgs-1-2.clmp.r2	25.0	230.0	261.0	382.0	472.0	660.0	743.0	832.0	927.0	950.0	1107.0	1291.0	1486.0	1790.0	2341.0	2971.0	4580.0	7112.0	15165.0	105785.0	266755.0
	20.0	21.0	22.0	23.0	24.0	25.0	26.0	27.0	28.0	29.0	30.0	31.0	32.0	33.0	34.0	35.0	36.0	37.0	38.0	39.0	40.0
Sor-CPnd_055-Ex1-7G-lcwgs-1-2.clmp.r1	13.0	150.0	419.0	680.0	1164.0	1513.0	1869.0	2185.0	2481.0	2640.0	2932.0	3334.0	4025.0	4894.0	6309.0	8260.0	12715.0	20501.0	47972.0	378930.0	608541.0
	19.0	20.0	21.0	22.0	23.0	24.0	25.0	26.0	27.0	28.0	29.0	30.0	31.0	32.0	33.0	34.0	35.0	36.0	37.0	38.0	39.0	40.0
Sor-CPnd_055-Ex1-7G-lcwgs-1-2.clmp.r2	1.0	74.0	418.0	764.0	980.0	1463.0	1945.0	2316.0	2447.0	2566.0	2646.0	2996.0	3298.0	3920.0	4767.0	6099.0	7929.0	11693.0	17998.0	37297.0	275272.0	724638.0
	20.0	21.0	22.0	23.0	24.0	25.0	26.0	27.0	28.0	29.0	30.0	31.0	32.0	33.0	34.0	35.0	36.0	37.0	38.0	39.0	40.0
Sor-CPnd_058-Ex1-2G-lcwgs-1-2.clmp.r1	18.0	134.0	321.0	598.0	945.0	1295.0	1524.0	1715.0	1904.0	1953.0	2143.0	2314.0	2765.0	3122.0	4123.0	5211.0	7681.0	12259.0	27781.0	214818.0	294154.0
	19.0	20.0	21.0	22.0	23.0	24.0	25.0	26.0	27.0	28.0	29.0	30.0	31.0	32.0	33.0	34.0	35.0	36.0	37.0	38.0	39.0	40.0
Sor-CPnd_058-Ex1-2G-lcwgs-1-2.clmp.r2	1.0	32.0	273.0	430.0	624.0	964.0	1337.0	1557.0	1628.0	1737.0	1792.0	2000.0	2129.0	2455.0	2882.0	3784.0	4838.0	7026.0	10723.0	21846.0	144817.0	373903.0
	20.0	21.0	22.0	23.0	24.0	25.0	26.0	27.0	28.0	29.0	30.0	31.0	32.0	33.0	34.0	35.0	36.0	37.0	38.0	39.0	40.0
Sor-CPnd_063-Ex1-7D-lcwgs-1-2.clmp.r1	9.0	135.0	338.0	572.0	1004.0	1281.0	1705.0	1852.0	2173.0	2404.0	2711.0	2992.0	3844.0	4557.0	6301.0	8265.0	12344.0	20163.0	47254.0	384410.0	562939.0
	19.0	20.0	21.0	22.0	23.0	24.0	25.0	26.0	27.0	28.0	29.0	30.0	31.0	32.0	33.0	34.0	35.0	36.0	37.0	38.0	39.0	40.0
Sor-CPnd_063-Ex1-7D-lcwgs-1-2.clmp.r2	1.0	67.0	425.0	679.0	945.0	1300.0	1696.0	2098.0	2252.0	2358.0	2389.0	2778.0	3041.0	3631.0	4336.0	5743.0	7633.0	11037.0	16993.0	37381.0	282306.0	678164.0
	20.0	21.0	22.0	23.0	24.0	25.0	26.0	27.0	28.0	29.0	30.0	31.0	32.0	33.0	34.0	35.0	36.0	37.0	38.0	39.0	40.0
Sor-CPnd_066-Ex1-8B-lcwgs-1-2.clmp.r1	12.0	97.0	217.0	408.0	644.0	905.0	1131.0	1222.0	1444.0	1547.0	1904.0	2158.0	2603.0	3282.0	4385.0	5759.0	8833.0	13774.0	31521.0	253400.0	388440.0
	20.0	21.0	22.0	23.0	24.0	25.0	26.0	27.0	28.0	29.0	30.0	31.0	32.0	33.0	34.0	35.0	36.0	37.0	38.0	39.0	40.0
Sor-CPnd_066-Ex1-8B-lcwgs-1-2.clmp.r2	54.0	332.0	568.0	762.0	1025.0	1262.0	1486.0	1634.0	1796.0	1903.0	2058.0	2235.0	2807.0	3261.0	4461.0	5766.0	8481.0	12616.0	27465.0	219077.0	424637.0
	20.0	21.0	22.0	23.0	24.0	25.0	26.0	27.0	28.0	29.0	30.0	31.0	32.0	33.0	34.0	35.0	36.0	37.0	38.0	39.0	40.0
Sor-CPnd_069-Ex1-6B-lcwgs-1-2.clmp.r1	10.0	121.0	266.0	484.0	782.0	1023.0	1374.0	1518.0	1661.0	1932.0	2177.0	2568.0	3297.0	4059.0	5482.0	7279.0	10656.0	16539.0	37532.0	301843.0	464334.0
	19.0	20.0	21.0	22.0	23.0	24.0	25.0	26.0	27.0	28.0	29.0	30.0	31.0	32.0	33.0	34.0	35.0	36.0	37.0	38.0	39.0	40.0
Sor-CPnd_069-Ex1-6B-lcwgs-1-2.clmp.r2	2.0	72.0	393.0	654.0	901.0	1124.0	1572.0	1768.0	1856.0	1967.0	2138.0	2593.0	2796.0	3409.0	4082.0	5153.0	6860.0	9958.0	15069.0	31407.0	256154.0	515009.0
	20.0	21.0	22.0	23.0	24.0	25.0	26.0	27.0	28.0	29.0	30.0	31.0	32.0	33.0	34.0	35.0	36.0	37.0	38.0	39.0	40.0
Sor-CPnd_072-Ex1-8C-lcwgs-1-2.clmp.r1	29.0	318.0	762.0	1265.0	2024.0	2657.0	3326.0	3810.0	4334.0	4667.0	5704.0	6606.0	8506.0	10646.0	14534.0	19294.0	28492.0	43554.0	95906.0	706774.0	1003829.0
	19.0	20.0	21.0	22.0	23.0	24.0	25.0	26.0	27.0	28.0	29.0	30.0	31.0	32.0	33.0	34.0	35.0	36.0	37.0	38.0	39.0	40.0
Sor-CPnd_072-Ex1-8C-lcwgs-1-2.clmp.r2	3.0	218.0	1173.0	1891.0	2346.0	3185.0	3847.0	4559.0	4853.0	5359.0	5889.0	6707.0	7585.0	9172.0	11029.0	14324.0	18633.0	27562.0	41216.0	86275.0	662990.0	1048221.0
	19.0	20.0	21.0	22.0	23.0	24.0	25.0	26.0	27.0	28.0	29.0	30.0	31.0	32.0	33.0	34.0	35.0	36.0	37.0	38.0	39.0	40.0
Undetermined.clmp.r1	10.0	9038.0	90851.0	138672.0	157366.0	220323.0	282003.0	345227.0	390652.0	452688.0	503678.0	593583.0	696835.0	890052.0	1119990.0	1508897.0	2007349.0	2928277.0	4519268.0	10372171.0	80438514.0	92075361.0
	19.0	20.0	21.0	22.0	23.0	24.0	25.0	26.0	27.0	28.0	29.0	30.0	31.0	32.0	33.0	34.0	35.0	36.0	37.0	38.0	39.0	40.0
Undetermined.clmp.r2	190.0	34052.0	200904.0	250495.0	273299.0	352117.0	426741.0	493948.0	524775.0	578634.0	613886.0	690340.0	768778.0	928064.0	1107489.0	1433032.0	1867023.0	2705228.0	4079232.0	8732447.0	63088336.0	110591795.0

