Sample	fastp_mqc-generalstats-fastp-pct_duplication	fastp_mqc-generalstats-fastp-after_filtering_q30_rate	fastp_mqc-generalstats-fastp-after_filtering_q30_bases	fastp_mqc-generalstats-fastp-after_filtering_gc_content	fastp_mqc-generalstats-fastp-pct_surviving	fastp_mqc-generalstats-fastp-pct_adapter
Sor-ACeb_001-Ex1-8E-lcwgs-1-2	8.334859999999999	0.973261	140645764.0	0.326661	94.81551498889408	90.19336271458359
Sor-ACeb_002-Ex1-9E-lcwgs-1-2	9.73015	0.977458	22556513.0	0.387018	89.30286087862547	83.11700251288792
Sor-ACeb_003-Ex1-10E-lcwgs-1-2	7.66011	0.982171	49376491.0	0.356743	96.01068025263355	96.31084326086575
Sor-ACeb_004-Ex1-11E-lcwgs-1-2	6.619510000000001	0.978767	34249575.0	0.36701	86.81275902340211	92.2211159839186
Sor-ACeb_005-Ex1-12E-lcwgs-1-2	11.4495	0.974212	10201351.0	0.424071	89.94594953078887	75.633352123885
Sor-ACeb_006-Ex1-1F-lcwgs-1-2	6.98215	0.974222	6433661.0	0.390561	92.58841619682214	83.32137365453613
Sor-ACeb_007-Ex1-2F-lcwgs-1-2	6.4816899999999995	0.966979	3183622.0	0.382175	91.12509438711301	81.94815001258495
Sor-ACeb_008-Ex1-3F-lcwgs-1-2	7.28791	0.976271	7036100.0	0.360659	93.71196754563894	89.39946484830176
Sor-ACeb_009-Ex1-4F-lcwgs-1-2	6.86228	0.981165	1876636.0	0.362399	93.58479358479357	94.26418176418177
Sor-ACeb_010-Ex1-5F-lcwgs-1-2	8.39829	0.979104	10962528.0	0.383905	92.47992826016898	89.28176098866454
Sor-ACeb_011-Ex1-6F-lcwgs-1-2	14.8332	0.973419	4934783.0	0.439335	93.55635656717023	62.23725244016038
Sor-ACeb_012-Ex1-7F-lcwgs-1-2	7.850709999999999	0.980041	20833462.0	0.360744	93.53309384684171	90.7494488213256
Sor-ACeb_013-Ex1-8F-lcwgs-1-2	15.915099999999999	0.974956	10146635.0	0.451376	93.57871691622034	61.80167324758591
Sor-ACeb_014-Ex1-9F-lcwgs-1-2	10.8757	0.978213	6445674.0	0.396593	93.43939935645335	82.57444200418817
Sor-ACeb_015-Ex1-10F-lcwgs-1-2	9.26896	0.980544	8612108.0	0.376466	92.29740522669441	88.45818087260164
Sor-ACeb_016-Ex1-11F-lcwgs-1-2	6.536300000000001	0.978735	45954765.0	0.394615	85.93623089119497	91.30239594767477
Sor-ACeb_017-Ex1-12F-lcwgs-1-2	9.2806	0.981656	42864192.0	0.388678	83.77666081344321	86.5707233531228
Sor-ACeb_018-Ex1-1G-lcwgs-1-2	8.194329999999999	0.973299	9591604.0	0.375406	94.65048153324781	81.98701870608282
Sor-ACeb_019-Ex1-3G-lcwgs-1-2	5.73374	0.964475	2122791.0	0.365283	94.64301019970858	77.0935116139539
Sor-ACeb_020-Ex1-2G-lcwgs-1-2	6.02436	0.962398	1671097.0	0.369462	93.24550397323296	78.86344625679632
Sor-ACeb_021-Ex1-4G-lcwgs-1-2	5.01213	0.963089	200727.0	0.363861	93.53821907013396	86.84003152088259
Sor-ACeb_022-Ex1-5G-lcwgs-1-2	11.5344	0.970749	5565850.0	0.435386	93.27753159363203	70.89775151813556
Sor-CPnd_001-Ex1-3E-lcwgs-1-2	12.950800000000001	0.966118	319340856.0	0.376778	96.70828226458393	65.58280308759485
Sor-CPnd_002-Ex1-5E-lcwgs-1-2	11.5203	0.96591	166005392.0	0.384189	95.87010017150953	71.7704687249317
Sor-CPnd_003-Ex1-2B-lcwgs-1-2	14.532700000000002	0.967019	157789855.0	0.385643	96.62181102652913	57.93829967906863
Sor-CPnd_004-Ex1-1G-lcwgs-1-2	11.5482	0.968989	438697702.0	0.379517	97.13491328336238	64.57591366391864
Sor-CPnd_005-Ex1-3D-lcwgs-1-2	18.0365	0.964739	363535755.0	0.379784	96.88261861882457	43.26999610269626
Sor-CPnd_006-Ex1-2D-lcwgs-1-2	14.0906	0.965229	293170877.0	0.381782	96.43030240669319	62.1558407459578
Sor-CPnd_007-Ex1-1C-lcwgs-1-2	13.3543	0.968578	167879498.0	0.392799	96.21542998010416	55.19451952725573
Sor-CPnd_008-Ex1-1A-lcwgs-1-2	32.915499999999994	0.960832	977351401.0	0.385215	96.36334538815994	17.16566715692442
Sor-CPnd_009-Ex1-6A-lcwgs-1-2	22.7639	0.971855	785711675.0	0.387733	96.57308103583435	47.578573300750314
Sor-CPnd_010-Ex1-1H-lcwgs-1-2	10.9286	0.968107	101739360.0	0.381357	96.86005540071328	60.785050370123
Sor-CPnd_012-Ex1-5B-lcwgs-1-2	14.975	0.96748	98859643.0	0.384631	95.05488803180391	56.903522873366754
Sor-CPnd_013-Ex1-7F-lcwgs-1-2	12.1121	0.967171	179415009.0	0.378254	96.00798661829147	61.553444376384114
Sor-CPnd_014-Ex1-1F-lcwgs-1-2	14.783	0.969333	1019196409.0	0.383283	97.35574328977856	58.08088939112521
Sor-CPnd_015-Ex1-5F-lcwgs-1-2	10.7986	0.966961	98286918.0	0.386817	94.61382539749066	69.05430943499746
Sor-CPnd_016-Ex1-1B-lcwgs-1-2	21.328	0.967582	372064888.0	0.385493	96.42973122565702	29.265590225842885
Sor-CPnd_017-Ex1-3G-lcwgs-1-2	10.8353	0.968718	125970399.0	0.374913	96.58205488861994	66.99527329822381
Sor-CPnd_018-Ex1-1E-lcwgs-1-2	13.1635	0.96905	474874659.0	0.382725	97.13757636076294	63.800331693115666
Sor-CPnd_019-Ex1-6G-lcwgs-1-2	16.5497	0.969227	297289523.0	0.382685	96.17067645332948	58.37327816379556
Sor-CPnd_020-Ex1-2E-lcwgs-1-2	15.7331	0.963856	354489564.0	0.376799	96.47848643927583	57.805558374619814
Sor-CPnd_022-Ex1-7C-lcwgs-1-2	17.640900000000002	0.967802	360510320.0	0.379291	95.74176836457966	51.16393752702118
Sor-CPnd_024-Ex1-5G-lcwgs-1-2	11.2028	0.966617	82162664.0	0.380639	95.47789167741155	67.83008137610386
Sor-CPnd_026-Ex1-3H-lcwgs-1-2	16.0134	0.968215	149422799.0	0.378862	97.0014634474904	52.21782711725337
Sor-CPnd_027-Ex1-3C-lcwgs-1-2	20.0633	0.9664	309545502.0	0.380958	96.92745187253871	41.08833958297378
Sor-CPnd_028-Ex1-3A-lcwgs-1-2	19.791700000000002	0.965131	397063554.0	0.381968	96.51747194781875	45.030496416003174
Sor-CPnd_029-Ex1-8E-lcwgs-1-2	15.6667	0.964618	516323265.0	0.374306	95.99619159699577	57.78011376173781
Sor-CPnd_030-Ex1-2H-lcwgs-1-2	13.5181	0.965155	160932265.0	0.381336	96.64121052359539	63.49285418927999
Sor-CPnd_031-Ex1-5D-lcwgs-1-2	17.488899999999997	0.966154	249686760.0	0.382381	96.56603019094273	51.19781029976721
Sor-CPnd_033-Ex1-2F-lcwgs-1-2	12.486600000000001	0.963894	153341813.0	0.3763	96.1669860961076	61.49318744119594
Sor-CPnd_034-Ex1-4G-lcwgs-1-2	11.7839	0.970908	79327247.0	0.384887	95.47581226392582	71.02304638443422
Sor-CPnd_036-Ex1-5C-lcwgs-1-2	16.1858	0.966137	226631778.0	0.379092	94.86500678447042	59.33558602626605
Sor-CPnd_037-Ex1-6C-lcwgs-1-2	20.2841	0.968604	329815402.0	0.38082	91.99985543229295	51.32356898945236
Sor-CPnd_038-Ex1-2A-lcwgs-1-2	21.3865	0.963916	261274852.0	0.381052	96.36004739611265	41.36266541533199
Sor-CPnd_041-Ex1-7A-lcwgs-1-2	13.200700000000001	0.975133	395828642.0	0.389664	95.8855852035759	63.801570065732996
Sor-CPnd_043-Ex1-1D-lcwgs-1-2	15.7056	0.967394	520531146.0	0.381344	96.93252243806329	49.25817060673805
Sor-CPnd_044-Ex1-8G-lcwgs-1-2	13.0704	0.967682	270799913.0	0.376529	95.39391811878713	61.65908590988667
Sor-CPnd_045-Ex1-7B-lcwgs-1-2	18.517400000000002	0.968751	429323071.0	0.381726	96.12264754332452	43.75618281700816
Sor-CPnd_046-Ex1-5A-lcwgs-1-2	12.2859	0.968971	89317779.0	0.384244	91.94209057627812	65.9152778133347
Sor-CPnd_049-Ex1-3B-lcwgs-1-2	14.1928	0.969276	114126558.0	0.380584	96.92971036176604	55.81394445070554
Sor-CPnd_050-Ex1-3F-lcwgs-1-2	14.5067	0.967492	426708235.0	0.380682	96.83719335535613	58.66284158417335
Sor-CPnd_052-Ex1-6D-lcwgs-1-2	12.7409	0.969509	201418702.0	0.374693	95.67570393223629	68.78784979622755
Sor-CPnd_053-Ex1-2C-lcwgs-1-2	18.8095	0.963719	223902394.0	0.381763	96.1773957332018	48.73994071375008
Sor-CPnd_054-Ex1-8F-lcwgs-1-2	9.17438	0.966174	90550681.0	0.381772	94.09513948155009	71.39192353895251
Sor-CPnd_055-Ex1-7G-lcwgs-1-2	11.072600000000001	0.968703	266778282.0	0.372817	95.27523196053312	66.98743217375464
Sor-CPnd_058-Ex1-2G-lcwgs-1-2	11.390799999999999	0.963372	142143620.0	0.372355	96.26211629927151	67.07943074536922
Sor-CPnd_063-Ex1-7D-lcwgs-1-2	12.2372	0.969229	267466423.0	0.378246	96.14376492968525	63.95090980068967
Sor-CPnd_066-Ex1-8B-lcwgs-1-2	16.8326	0.967918	204843900.0	0.381897	95.04530292686721	48.94082534717121
Sor-CPnd_069-Ex1-6B-lcwgs-1-2	21.5563	0.969063	268619418.0	0.384965	95.00077750388115	44.65039091875467
Sor-CPnd_072-Ex1-8C-lcwgs-1-2	23.433999999999997	0.964927	642611088.0	0.381788	95.62311496720642	37.12232136609869
Undetermined	19.4714	0.966956	70072480289.0	0.378728	95.66239546800205	54.44750326514991
