Sample	1	2	3	4	5	6	7	8	9	10	11	12	13	14	15	16	17	18	19	20	21	22	23	24	25	26	27	28	29	30	31
Sor-ABur_001-Ex1-6G-lcwgs-1-T	90.93879105590851	8.157383847948328	0.8183409948106495	0.07617395168243926	0.008040583788701922	0.0009521743960304908	0.00010579715511449897	0.00010579715511449897	0.0	0.0	0.0	0.0	0.0	0.0	0.0	0.0	0.0	0.0	0.0	0.00010579715511449897	0.0	0.0	0.0	0.0	0.0	0.0	0.0	0.0	0.0	0.0	0.0
Sor-ABur_002-Ex1-7G-lcwgs-1-T	92.68695556418474	6.698697700836323	0.5728107135888475	0.038251777838310894	0.00212509876879505	0.0005795723914895591	0.0001931907971631863	0.0	0.0	0.0	0.0	0.0	0.0	0.0001931907971631863	0.0	0.0	0.0	0.0	0.0001931907971631863	0.0	0.0	0.0	0.0	0.0	0.0	0.0	0.0	0.0	0.0	0.0	0.0
Sor-ABur_003-Ex1-8G-lcwgs-1-T	91.72303597557342	7.579345549564899	0.6481275090319634	0.045849490083047714	0.0033656063719204703	0.0002206954997980636	0.0	5.51738749495159e-05	0.0	0.0	0.0	0.0	0.0	0.0	0.0	0.0	0.0	0.0	0.0	0.0	0.0	0.0	0.0	0.0	0.0	0.0	0.0	0.0	0.0	0.0	0.0
Sor-ABur_004-Ex1-9G-lcwgs-1-T	91.18147533875441	8.031586173182657	0.72578522938091	0.05637712362416874	0.003745988280675664	0.0006555479491182412	0.0002809491210506748	0.0	0.0	0.0	9.364970701689159e-05	0.0	0.0	0.0	0.0	0.0	0.0	0.0	0.0	0.0	0.0	0.0	0.0	0.0	0.0	0.0	0.0	0.0	0.0	0.0	0.0
Sor-ABur_005-Ex1-10G-lcwgs-1-T	91.98783905981031	7.363257017024716	0.6072458935296868	0.03885412379444566	0.002303208369258377	0.0004005579772623264	0.0	0.0	0.0001001394943155816	0.0	0.0	0.0	0.0	0.0	0.0	0.0	0.0	0.0	0.0	0.0	0.0	0.0	0.0	0.0	0.0	0.0	0.0	0.0	0.0	0.0	0.0
Sor-ABur_006-Ex1-11G-lcwgs-1-T	91.13495602471701	8.090554979249418	0.7107670203532974	0.058310947577817344	0.004627852982366456	0.0006407796437122785	0.0	0.0	0.0	7.119773819025318e-05	7.119773819025318e-05	0.0	0.0	0.0	0.0	0.0	0.0	0.0	0.0	0.0	0.0	0.0	0.0	0.0	0.0	0.0	0.0	0.0	0.0	0.0	0.0
Sor-ABur_007-Ex1-12G-lcwgs-1-T	90.59619315723245	8.536101343386768	0.7949905251692289	0.06614973714183399	0.005968397336105322	9.947328893508869e-05	9.947328893508869e-05	0.0	0.00019894657787017738	0.0	0.0	0.0	9.947328893508869e-05	0.0	0.0	0.0	0.0	0.0	9.947328893508869e-05	0.0	0.0	0.0	0.0	0.0	0.0	0.0	0.0	0.0	0.0	0.0	0.0
Sor-ABur_008-Ex1-1H-lcwgs-1-T	91.97356530023569	7.399484903232809	0.5819523177470207	0.041756454349417105	0.0029395337899409154	0.00015074532256107259	7.537266128053629e-05	0.0	0.0	0.0	0.0	0.0	0.0	0.0	0.0	0.0	7.537266128053629e-05	0.0	0.0	0.0	0.0	0.0	0.0	0.0	0.0	0.0	0.0	0.0	0.0	0.0	0.0
Sor-ABur_009-Ex1-2H-lcwgs-1-T	91.28369786638655	7.97019660544099	0.6872472261324056	0.053414759654845385	0.004167712138674242	0.0004252767488443104	8.505534976886209e-05	0.00017011069953772417	8.505534976886209e-05	0.0	8.505534976886209e-05	8.505534976886209e-05	0.0	8.505534976886209e-05	0.0	0.0	8.505534976886209e-05	0.0	0.0	8.505534976886209e-05	0.0	0.0	0.0	0.0	0.0	0.0	0.0	0.0	0.0	0.0	8.505534976886209e-05
Sor-ABur_010-Ex1-3H-lcwgs-1-T	91.502709237872	7.7661792157284975	0.675071768534962	0.05111035295979535	0.0038916512405935545	0.0006486085400989257	0.00012972170801978515	0.0	0.0	0.0	0.00012972170801978515	0.0	0.0	0.0	0.0	0.0	0.0	0.0	0.0	0.0	0.00012972170801978515	0.0	0.0	0.0	0.0	0.0	0.0	0.0	0.0	0.0	0.0
Sor-ABur_011-Ex1-4H-lcwgs-1-T	91.8846126720965	7.439295660013761	0.624817729727257	0.04727114001597307	0.0024779226621276206	0.0005718283066448355	0.00038121887109655704	0.0	0.00019060943554827852	0.00019060943554827852	0.0	0.0	0.0	0.0	0.0	0.0	0.0	0.0	0.0	0.0	0.00019060943554827852	0.0	0.0	0.0	0.0	0.0	0.0	0.0	0.0	0.0	0.0
Sor-ABur_012-Ex1-5H-lcwgs-1-T	91.57926565493374	7.69327541912758	0.6654395211483963	0.05407385826910683	0.006179869516469352	0.0008828385023527647	0.00022070962558819117	0.00022070962558819117	0.0	0.0	0.0	0.00022070962558819117	0.0	0.0	0.0	0.0	0.0	0.0	0.0	0.0	0.0	0.0	0.0	0.0	0.00022070962558819117	0.0	0.0	0.0	0.0	0.0	0.0
Sor-ABur_013-Ex1-6H-lcwgs-1-T	90.64841015407767	8.439104975628906	0.8302937616539632	0.07421734436847788	0.007360397788609375	0.00020445549412803822	0.00020445549412803822	0.00020445549412803822	0.0	0.0	0.0	0.0	0.0	0.0	0.0	0.0	0.0	0.0	0.0	0.0	0.0	0.0	0.0	0.0	0.0	0.0	0.0	0.0	0.0	0.0	0.0
Sor-ABur_014-Ex1-7H-lcwgs-1-T	91.68849502545226	7.626171777207021	0.6300475665050209	0.051113130395274875	0.003592986490370796	0.00023180558002392233	0.0	0.0	0.0	0.0	0.00011590279001196117	0.0	0.00011590279001196117	0.0	0.00011590279001196117	0.0	0.0	0.0	0.0	0.0	0.0	0.0	0.0	0.0	0.0	0.0	0.0	0.0	0.0	0.0	0.0
Sor-ABur_015-Ex1-8H-lcwgs-1-T	91.9778093919095	7.3524839600154515	0.6188309261579723	0.04804929292167965	0.002355357496160767	0.0	0.00015702383307738448	0.0	0.00031404766615476896	0.0	0.0	0.0	0.0	0.0	0.0	0.0	0.0	0.0	0.0	0.0	0.0	0.0	0.0	0.0	0.0	0.0	0.0	0.0	0.0	0.0	0.0
Sor-ABur_016-Ex1-9H-lcwgs-1-T	91.03921832835017	8.167784086149947	0.7289022582677509	0.0569938563172136	0.0054626699345572145	0.0007283559912742953	0.00018208899781857382	0.0	0.00036417799563714763	0.00018208899781857382	0.0	0.00018208899781857382	0.0	0.0	0.0	0.0	0.0	0.0	0.0	0.0	0.0	0.0	0.0	0.0	0.0	0.0	0.0	0.0	0.0	0.0	0.0
Sor-ACan_001-Ex1-1A-lcwgs-1-T	92.82032684793168	6.60788588722421	0.528531834976894	0.03830362981507939	0.0034953882720985	0.000873847068024625	0.00029128235600820834	0.00014564117800410417	0.0	0.00014564117800410417	0.0	0.0	0.0	0.0	0.0	0.0	0.0	0.0	0.0	0.0	0.0	0.0	0.0	0.0	0.0	0.0	0.0	0.0	0.0	0.0	0.0
Sor-ACan_002-Ex1-2A-lcwgs-1-T	92.22860594381207	7.110427198009621	0.6091939972243994	0.04673938836117323	0.0035953375662440947	0.0012943215238478741	0.00014381350264976379	0.0	0.0	0.0	0.0	0.0	0.0	0.0	0.0	0.0	0.0	0.0	0.0	0.0	0.0	0.0	0.0	0.0	0.0	0.0	0.0	0.0	0.0	0.0	0.0
Sor-ACan_003-Ex1-3A-lcwgs-1-T	92.25589225589226	7.106156826827218	0.5917938878832734	0.04239501446205357	0.0027491647603379446	0.0002893857642460995	0.00014469288212304974	0.00014469288212304974	0.0002893857642460995	0.0	0.00014469288212304974	0.0	0.0	0.0	0.0	0.0	0.0	0.0	0.0	0.0	0.0	0.0	0.0	0.0	0.0	0.0	0.0	0.0	0.0	0.0	0.0
Sor-ACan_004-Ex1-4A-lcwgs-1-T	92.21055029547513	7.172214014579649	0.5749768149074753	0.03942813699693741	0.002493745416900315	0.00020219557434326876	0.0	0.0	6.739852478108959e-05	0.0	6.739852478108959e-05	0.0	0.0	0.0	0.0	0.0	0.0	0.0	0.0	0.0	0.0	0.0	0.0	0.0	0.0	0.0	0.0	0.0	0.0	0.0	0.0
Sor-ACan_005-Ex1-5A-lcwgs-1-T	91.79244272261798	7.526022455777351	0.6285106345227721	0.048861413063876744	0.0035485942448625564	0.00047769537911611343	0.0	0.0	6.824219701658763e-05	0.0	0.0	0.0	6.824219701658763e-05	0.0	0.0	0.0	0.0	0.0	0.0	0.0	0.0	0.0	0.0	0.0	0.0	0.0	0.0	0.0	0.0	0.0	0.0
Sor-ACan_006-Ex1-6A-lcwgs-1-T	90.9299223319658	8.204554932579585	0.7874180636100844	0.07084222945397126	0.006460454887311845	0.0004901034742098641	4.455486129180583e-05	0.00013366458387541747	4.455486129180583e-05	4.455486129180583e-05	0.0	0.0	4.455486129180583e-05	0.0	0.0	0.0	0.0	0.0	0.0	0.0	0.0	0.0	0.0	0.0	0.0	0.0	0.0	0.0	0.0	0.0	0.0
Sor-ACan_007-Ex1-7A-lcwgs-1-T	92.17507992752412	7.193044295617436	0.5837646636860039	0.043967868207706436	0.00315381333135447	0.0005565552937684359	0.0	6.183947708538177e-05	6.183947708538177e-05	6.183947708538177e-05	0.0	0.0	6.183947708538177e-05	0.0	0.0	0.0	6.183947708538177e-05	0.0	0.0	6.183947708538177e-05	6.183947708538177e-05	0.0	0.0	0.0	0.0	0.0	0.0	0.0	0.0	0.0	0.0
Sor-ACan_008-Ex1-8A-lcwgs-1-T	92.02924491533987	7.287772276513128	0.6271201120140883	0.04980007794794809	0.005485225976875442	0.0003608701300575949	0.0	0.0	0.0	7.217402601151898e-05	7.217402601151898e-05	7.217402601151898e-05	0.0	0.0	0.0	0.0	0.0	0.0	0.0	0.0	0.0	0.0	0.0	0.0	0.0	0.0	0.0	0.0	0.0	0.0	0.0
Sor-ACan_009-Ex1-9A-lcwgs-1-T	91.47911989756763	7.780859683295422	0.6840707955838418	0.050503200021389597	0.00445616470776967	0.0003961035295795262	0.0001980517647897631	9.902588239488155e-05	0.0	0.0	0.0	0.0	0.0	0.0	0.0001980517647897631	9.902588239488155e-05	0.0	0.0	0.0	0.0	0.0	0.0	0.0	0.0	0.0	0.0	0.0	0.0	0.0	0.0	0.0
Sor-ACan_010-Ex1-10A-lcwgs-1-T	92.22205123495554	7.184733264000755	0.5523853964739668	0.03710699473055854	0.0027302805487367486	0.00037231098391864756	0.00012410366130621587	0.0	0.00037231098391864756	0.0	0.0	0.0	0.0	0.0	0.0	0.0	0.0	0.0	0.0	0.00012410366130621587	0.0	0.0	0.0	0.0	0.0	0.0	0.0	0.0	0.0	0.0	0.0
Sor-ACan_011-Ex1-11A-lcwgs-1-T	91.79050691560559	7.520428570982849	0.6392996096809118	0.04461681024127398	0.0039000708252861878	0.0007800141650572375	0.0001560028330114475	0.0	0.0001560028330114475	0.0	0.0	0.0	0.0	0.0	0.0001560028330114475	0.0	0.0	0.0	0.0	0.0	0.0	0.0	0.0	0.0	0.0	0.0	0.0	0.0	0.0	0.0	0.0
Sor-ACan_012-Ex1-12A-lcwgs-1-T	91.3565746501487	7.880092685507854	0.6951413089091207	0.061577478151398496	0.005245488879563575	0.000456129467788137	0.0006841942016822054	0.0002280647338940685	0.0	0.0	0.0	0.0	0.0	0.0	0.0	0.0	0.0	0.0	0.0	0.0	0.0	0.0	0.0	0.0	0.0	0.0	0.0	0.0	0.0	0.0	0.0
Sor-ACan_013-Ex1-1B-lcwgs-1-T	99.51219512195122	0.4605882968700932	0.027216581178687322	0.0	0.0	0.0	0.0	0.0	0.0	0.0	0.0	0.0	0.0	0.0	0.0	0.0	0.0	0.0	0.0	0.0	0.0	0.0	0.0	0.0	0.0	0.0	0.0	0.0	0.0	0.0	0.0
Sor-ACan_014-Ex1-2B-lcwgs-1-T	92.07892630671674	7.2601120482669455	0.6108477497999137	0.045188696669334484	0.0036938989102998213	0.00036938989102998213	0.00036938989102998213	0.00024625992735332144	0.0	0.0	0.00012312996367666072	0.0	0.00012312996367666072	0.0	0.0	0.0	0.0	0.0	0.0	0.0	0.0	0.0	0.0	0.0	0.0	0.0	0.0	0.0	0.0	0.0	0.0
Sor-ACan_015-Ex1-3B-lcwgs-1-T	92.08940845759949	7.2442525672458515	0.6163956302534279	0.04589655213256109	0.003849388243376091	9.8702262650669e-05	9.8702262650669e-05	0.0	0.0	0.0	0.0	0.0	0.0	0.0	0.0	0.0	0.0	0.0	0.0	0.0	0.0	0.0	0.0	0.0	0.0	0.0	0.0	0.0	0.0	0.0	0.0
Sor-ACan_016-Ex1-4B-lcwgs-1-T	92.1907285861571	7.1982396506817565	0.5661459511191788	0.04118832177795969	0.003181561389946782	0.0003439525826969494	0.0	8.598814567423735e-05	0.0	0.0	0.0	0.0	0.0	0.0	8.598814567423735e-05	0.0	0.0	0.0	0.0	0.0	0.0	0.0	0.0	0.0	0.0	0.0	0.0	0.0	0.0	0.0	0.0
Sor-ACan_017-Ex1-5B-lcwgs-1-T	92.22748231083105	7.123892501292696	0.600400266844563	0.04367034515647647	0.00401874341930765	0.0002679162279538434	0.0001339581139769217	0.0001339581139769217	0.0	0.0	0.0	0.0	0.0	0.0	0.0	0.0	0.0	0.0	0.0	0.0	0.0	0.0	0.0	0.0	0.0	0.0	0.0	0.0	0.0	0.0	0.0
Sor-ACan_018-Ex1-6B-lcwgs-1-T	89.6568617270165	9.148073443587492	1.0526148609768942	0.1259570475472583	0.014049525187133566	0.001710376979303217	0.0003665093527078322	0.00024433956847188815	0.0	0.00012216978423594408	0.0	0.0	0.0	0.0	0.0	0.0	0.0	0.0	0.0	0.0	0.0	0.0	0.0	0.0	0.0	0.0	0.0	0.0	0.0	0.0	0.0
Sor-ACan_019-Ex1-7B-lcwgs-1-T	98.90313306157815	1.0023433961521042	0.08270809948602824	0.007876961855812213	0.001969240463953053	0.0	0.0	0.0	0.0	0.0	0.0	0.0	0.0	0.0	0.0	0.0	0.0	0.0	0.0	0.0	0.0	0.001969240463953053	0.0	0.0	0.0	0.0	0.0	0.0	0.0	0.0	0.0
Sor-ACan_020-Ex1-8B-lcwgs-1-T	92.34495414358202	7.017563766260693	0.5898256620581595	0.04445870240417396	0.002372506160779585	0.00041260976709210173	0.0	0.0	0.00010315244177302543	0.00020630488354605087	0.0	0.0	0.0	0.00010315244177302543	0.0	0.0	0.0	0.0	0.0	0.0	0.0	0.0	0.0	0.0	0.0	0.0	0.0	0.0	0.0	0.0	0.0
Sor-ACan_021-Ex1-9B-lcwgs-1-T	86.03937010133826	11.791801674334241	1.847105789568846	0.26145328997781525	0.049650295462307384	0.007748890043250287	0.002295967420222307	0.0	0.00028699592752778837	0.0	0.0	0.00028699592752778837	0.0	0.0	0.0	0.0	0.0	0.0	0.0	0.0	0.0	0.0	0.0	0.0	0.0	0.0	0.0	0.0	0.0	0.0	0.0
Sor-ACan_022-Ex1-10B-lcwgs-1-T	92.4731393561286	6.950585375825001	0.5346927231946595	0.03808233063863508	0.002240137096390299	0.0005600342740975748	0.0002800171370487874	0.0	0.0	0.0001400085685243937	0.0	0.0	0.0	0.0001400085685243937	0.0	0.0	0.0001400085685243937	0.0	0.0	0.0	0.0	0.0	0.0	0.0	0.0	0.0	0.0	0.0	0.0	0.0	0.0
Sor-ACan_023-Ex1-11B-lcwgs-1-T	91.52360391147234	7.730199229558478	0.6854889917683595	0.05560879119187534	0.0043294041585370075	0.00038483592520328956	0.0002886269439024672	0.0	0.0	0.0	9.620898130082239e-05	0.0	0.0	0.0	0.0	0.0	0.0	0.0	0.0	0.0	0.0	0.0	0.0	0.0	0.0	0.0	0.0	0.0	0.0	0.0	0.0
Sor-ACan_024-Ex1-12B-lcwgs-1-T	91.23686917490103	7.9517471400517445	0.7428072691000904	0.0639007512234656	0.003428820797356691	0.0006234219631557619	0.0	0.00031171098157788097	0.0	0.0	0.0	0.0	0.0	0.0	0.0	0.0	0.0	0.0	0.0	0.0	0.0	0.0	0.0	0.0	0.00031171098157788097	0.0	0.0	0.0	0.0	0.0	0.0
Sor-ACan_025-Ex1-1C-lcwgs-1-T	92.6916631105476	6.748782285317239	0.5203348547083895	0.03623436551518653	0.002458551456603933	0.0002926846972147539	5.8536939442950776e-05	5.8536939442950776e-05	0.0	0.0	5.8536939442950776e-05	0.0	0.0	0.0	0.0	5.8536939442950776e-05	0.0	0.0	0.0	0.0	0.0	0.0	0.0	0.0	0.0	0.0	0.0	0.0	0.0	0.0	0.0
Sor-ACan_026-Ex1-2C-lcwgs-1-T	86.4074601600956	11.295657331364968	1.8972929212466503	0.32620883426340014	0.06169178352028469	0.0093078831276219	0.001082311991583942	0.0006493871949503652	0.0	0.0	0.0	0.0	0.0	0.0	0.00043292479663357676	0.0	0.0	0.0	0.0	0.0	0.0	0.0	0.0	0.0	0.0	0.0	0.0	0.0	0.0	0.00021646239831678838	0.0
Sor-ACan_027-Ex1-3C-lcwgs-1-T	92.0818547309162	7.255678968988226	0.6101364420239337	0.04839856656375419	0.0033197572733261	0.0003494481340343263	8.736203350858158e-05	0.0	0.0	0.0	8.736203350858158e-05	0.0	8.736203350858158e-05	0.0	0.0	0.0	0.0	0.0	0.0	0.0	0.0	0.0	0.0	0.0	0.0	0.0	0.0	0.0	0.0	0.0	0.0
Sor-ACan_028-Ex1-4C-lcwgs-1-T	92.24302755540694	7.1445213775391325	0.5668307102369234	0.0427746425516097	0.002045357128247449	0.0005335714247602042	0.0	0.0	0.0	8.892857079336735e-05	0.0	0.0	8.892857079336735e-05	0.0	8.892857079336735e-05	0.0	0.0	0.0	0.0	0.0	0.0	0.0	0.0	0.0	0.0	0.0	0.0	0.0	0.0	0.0	0.0
Sor-ACan_029-Ex1-5C-lcwgs-1-T	91.7002726010826	7.5916892905124795	0.6530161721010351	0.050729444819185766	0.0034005452021652	0.0006132130692429049	0.00016723992797533767	5.5746642658445894e-05	0.0	0.0	0.0	0.0	0.0	5.5746642658445894e-05	0.0	0.0	0.0	0.0	0.0	0.0	0.0	0.0	0.0	0.0	0.0	0.0	0.0	0.0	0.0	0.0	0.0
Sor-ACan_030-Ex1-6C-lcwgs-1-T	90.7132642291893	8.365962939567877	0.8379891007960577	0.07596682373342854	0.006032226803881027	0.0005885099320859539	0.00014712748302148846	0.0	0.0	0.0	0.0	0.0	0.0	0.0	0.0	4.904249434049615e-05	0.0	0.0	0.0	0.0	0.0	0.0	0.0	0.0	0.0	0.0	0.0	0.0	0.0	0.0	0.0
Sor-ACan_031-Ex1-7C-lcwgs-1-T	91.92173331777424	7.3889678459866674	0.6329084039956263	0.05247817737489048	0.0033051808372360322	0.00033726335073837067	0.00013490534029534827	6.745267014767413e-05	6.745267014767413e-05	0.0	0.0	0.0	0.0	0.0	0.0	0.0	0.0	0.0	0.0	0.0	0.0	0.0	0.0	0.0	0.0	0.0	0.0	0.0	0.0	0.0	0.0
Sor-ACan_032-Ex1-8C-lcwgs-1-T	95.00481672746798	4.500876486473682	0.4516669035549028	0.03948137268836563	0.0015792549075346253	0.0015792549075346253	0.0	0.0	0.0	0.0	0.0	0.0	0.0	0.0	0.0	0.0	0.0	0.0	0.0	0.0	0.0	0.0	0.0	0.0	0.0	0.0	0.0	0.0	0.0	0.0	0.0
Sor-ACan_033-Ex1-9C-lcwgs-1-T	91.40774679402016	7.838655656089613	0.6935509810228369	0.054452710923406096	0.004807221670605675	0.0003496161214985945	0.0002622120911239459	8.740403037464863e-05	8.740403037464863e-05	0.0	0.0	0.0	0.0	0.0	0.0	0.0	0.0	0.0	0.0	0.0	0.0	0.0	0.0	0.0	0.0	0.0	0.0	0.0	0.0	0.0	0.0
Sor-ACan_034-Ex1-10C-lcwgs-1-T	92.21203096273481	7.173056179317924	0.5693913963759217	0.041790194229425454	0.003188537546725643	0.0003392061219920897	6.784122439841794e-05	0.0	0.0	0.0	0.0	0.0	6.784122439841794e-05	0.0	0.0	0.0	0.0	0.0	0.0	0.0	6.784122439841794e-05	0.0	0.0	0.0	0.0	0.0	0.0	0.0	0.0	0.0	0.0
Sor-ACan_035-Ex1-11C-lcwgs-1-T	90.63270061034157	8.367520965803415	0.8943618942746068	0.09803065808115059	0.006042985772125721	0.0006714428635695246	0.0	0.0	0.0006714428635695246	0.0	0.0	0.0	0.0	0.0	0.0	0.0	0.0	0.0	0.0	0.0	0.0	0.0	0.0	0.0	0.0	0.0	0.0	0.0	0.0	0.0	0.0
Sor-ACan_036-Ex1-12C-lcwgs-1-T	91.20393885135077	7.9905735721407325	0.7370809882699803	0.062078978826450776	0.004617444706099645	0.0010260988235776987	0.00017101647059628315	0.0	0.0003420329411925663	0.0	0.0	0.0	0.0	0.00017101647059628315	0.0	0.0	0.0	0.0	0.0	0.0	0.0	0.0	0.0	0.0	0.0	0.0	0.0	0.0	0.0	0.0	0.0
Sor-ACan_037-Ex1-1D-lcwgs-1-T	92.54297150399701	6.870935698727579	0.5435211067738542	0.0388551143466597	0.0029282115159801514	0.0004504940793815617	0.00011262351984539043	0.00011262351984539043	0.0	0.0	0.0	0.0	0.0	0.0	0.0	0.00011262351984539043	0.0	0.0	0.0	0.0	0.0	0.0	0.0	0.0	0.0	0.0	0.0	0.0	0.0	0.0	0.0
Sor-ACan_038-Ex1-2D-lcwgs-1-T	91.84907002275672	7.4474380117085595	0.6485522346077031	0.04967153755045941	0.004797818967942103	0.0001881497634487099	0.0001881497634487099	0.0	0.0	0.0	0.0	0.0	0.0	0.0	0.0	0.0	0.0	0.0	0.0	9.407488172435495e-05	0.0	0.0	0.0	0.0	0.0	0.0	0.0	0.0	0.0	0.0	0.0
Sor-ACan_039-Ex1-3D-lcwgs-1-T	92.20560595645408	7.145093311912796	0.5973834116363872	0.046569613215966026	0.004010780085585591	0.0006684633475975984	0.0003342316737987992	0.0	0.0	0.0	0.00011141055793293307	0.0	0.0	0.0	0.0	0.0	0.0	0.0	0.0	0.0	0.0	0.0	0.00011141055793293307	0.0	0.0	0.0	0.0	0.0	0.0	0.0	0.00011141055793293307
Sor-ACan_040-Ex1-4D-lcwgs-1-T	92.32294136721995	7.067271640218074	0.563299284570641	0.04230761435722827	0.0034200766097160573	0.0005066780162542308	0.0001266695040635577	0.0	0.0001266695040635577	0.0	0.0	0.0	0.0	0.0	0.0	0.0	0.0	0.0	0.0	0.0	0.0	0.0	0.0	0.0	0.0	0.0	0.0	0.0	0.0	0.0	0.0
Sor-ACan_041-Ex1-5D-lcwgs-1-T	91.79121904111052	7.492536092593349	0.6560850469866658	0.05475071274873644	0.0040898122776164576	0.0007915765698612498	0.0	0.0001319294283102083	0.0001319294283102083	0.0001319294283102083	0.0	0.0	0.0	0.0	0.0	0.0	0.0	0.0001319294283102083	0.0	0.0	0.0	0.0	0.0	0.0	0.0	0.0	0.0	0.0	0.0	0.0	0.0
Sor-ACan_042-Ex1-6D-lcwgs-1-T	90.71257913865621	8.353907291191286	0.8438858758011288	0.08174738499294669	0.006754550878654494	0.0005195808368195764	0.00017319361227319214	0.00017319361227319214	0.0	0.0	0.0	8.659680613659607e-05	8.659680613659607e-05	0.0	0.0	0.0	0.0	0.0	0.0	0.0	0.0	0.0	0.0	0.0	0.0	0.0	0.0	0.0	0.0	0.0	8.659680613659607e-05
Sor-ACan_043-Ex1-7D-lcwgs-1-T	92.13443654028062	7.245446254126836	0.5742237683540665	0.04266448721362257	0.0030701492039579515	5.293360696479227e-05	0.0	0.00010586721392958455	0.0	0.0	0.0	0.0	0.0	0.0	0.0	0.0	0.0	0.0	0.0	0.0	0.0	0.0	0.0	0.0	0.0	0.0	0.0	0.0	0.0	0.0	0.0
Sor-ACan_044-Ex1-8D-lcwgs-1-T	93.17328139594969	6.282833502262323	0.4994998376956761	0.040079231008737934	0.002649866512974409	0.0013249332564872044	0.0003312333141218011	0.0	0.0	0.0	0.0	0.0	0.0	0.0	0.0	0.0	0.0	0.0	0.0	0.0	0.0	0.0	0.0	0.0	0.0	0.0	0.0	0.0	0.0	0.0	0.0
Sor-ACan_045-Ex1-9D-lcwgs-1-T	91.3122878296225	7.9302657953636375	0.696622951703805	0.05558002474884121	0.004194718848969148	0.0002996227749263677	0.00014981138746318384	0.0	0.0002996227749263677	0.0	0.0	0.0	0.0	0.0	0.0	0.0	0.0	0.00014981138746318384	0.0	0.0	0.00014981138746318384	0.0	0.0	0.0	0.0	0.0	0.0	0.0	0.0	0.0	0.0
Sor-ACan_046-Ex1-10D-lcwgs-1-T	89.51540932889101	9.250059495478343	1.108599079803268	0.11254561320006345	0.01041170871013803	0.0024789782643185785	0.0	0.0	0.0	0.0	0.0	0.0	0.0	0.0	0.0	0.0	0.0	0.0	0.0	0.0	0.0	0.0	0.0	0.0004957956528637157	0.0	0.0	0.0	0.0	0.0	0.0	0.0
Sor-ACan_047-Ex1-11D-lcwgs-1-T	91.5110693310105	7.777501624902683	0.658507002566131	0.0490018902969201	0.0032145240034779582	0.00031361209790028863	0.0	0.0	0.0	0.00015680604895014431	0.0	7.840302447507216e-05	0.0	0.0	7.840302447507216e-05	0.0	7.840302447507216e-05	0.0	0.0	0.0	0.0	0.0	0.0	0.0	0.0	0.0	0.0	0.0	0.0	0.0	0.0
Sor-ACan_048-Ex1-12D-lcwgs-1-T	91.14701549702433	8.057156325496436	0.7293618525720347	0.060809616404454654	0.004360379470862059	0.0005892404690354134	0.00011784809380708267	0.00023569618761416533	0.00011784809380708267	0.0	0.00011784809380708267	0.0	0.0	0.0	0.0	0.0	0.0	0.00011784809380708267	0.0	0.0	0.0	0.0	0.0	0.0	0.0	0.0	0.0	0.0	0.0	0.0	0.0
Sor-ACan_049-Ex1-1E-lcwgs-1-T	91.95680922997533	7.326930821837598	0.6578966159740346	0.05293639920138396	0.004284420798673162	0.0007616748086530067	0.00028562805324487754	0.0	0.0	0.0	0.0	0.0	9.520935108162584e-05	0.0	0.0	0.0	0.0	0.0	0.0	0.0	0.0	0.0	0.0	0.0	0.0	0.0	0.0	0.0	0.0	0.0	0.0
Sor-ACan_050-Ex1-2E-lcwgs-1-T	91.18338119094167	8.006094208211143	0.7449113106875204	0.059949291300097754	0.0050912349299446075	0.0002545617464972304	0.0	6.36404366243076e-05	6.36404366243076e-05	0.0	6.36404366243076e-05	0.0	6.36404366243076e-05	6.36404366243076e-05	0.0	0.0	0.0	0.0	0.0	0.0	0.0	0.0	0.0	0.0	0.0	0.0	0.0	0.0	0.0	0.0	0.0
Sor-ACan_051-Ex1-3E-lcwgs-1-T	91.30406203757589	7.912692725141923	0.7150289137813005	0.062204309091288025	0.004889771719804858	0.0008817621134074334	8.01601921279485e-05	8.01601921279485e-05	0.0	8.01601921279485e-05	0.0	0.0	0.0	0.0	0.0	0.0	0.0	0.0	0.0	0.0	0.0	0.0	0.0	0.0	0.0	0.0	0.0	0.0	0.0	0.0	0.0
Sor-ACan_052-Ex1-4E-lcwgs-1-T	92.0072646356229	7.317402401911058	0.624611407441343	0.04649475877264745	0.0038177514534725172	0.0002726965323908941	0.00013634826619544706	0.0	0.0	0.0	0.0	0.0	0.0	0.0	0.0	0.0	0.0	0.0	0.0	0.0	0.0	0.0	0.0	0.0	0.0	0.0	0.0	0.0	0.0	0.0	0.0
Sor-ACan_053-Ex1-5E-lcwgs-1-T	91.56173446446796	7.683761178101463	0.6935880189782847	0.055878846451646605	0.004291196889441976	0.0005597213334054752	0.0	9.328688890091253e-05	9.328688890091253e-05	0.0	0.0	0.0	0.0	0.0	0.0	0.0	0.0	0.0	0.0	0.0	0.0	0.0	0.0	0.0	0.0	0.0	0.0	0.0	0.0	0.0	0.0
Sor-ACan_054-Ex1-6E-lcwgs-1-T	87.82624608865542	10.335228649342481	1.5529391144767433	0.24769701062442329	0.03273415228855542	0.0036084892286596527	0.0005154984612370932	0.0002577492306185466	0.0002577492306185466	0.0002577492306185466	0.0	0.0	0.0	0.0	0.0	0.0	0.0	0.0	0.0	0.0	0.0	0.0	0.0	0.0	0.0	0.0	0.0	0.0	0.0	0.0	0.0002577492306185466
Sor-ACan_055-Ex1-7E-lcwgs-1-T	91.3996233032409	7.831895324263967	0.7045328510549008	0.05825310624946918	0.004646259760892482	0.0006994369532526316	9.991956475037594e-05	9.991956475037594e-05	0.0	9.991956475037594e-05	0.0	0.0	0.0	0.0	0.0	4.995978237518797e-05	0.0	0.0	0.0	0.0	0.0	0.0	0.0	0.0	0.0	0.0	0.0	0.0	0.0	0.0	0.0
Sor-ACeb_001-Ex1-8E-lcwgs-1-T	90.96480204534019	8.143754154958197	0.8033821449942363	0.07983294271011908	0.007290350102822809	0.00043309010511818663	0.00014436336837272889	0.0	0.00014436336837272889	0.0	7.218168418636444e-05	0.0	0.0	0.0	0.0	0.0	0.0	0.0	0.00014436336837272889	0.0	0.0	0.0	0.0	0.0	0.0	0.0	0.0	0.0	0.0	0.0	0.0
Sor-ACeb_002-Ex1-9E-lcwgs-1-T	90.05247226854202	8.860170617946302	0.9709031151066966	0.10316223205007372	0.011026124362599386	0.0015104279948766283	0.0001510427994876628	0.0001510427994876628	0.0001510427994876628	0.0	0.0003020855989753256	0.0	0.0	0.0	0.0	0.0	0.0	0.0	0.0	0.0	0.0	0.0	0.0	0.0	0.0	0.0	0.0	0.0	0.0	0.0	0.0
Sor-ACeb_003-Ex1-10E-lcwgs-1-T	92.03234369382119	7.310531590180613	0.6089304702381407	0.04436930562036704	0.003059952111749451	0.00015299760558747257	0.0004589928167624177	0.0	0.0	0.0	0.00015299760558747257	0.0	0.0	0.0	0.0	0.0	0.0	0.0	0.0	0.0	0.0	0.0	0.0	0.0	0.0	0.0	0.0	0.0	0.0	0.0	0.0
Sor-ACeb_004-Ex1-11E-lcwgs-1-T	90.85405805771587	8.235051135230607	0.8275645956186082	0.07492237130729568	0.006979460444976212	0.0009970657778537446	0.0	0.00014243796826482068	0.0	0.00014243796826482068	0.00014243796826482068	0.0	0.0	0.0	0.0	0.0	0.0	0.0	0.0	0.0	0.0	0.0	0.0	0.0	0.0	0.0	0.0	0.0	0.0	0.0	0.0
Sor-ACeb_005-Ex1-12E-lcwgs-1-T	88.65874762321874	9.9589804943705	1.2401991155169099	0.1260495225073173	0.012284487363001261	0.003204648877304677	0.0	0.0	0.0	0.0	0.0	0.0	0.0	0.0005341081462174461	0.0	0.0	0.0	0.0	0.0	0.0	0.0	0.0	0.0	0.0	0.0	0.0	0.0	0.0	0.0	0.0	0.0
Sor-ACeb_006-Ex1-1F-lcwgs-1-T	92.43045325476633	6.9109075770191515	0.6025961271589915	0.050705608574051535	0.004803689233331198	0.0	0.0	0.0	0.0	0.0	0.0005337432481479109	0.0	0.0	0.0	0.0	0.0	0.0	0.0	0.0	0.0	0.0	0.0	0.0	0.0	0.0	0.0	0.0	0.0	0.0	0.0	0.0
Sor-ACeb_007-Ex1-2F-lcwgs-1-T	90.7460308058004	8.343094299532048	0.8273732523411989	0.07662278849626344	0.005159140372566367	0.001337554911406095	0.0001910792730580136	0.0	0.0	0.0001910792730580136	0.0	0.0	0.0	0.0	0.0	0.0	0.0	0.0	0.0	0.0	0.0	0.0	0.0	0.0	0.0	0.0	0.0	0.0	0.0	0.0	0.0
Sor-ACeb_008-Ex1-3F-lcwgs-1-T	91.46329142780168	7.761892302870006	0.710572058431146	0.060358472334836676	0.0031085908498628334	0.0	0.00025904923748856947	0.0	0.0	0.00025904923748856947	0.0	0.0	0.00025904923748856947	0.0	0.0	0.0	0.0	0.0	0.0	0.0	0.0	0.0	0.0	0.0	0.0	0.0	0.0	0.0	0.0	0.0	0.0
Sor-ACeb_009-Ex1-4F-lcwgs-1-T	91.5222045165548	7.747034300706616	0.6686763748910642	0.05564638332999915	0.004828818388140422	0.0011497186638429577	0.0	0.0	0.0	0.0	0.00022994373276859155	0.0	0.0	0.00022994373276859155	0.0	0.0	0.0	0.0	0.0	0.0	0.0	0.0	0.0	0.0	0.0	0.0	0.0	0.0	0.0	0.0	0.0
Sor-ACeb_010-Ex1-5F-lcwgs-1-T	91.84461260378052	7.378756778284979	0.717911011713285	0.05208173769185993	0.005106052714888228	0.0010212105429776457	0.0	0.0	0.0	0.0005106052714888229	0.0	0.0	0.0	0.0	0.0	0.0	0.0	0.0	0.0	0.0	0.0	0.0	0.0	0.0	0.0	0.0	0.0	0.0	0.0	0.0	0.0
Sor-ACeb_011-Ex1-6F-lcwgs-1-T	88.91135697864848	9.545520947862926	1.3386026556769517	0.18452879802554187	0.018452879802554185	0.0007688699917730912	0.0	0.0	0.0	0.0	0.0	0.0	0.0	0.0	0.0	0.0	0.0007688699917730912	0.0	0.0	0.0	0.0	0.0	0.0	0.0	0.0	0.0	0.0	0.0	0.0	0.0	0.0
Sor-ACeb_012-Ex1-7F-lcwgs-1-T	91.8804520380645	7.43388223331123	0.6252233257898844	0.053864847231826836	0.004799837872142985	0.0010666306382539968	0.0001777717730423328	0.0001777717730423328	0.0	0.0	0.0001777717730423328	0.0	0.0	0.0	0.0	0.0	0.0	0.0	0.0	0.0	0.0	0.0	0.0	0.0	0.0	0.0	0.0	0.0	0.0	0.0	0.0001777717730423328
Sor-ACeb_013-Ex1-8F-lcwgs-1-T	92.51088262368745	6.691838422292607	0.717707081896619	0.06709000982946656	0.009361396720390682	0.0	0.0	0.0	0.0015602327867317804	0.0015602327867317804	0.0	0.0	0.0	0.0	0.0	0.0	0.0	0.0	0.0	0.0	0.0	0.0	0.0	0.0	0.0	0.0	0.0	0.0	0.0	0.0	0.0
Sor-ACeb_014-Ex1-9F-lcwgs-1-T	90.15012477388858	8.84904340018749	0.8846402682968694	0.1043083301424667	0.007922151656389875	0.0026407172187966252	0.0	0.0	0.0	0.0	0.0	0.0	0.0	0.0	0.0	0.0	0.0	0.0	0.0	0.0013203586093983126	0.0	0.0	0.0	0.0	0.0	0.0	0.0	0.0	0.0	0.0	0.0
Sor-ACeb_015-Ex1-10F-lcwgs-1-T	91.3684502124909	7.867330045752051	0.702000470492016	0.05628315704539808	0.004397121644171725	0.0006595682466257588	0.0	0.00021985608220858626	0.0	0.0	0.0	0.0	0.00021985608220858626	0.0	0.00021985608220858626	0.0	0.0	0.0	0.0	0.0	0.0	0.0	0.0	0.0	0.0	0.0	0.0	0.0	0.0	0.0	0.00021985608220858626
Sor-ACeb_016-Ex1-11F-lcwgs-1-T	90.25806897561213	8.75287669450521	0.8924868464922624	0.08538598531361052	0.009046848443942069	0.0013214497727106391	0.000406599930064812	0.000101649982516203	0.0	0.000101649982516203	0.0	0.0	0.000101649982516203	0.0	0.0	0.0	0.0	0.0	0.0	0.0	0.0	0.0	0.0	0.0	0.0	0.000101649982516203	0.0	0.0	0.0	0.0	0.0
Sor-ACeb_017-Ex1-12F-lcwgs-1-T	90.13256538320897	8.844741220682373	0.9297346195812597	0.0845880810107101	0.006902152443582246	0.0004405629219307817	0.00029370861462052115	0.00014685430731026057	0.00014685430731026057	0.0	0.0	0.0	0.0	0.00014685430731026057	0.00014685430731026057	0.0	0.0	0.0	0.0	0.0	0.0	0.00014685430731026057	0.0	0.0	0.0	0.0	0.0	0.0	0.0	0.0	0.0
Sor-ACeb_018-Ex1-1G-lcwgs-1-T	93.55562353421026	5.903460599086173	0.4952730556890851	0.04127275464075709	0.0029133709158181476	0.0	0.0	0.0004855618193030246	0.0	0.0	0.0004855618193030246	0.0	0.0	0.0	0.0	0.0	0.0	0.0	0.0	0.0	0.0	0.0	0.0004855618193030246	0.0	0.0	0.0	0.0	0.0	0.0	0.0	0.0
Sor-ACeb_019-Ex1-3G-lcwgs-1-T	99.59275509056137	0.3847451906851164	0.017999775002812465	0.002249971875351558	0.0	0.0	0.002249971875351558	0.0	0.0	0.0	0.0	0.0	0.0	0.0	0.0	0.0	0.0	0.0	0.0	0.0	0.0	0.0	0.0	0.0	0.0	0.0	0.0	0.0	0.0	0.0	0.0
Sor-ACeb_020-Ex1-2G-lcwgs-1-T	99.41410617648374	0.54564157609911	0.03577977548190885	0.0022362359676193033	0.0	0.0	0.0	0.0	0.0	0.0	0.0	0.0	0.0	0.0	0.0	0.0	0.0	0.0	0.0	0.0	0.0	0.0	0.0	0.0	0.0	0.0	0.0	0.0	0.0	0.0	0.0022362359676193033
Sor-ACeb_021-Ex1-4G-lcwgs-1-T	99.55639404446256	0.41811136039159696	0.022945135631246175	0.0025494595145829084	0.0	0.0	0.0	0.0	0.0	0.0	0.0	0.0	0.0	0.0	0.0	0.0	0.0	0.0	0.0	0.0	0.0	0.0	0.0	0.0	0.0	0.0	0.0	0.0	0.0	0.0	0.0
Sor-ACeb_022-Ex1-5G-lcwgs-1-T	90.33497486696777	8.358220796663286	1.1226276627696772	0.1564084981950686	0.023234595746368887	0.004533579657828075	0.0	0.0	0.0	0.0	0.0	0.0	0.0	0.0	0.0	0.0	0.0	0.0	0.0	0.0	0.0	0.0	0.0	0.0	0.0	0.0	0.0	0.0	0.0	0.0	0.0
Sor-CBur_001-Ex1-2C-lcwgs-1-T	91.75205304206374	7.559247893426442	0.6400837276273859	0.04479165870067046	0.0036051822856637194	0.00010924794805041574	0.0	5.462397402520787e-05	0.0	0.0	0.0	0.0	0.0	0.0	0.0	5.462397402520787e-05	0.0	0.0	0.0	0.0	0.0	0.0	0.0	0.0	0.0	0.0	0.0	0.0	0.0	0.0	0.0
Sor-CBur_003-Ex1-1G-lcwgs-1-T	90.95314855787979	8.221159159772865	0.7593783170016078	0.06099633604914741	0.004170689644386148	0.0006256034466579221	0.0002085344822193074	0.0	0.0001042672411096537	0.0	0.0	0.0	0.0001042672411096537	0.0	0.0	0.0	0.0	0.0	0.0	0.0	0.0001042672411096537	0.0	0.0	0.0	0.0	0.0	0.0	0.0	0.0	0.0	0.0
Sor-CBur_004-Ex1-1H-lcwgs-1-T	90.50855714303523	8.596747451364722	0.8179798295571689	0.06990706866907105	0.0057536682032157255	0.0007671557604287633	9.589447005359541e-05	0.00019178894010719083	0.0	0.0	0.0	0.0	0.0	0.0	0.0	0.0	0.0	0.0	0.0	0.0	0.0	0.0	0.0	0.0	0.0	0.0	0.0	0.0	0.0	0.0	0.0
Sor-CBur_005-Ex1-8H-lcwgs-1-T	91.5109288003066	7.7685797194468735	0.6682340288164067	0.04813756936715901	0.003686210266854519	0.0003252538470753987	0.0	5.4208974512566455e-05	0.0	0.0	0.0	5.4208974512566455e-05	0.0	0.0	0.0	0.0	0.0	0.0	0.0	0.0	0.0	0.0	0.0	0.0	0.0	0.0	0.0	0.0	0.0	0.0	0.0
Sor-CBur_009-Ex1-3H-lcwgs-1-T	90.81557765518582	8.334341150896647	0.7862527482409707	0.05928034590366091	0.004134636157186462	0.0003617806637538155	0.0	0.0	0.0	0.0	0.0	0.0	0.0	0.0	0.0	0.0	0.0	0.0	0.0	0.0	0.0	0.0	0.0	0.0	5.168295196483078e-05	0.0	0.0	0.0	0.0	0.0	0.0
Sor-CBur_010-Ex1-2H-lcwgs-1-T	91.40943216310548	7.858544971906205	0.6785568126311898	0.049607153991370286	0.0035034735162789658	0.0003046498709807797	0.0	0.0	0.0	0.0	0.0	0.0	0.0	0.0	5.077497849679661e-05	0.0	0.0	0.0	0.0	0.0	0.0	0.0	0.0	0.0	0.0	0.0	0.0	0.0	0.0	0.0	0.0
Sor-CBur_011-Ex1-5F-lcwgs-1-T	90.87415359263899	8.309155461507697	0.7537822379850759	0.058980810350197005	0.00361615961977952	0.0003117378982568552	0.0	0.0	0.0	0.0	0.0	0.0	0.0	0.0	0.0	0.0	0.0	0.0	0.0	0.0	0.0	0.0	0.0	0.0	0.0	0.0	0.0	0.0	0.0	0.0	0.0
Sor-CBur_012-Ex1-3E-lcwgs-1-T	90.99830552159976	8.208332823503083	0.7308400200037656	0.05802197177606045	0.0043023094718303324	7.89414581987217e-05	7.89414581987217e-05	0.0	0.0	0.0	0.0	0.0	3.947072909936085e-05	0.0	0.0	0.0	0.0	0.0	0.0	0.0	0.0	0.0	0.0	0.0	0.0	0.0	0.0	0.0	0.0	0.0	0.0
Sor-CBur_013-Ex1-6B-lcwgs-1-T	91.80424895304967	7.506647520352059	0.6358141642688273	0.0501771762097941	0.002893787093709562	0.00016379926945525822	5.459975648508608e-05	0.0	0.0	0.0	0.0	0.0	0.0	0.0	0.0	0.0	0.0	0.0	0.0	0.0	0.0	0.0	0.0	0.0	0.0	0.0	0.0	0.0	0.0	0.0	0.0
Sor-CBur_014-Ex1-6H-lcwgs-1-T	91.50922632863109	7.76368377515059	0.6686218994736305	0.05374331013905934	0.004212845556688168	0.0003543514954223693	3.937238838026325e-05	0.0	3.937238838026325e-05	0.0	0.0	0.0	0.0	3.937238838026325e-05	3.937238838026325e-05	0.0	0.0	0.0	0.0	0.0	0.0	0.0	0.0	0.0	0.0	0.0	0.0	0.0	0.0	0.0	0.0
Sor-CBur_015-Ex1-2D-lcwgs-1-T	91.57025977414948	7.722256049202053	0.656061482099274	0.048608517235556876	0.0023536755714059117	0.00035816802173568223	5.116686024795461e-05	0.0	0.0	0.0	0.0	0.0	0.0	0.0	0.0	0.0	0.0	0.0	0.0	0.0	0.0	0.0	0.0	0.0	0.0	0.0	0.0	0.0	0.0	0.0	5.116686024795461e-05
Sor-CBur_016-Ex1-6G-lcwgs-1-T	91.77830735433272	7.5619097350990065	0.6114225560808823	0.04426934788356929	0.0037584044409040792	0.0002993419466206789	3.326021629118654e-05	0.0	0.0	0.0	0.0	0.0	0.0	0.0	0.0	0.0	0.0	0.0	0.0	0.0	0.0	0.0	0.0	0.0	0.0	0.0	0.0	0.0	0.0	0.0	0.0
Sor-CBur_020-Ex1-7D-lcwgs-1-T	91.75500894222544	7.563956351572017	0.626603768694435	0.05054301340037843	0.0034019335942562404	0.0001619968378217257	0.0	0.0001619968378217257	0.0001619968378217257	0.0	0.0	0.0	0.0	0.0	0.0	0.0	0.0	0.0	0.0	0.0	0.0	0.0	0.0	0.0	0.0	0.0	0.0	0.0	0.0	0.0	0.0
Sor-CBur_021-Ex1-5C-lcwgs-1-T	91.37106390095653	7.87041449980322	0.700511158530488	0.05327370109535642	0.004210435212805337	0.0002923913342225929	5.847826684451857e-05	0.0	0.0	5.847826684451857e-05	0.0	0.0	5.847826684451857e-05	0.0	0.0	0.0	0.0	0.0	5.847826684451857e-05	0.0	0.0	0.0	0.0	0.0	0.0	0.0	0.0	0.0	0.0	0.0	0.0
Sor-CBur_022-Ex1-1A-lcwgs-1-T	90.59171066927485	8.526609893746615	0.806408581104631	0.068345483010698	0.00590359653913006	0.00034059210802673417	0.0	0.00022706140535115612	0.00022706140535115612	0.0	0.0	0.0	0.0	0.00011353070267557806	0.00011353070267557806	0.0	0.0	0.0	0.0	0.0	0.0	0.0	0.0	0.0	0.0	0.0	0.0	0.0	0.0	0.0	0.0
Sor-CBur_023-Ex1-5E-lcwgs-1-T	91.19333574747046	8.042161786523176	0.7045732472728156	0.05584138270667963	0.003586497646216303	0.00038564490819530134	3.856449081953014e-05	3.856449081953014e-05	0.0	0.0	0.0	0.0	0.0	0.0	0.0	0.0	3.856449081953014e-05	0.0	0.0	0.0	0.0	0.0	0.0	0.0	0.0	0.0	0.0	0.0	0.0	0.0	0.0
Sor-CBur_025-Ex1-8B-lcwgs-1-T	92.02579255326137	7.317206662978958	0.6071583384294741	0.04590175419136288	0.003648788091523281	7.297576183046564e-05	0.0	7.297576183046564e-05	0.0	0.0	0.0	7.297576183046564e-05	0.0	0.0	0.0	0.0	0.0	0.0	0.0	0.0	0.0	0.0	0.0	0.0	0.0	0.0	0.0	0.0	0.0	0.0	7.297576183046564e-05
Sor-CBur_028-Ex1-2E-lcwgs-1-T	91.65263302373022	7.654478971726422	0.6423422334984494	0.04713495885245484	0.003040965087255151	0.00028765885960521697	4.1094122800745284e-05	0.0	4.1094122800745284e-05	0.0	0.0	0.0	0.0	0.0	0.0	0.0	0.0	0.0	0.0	0.0	0.0	0.0	0.0	0.0	0.0	0.0	0.0	0.0	0.0	0.0	0.0
Sor-CBur_033-Ex1-3A-lcwgs-1-T	91.0166494040749	8.171741775773908	0.7449499083004624	0.06164382130396534	0.004457858263789583	0.00027861614148684896	6.965403537171224e-05	6.965403537171224e-05	0.00013930807074342448	0.0	0.0	0.0	0.0	0.0	0.0	0.0	0.0	0.0	0.0	0.0	0.0	0.0	0.0	0.0	0.0	0.0	0.0	0.0	0.0	0.0	0.0
Sor-CBur_034-Ex1-3C-lcwgs-1-T	91.10394268664555	8.084309607550416	0.747601172691631	0.059701410881795994	0.004034803255470749	0.00020515948756630927	0.00013677299171087283	0.0	6.838649585543641e-05	0.0	0.0	0.0	0.0	0.0	0.0	0.0	0.0	0.0	0.0	0.0	0.0	0.0	0.0	0.0	0.0	0.0	0.0	0.0	0.0	0.0	0.0
Sor-CBur_036-Ex1-3F-lcwgs-1-T	90.53671589369384	8.604788470126941	0.7905971584070729	0.06259982287353624	0.004730941873755763	0.0004541704198805532	3.78475349900461e-05	3.78475349900461e-05	0.0	3.78475349900461e-05	0.0	0.0	0.0	0.0	0.0	0.0	0.0	0.0	0.0	0.0	0.0	0.0	0.0	0.0	0.0	0.0	0.0	0.0	0.0	0.0	0.0
Sor-CBur_037-Ex1-5A-lcwgs-1-T	91.33475150957638	7.905300617982829	0.7047392442683272	0.0504912020001887	0.0041277479007453535	0.0005896782715350505	0.0	0.0	0.0	0.0	0.0	0.0	0.0	0.0	0.0	0.0	0.0	0.0	0.0	0.0	0.0	0.0	0.0	0.0	0.0	0.0	0.0	0.0	0.0	0.0	0.0
Sor-CBur_040-Ex1-4B-lcwgs-1-T	91.46227059030022	7.81245481744398	0.6716775732453365	0.05010009932596873	0.0028916835852572558	0.0004707391882976928	0.0	0.0	0.0	0.0	6.724845547109896e-05	6.724845547109896e-05	0.0	0.0	0.0	0.0	0.0	0.0	0.0	0.0	0.0	0.0	0.0	0.0	0.0	0.0	0.0	0.0	0.0	0.0	0.0
Sor-CBur_041-Ex1-7F-lcwgs-1-T	91.17749184859868	8.074938448602314	0.6899805818195016	0.05432251117604003	0.002782667610353943	0.00024197109655251683	0.0	0.00012098554827625841	0.0	0.00012098554827625841	0.0	0.0	0.0	0.0	0.0	0.0	0.0	0.0	0.0	0.0	0.0	0.0	0.0	0.0	0.0	0.0	0.0	0.0	0.0	0.0	0.0
Sor-CBur_042-Ex1-6C-lcwgs-1-T	91.96983611086236	7.35121885266483	0.6264438556352145	0.048989396166184675	0.003102076459746461	0.0003511784671411088	0.0	0.0	0.0	5.8529744523518136e-05	0.0	0.0	0.0	0.0	0.0	0.0	0.0	0.0	0.0	0.0	0.0	0.0	0.0	0.0	0.0	0.0	0.0	0.0	0.0	0.0	0.0
Sor-CBur_043-Ex1-1B-lcwgs-1-T	90.7299927723488	8.407441510480094	0.7924674013128583	0.06257363788477342	0.006336570925040346	0.001188107048445065	0.0	0.0	0.0	0.0	0.0	0.0	0.0	0.0	0.0	0.0	0.0	0.0	0.0	0.0	0.0	0.0	0.0	0.0	0.0	0.0	0.0	0.0	0.0	0.0	0.0
Sor-CBur_044-Ex1-6A-lcwgs-1-T	91.79609407773597	7.510361579197555	0.6404843154194019	0.049781719302740245	0.00279263303405616	0.00024283765513531823	0.00012141882756765912	0.0	0.0	0.0	0.0	6.070941378382956e-05	0.0	6.070941378382956e-05	0.0	0.0	0.0	0.0	0.0	0.0	0.0	0.0	0.0	0.0	0.0	0.0	0.0	0.0	0.0	0.0	0.0
Sor-CBur_046-Ex1-2A-lcwgs-1-T	91.58881136678686	7.702016119358772	0.6544643238975179	0.05131826398240159	0.002920551608754562	0.00026076353649594306	5.215270729918861e-05	0.00010430541459837722	5.215270729918861e-05	0.0	0.0	0.0	0.0	0.0	0.0	0.0	0.0	0.0	0.0	0.0	0.0	0.0	0.0	0.0	0.0	0.0	0.0	0.0	0.0	0.0	0.0
Sor-CBur_049-Ex1-7B-lcwgs-1-T	91.49645090127676	7.8085887046075415	0.6404761088314073	0.050293186416267566	0.0032385763980172294	0.0005715134820030404	0.0001905044940010135	0.0001905044940010135	0.0	0.0	0.0	0.0	0.0	0.0	0.0	0.0	0.0	0.0	0.0	0.0	0.0	0.0	0.0	0.0	0.0	0.0	0.0	0.0	0.0	0.0	0.0
Sor-CBur_050-Ex1-6D-lcwgs-1-T	91.5171567716272	7.768014356735127	0.6637286279652167	0.04690948294799739	0.0037852032349969074	0.0002027787447319772	0.00013518582982131812	0.0	3.379645745532953e-05	3.379645745532953e-05	0.0	0.0	0.0	0.0	0.0	0.0	0.0	0.0	0.0	0.0	0.0	0.0	0.0	0.0	0.0	0.0	0.0	0.0	0.0	0.0	0.0
Sor-CBur_051-Ex1-8D-lcwgs-1-T	91.71349833082903	7.5958495414652365	0.6420736994697928	0.0443126464983448	0.003898041932634481	0.00022064388297931021	7.35479609931034e-05	0.0	7.35479609931034e-05	0.0	0.0	0.0	0.0	0.0	0.0	0.0	0.0	0.0	0.0	0.0	0.0	0.0	0.0	0.0	0.0	0.0	0.0	0.0	0.0	0.0	0.0
Sor-CBur_052-Ex1-5B-lcwgs-1-T	91.8095587556743	7.481400591489755	0.6565272608223729	0.04932743308387641	0.002636655665953305	0.00021972130549610872	0.0	0.00010986065274805436	0.0	0.0	0.0	0.0	0.0	0.0	0.00021972130549610872	0.0	0.0	0.0	0.0	0.0	0.0	0.0	0.0	0.0	0.0	0.0	0.0	0.0	0.0	0.0	0.0
Sor-CBur_053-Ex1-8F-lcwgs-1-T	91.52008305028893	7.758324233554529	0.6679632505343204	0.049968016162068675	0.0033024838268033894	0.00021537938000891672	3.589656333481945e-05	3.589656333481945e-05	0.0	0.0	3.589656333481945e-05	0.0	3.589656333481945e-05	0.0	0.0	0.0	0.0	0.0	0.0	0.0	0.0	0.0	0.0	0.0	0.0	0.0	0.0	0.0	0.0	0.0	0.0
Sor-CBur_054-Ex1-7A-lcwgs-1-T	91.46796378157198	7.812268910324881	0.6638949599855389	0.051855381913061896	0.0036517874586663307	0.00036517874586663307	0.0	0.0	0.0	0.0	0.0	0.0	0.0	0.0	0.0	0.0	0.0	0.0	0.0	0.0	0.0	0.0	0.0	0.0	0.0	0.0	0.0	0.0	0.0	0.0	0.0
Sor-CBur_055-Ex1-2G-lcwgs-1-T	91.8983651748502	7.441930990644026	0.613304179110866	0.04289349890284623	0.003187414992780505	0.00027320699938118616	4.5534499896864356e-05	0.0	0.0	0.0	0.0	0.0	0.0	0.0	0.0	0.0	0.0	0.0	0.0	0.0	0.0	0.0	0.0	0.0	0.0	0.0	0.0	0.0	0.0	0.0	0.0
Sor-CBur_058-Ex1-8C-lcwgs-1-T	92.0008840459052	7.337646208218889	0.6175934262450803	0.041398904852277624	0.0024122196528098775	6.51951257516183e-05	0.0	0.0	0.0	0.0	0.0	0.0	0.0	0.0	0.0	0.0	0.0	0.0	0.0	0.0	0.0	0.0	0.0	0.0	0.0	0.0	0.0	0.0	0.0	0.0	0.0
Sor-CBur_059-Ex1-3G-lcwgs-1-T	92.31334362978725	7.041028938338383	0.5964651787627905	0.04463269720692116	0.0036457401183871245	0.0005523848664222916	0.00011047697328445832	0.0	0.0	0.00022095394656891664	0.0	0.0	0.0	0.0	0.0	0.0	0.0	0.0	0.0	0.0	0.0	0.0	0.0	0.0	0.0	0.0	0.0	0.0	0.0	0.0	0.0
Sor-CBur_062-Ex1-6E-lcwgs-1-T	91.63349786944809	7.675297044132103	0.6395490852964187	0.04758488281669465	0.003599104589979385	0.00044251285942369486	2.950085729491299e-05	0.0	0.0	0.0	0.0	0.0	0.0	0.0	0.0	0.0	0.0	0.0	0.0	0.0	0.0	0.0	0.0	0.0	0.0	0.0	0.0	0.0	0.0	0.0	0.0
Sor-CBur_064-Ex1-4D-lcwgs-1-T	91.61774613276864	7.670109963782733	0.6563846626664331	0.052085690801234055	0.0026895633789050326	0.000590391961223056	0.00013119821360512354	0.00013119821360512354	0.0	0.0	6.559910680256177e-05	0.0	6.559910680256177e-05	0.0	0.0	0.0	0.0	0.0	0.0	0.0	0.0	0.0	0.0	0.0	0.0	0.0	0.0	0.0	0.0	0.0	0.0
Sor-CBur_065-Ex1-1F-lcwgs-1-T	90.81457337594388	8.318073192115163	0.7955895245906276	0.06557736361322436	0.00494923498967731	0.00035351678497695074	0.0005302751774654261	0.0	0.0	0.00017675839248847537	0.00017675839248847537	0.0	0.0	0.0	0.0	0.0	0.0	0.0	0.0	0.0	0.0	0.0	0.0	0.0	0.0	0.0	0.0	0.0	0.0	0.0	0.0
Sor-CBur_066-Ex1-3B-lcwgs-1-T	90.89092559852992	8.305827229736202	0.7420660494848593	0.057262046802469886	0.003538054222586067	0.00038102122397080723	0.0	0.0	0.0	0.0	0.0	0.0	0.0	0.0	0.0	0.0	0.0	0.0	0.0	0.0	0.0	0.0	0.0	0.0	0.0	0.0	0.0	0.0	0.0	0.0	0.0
Sor-CBur_067-Ex1-4H-lcwgs-1-T	91.62676764846826	7.639369187113782	0.6754886357839206	0.054192972141634335	0.003596138583472649	0.00033452451939280453	8.363112984820113e-05	0.0	8.363112984820113e-05	8.363112984820113e-05	0.0	0.0	0.0	0.0	0.0	0.0	0.0	0.0	0.0	0.0	0.0	0.0	0.0	0.0	0.0	0.0	0.0	0.0	0.0	0.0	0.0
Sor-CBur_068-Ex1-6F-lcwgs-1-T	91.25579354908497	7.983642097261012	0.7011903348953067	0.054957024448213744	0.0038460902839646577	0.0003906185444651606	9.014274103042167e-05	3.0047580343473888e-05	0.0	6.0095160686947777e-05	0.0	0.0	0.0	0.0	0.0	0.0	0.0	0.0	0.0	0.0	0.0	0.0	0.0	0.0	0.0	0.0	0.0	0.0	0.0	0.0	0.0
Sor-CBur_069-Ex1-5D-lcwgs-1-T	91.70867276059094	7.580354391787797	0.6583357208110577	0.048447779105155325	0.003310936089473656	0.000608131118474753	0.00013514024854994515	0.0	0.0	0.0	6.757012427497257e-05	6.757012427497257e-05	0.0	0.0	0.0	0.0	0.0	0.0	0.0	0.0	0.0	0.0	0.0	0.0	0.0	0.0	0.0	0.0	0.0	0.0	0.0
Sor-CBur_070-Ex1-1E-lcwgs-1-T	90.74701412072076	8.399470213780662	0.7847004789848011	0.06402015468513488	0.004017459099674456	0.0002591909096564165	0.0003887863644846248	0.0	0.0	0.0	0.0	0.0	0.00012959545482820825	0.0	0.0	0.0	0.0	0.0	0.0	0.0	0.0	0.0	0.0	0.0	0.0	0.0	0.0	0.0	0.0	0.0	0.0
Sor-CBur_071-Ex1-4G-lcwgs-1-T	91.62563217046349	7.6749409709900425	0.6487937463943237	0.047024957723135606	0.003330604088316518	0.00015860019468173897	0.0	3.965004867043474e-05	0.0	7.930009734086949e-05	0.0	0.0	0.0	0.0	0.0	0.0	0.0	0.0	0.0	0.0	0.0	0.0	0.0	0.0	0.0	0.0	0.0	0.0	0.0	0.0	0.0
Sor-CBur_073-Ex1-7H-lcwgs-1-T	91.35215635430264	7.8893746003101155	0.6992492400416992	0.055014848752967555	0.0035041304938195897	0.0001752065246909795	0.000350413049381959	0.0	0.0001752065246909795	0.0	0.0	0.0	0.0	0.0	0.0	0.0	0.0	0.0	0.0	0.0	0.0	0.0	0.0	0.0	0.0	0.0	0.0	0.0	0.0	0.0	0.0
Sor-CBur_075-Ex1-5H-lcwgs-1-T	91.20903487971479	8.000788731824679	0.7270489512105806	0.05756586669132056	0.004911516856975907	0.0005055973235122257	0.0001444563781463502	0.0	0.0	0.0	0.0	0.0	0.0	0.0	0.0	0.0	0.0	0.0	0.0	0.0	0.0	0.0	0.0	0.0	0.0	0.0	0.0	0.0	0.0	0.0	0.0
Sor-CBur_076-Ex1-2B-lcwgs-1-T	92.15363603329672	7.184251304177127	0.6148114425097004	0.04239358791761861	0.004281125873454096	0.0002088354084611754	0.0001044177042305877	0.0002088354084611754	0.0	0.0	0.0	0.0	0.0	0.0	0.0	0.0	0.0	0.0	0.0	0.0	0.0	0.0	0.0	0.0	0.0	0.0	0.0	0.0	0.0	0.0	0.0001044177042305877
Sor-CBur_077-Ex1-8E-lcwgs-1-T	91.90217583226972	7.437288642925728	0.6117689000099215	0.04510912793503613	0.00340525569686666	0.00012612058136543186	4.204019378847729e-05	4.204019378847729e-05	0.0	4.204019378847729e-05	0.0	0.0	0.0	0.0	0.0	0.0	0.0	0.0	0.0	0.0	0.0	0.0	0.0	0.0	0.0	0.0	0.0	0.0	0.0	0.0	0.0
Sor-CBur_078-Ex1-5G-lcwgs-1-T	91.35717968106951	7.91429848598454	0.6753348786102388	0.0494817957190677	0.0031473928033867544	0.0005179253980256684	0.0	0.0	0.0	0.0	0.0	0.0	0.0	3.984041523274372e-05	0.0	0.0	0.0	0.0	0.0	0.0	0.0	0.0	0.0	0.0	0.0	0.0	0.0	0.0	0.0	0.0	0.0
Sor-CBur_079-Ex1-8G-lcwgs-1-T	91.9531654682212	7.388966578679532	0.6109672241024071	0.043723262529892185	0.002846480376662171	0.00023169026321668833	3.3098609030955476e-05	3.3098609030955476e-05	0.0	0.0	0.0	0.0	0.0	0.0	0.0	3.3098609030955476e-05	0.0	0.0	0.0	0.0	0.0	0.0	0.0	0.0	0.0	0.0	0.0	0.0	0.0	0.0	0.0
Sor-CBur_080-Ex1-2F-lcwgs-1-T	91.63307230346224	7.656510630505875	0.6548158914451442	0.050880320140691	0.004244000461594657	0.0003814831875590703	4.7685398444883785e-05	0.0	0.0	0.0	0.0	0.0	0.0	0.0	0.0	0.0	0.0	0.0	4.7685398444883785e-05	0.0	0.0	0.0	0.0	0.0	0.0	0.0	0.0	0.0	0.0	0.0	0.0
Sor-CBur_081-Ex1-8A-lcwgs-1-T	92.01808255027332	7.298937522933596	0.6336444777543094	0.04482055769579647	0.004268624542456807	0.0001641778670175695	8.208893350878475e-05	0.0	0.0	0.0	0.0	0.0	0.0	0.0	0.0	0.0	0.0	0.0	0.0	0.0	0.0	0.0	0.0	0.0	0.0	0.0	0.0	0.0	0.0	0.0	0.0
Sor-CBur_082-Ex1-4C-lcwgs-1-T	91.57946088923103	7.694975762856683	0.6719145228285973	0.049700948336392936	0.003242898756700816	0.00035248899529356694	7.049779905871339e-05	7.049779905871339e-05	7.049779905871339e-05	0.00014099559811742678	0.0	0.0	0.0	0.0	0.0	0.0	0.0	0.0	0.0	0.0	0.0	0.0	0.0	0.0	0.0	0.0	0.0	0.0	0.0	0.0	0.0
Sor-CBur_084-Ex1-4A-lcwgs-1-T	91.49252223811126	7.775156044596973	0.6749085452216065	0.053767891303803016	0.003417450718462056	0.0001518866985983136	0.0	0.0	7.59433492991568e-05	0.0	0.0	0.0	0.0	0.0	0.0	0.0	0.0	0.0	0.0	0.0	0.0	0.0	0.0	0.0	0.0	0.0	0.0	0.0	0.0	0.0	0.0
Sor-CBur_085-Ex1-7E-lcwgs-1-T	91.61783733826248	7.693776956253851	0.637399876771411	0.047905113986444856	0.002618607516943931	0.00015403573629081948	0.0	0.00015403573629081948	0.0	0.00015403573629081948	0.0	0.0	0.0	0.0	0.0	0.0	0.0	0.0	0.0	0.0	0.0	0.0	0.0	0.0	0.0	0.0	0.0	0.0	0.0	0.0	0.0
Sor-CBur_086-Ex1-1D-lcwgs-1-T	91.45897845431729	7.7525343068548525	0.7219922422503993	0.05964992340037159	0.005541249714788618	0.0006519117311516021	0.00032595586557580104	0.0	0.0	0.0	0.0	0.0	0.0	0.0	0.0	0.0	0.0	0.0	0.0	0.0	0.0	0.0	0.0	0.0	0.0	0.0	0.0	0.0	0.0	0.0	0.00032595586557580104
Sor-CBur_087-Ex1-1C-lcwgs-1-T	91.45724316722948	7.763736491506669	0.7209844419146745	0.052933842263527625	0.0035076642463783368	0.0006377571357051522	0.0	0.0	0.0003188785678525761	0.0	0.0003188785678525761	0.0	0.0	0.0	0.0	0.0	0.0	0.0	0.0	0.0	0.0	0.0	0.0	0.0	0.0	0.0	0.0	0.0	0.0	0.0	0.0003188785678525761
Sor-CBur_088-Ex1-4F-lcwgs-1-T	91.53592114934574	7.727822741632662	0.6811802209996786	0.050912778766231855	0.003890118484819324	0.000136495385432257	0.0	0.0	0.0	6.82476927161285e-05	0.0	0.0	0.0	0.0	6.82476927161285e-05	0.0	0.0	0.0	0.0	0.0	0.0	0.0	0.0	0.0	0.0	0.0	0.0	0.0	0.0	0.0	0.0
Sor-CBur_089-Ex1-4E-lcwgs-1-T	91.76949935835584	7.523412762265297	0.6572801451929566	0.04628252925493657	0.002956623490487348	0.0003411488642870017	0.00017057443214350086	0.0	0.0	0.0	0.0	0.0	0.0	0.0	0.0	0.0	0.0	0.0	5.685814404783362e-05	0.0	0.0	0.0	0.0	0.0	0.0	0.0	0.0	0.0	0.0	0.0	0.0
Sor-CBur_091-Ex1-7C-lcwgs-1-T	91.59206994501342	7.671409584864358	0.685051989680244	0.04788523180361191	0.00325749876215047	0.0	0.0	0.0	0.00016287493810752352	0.00016287493810752352	0.0	0.0	0.0	0.0	0.0	0.0	0.0	0.0	0.0	0.0	0.0	0.0	0.0	0.0	0.0	0.0	0.0	0.0	0.0	0.0	0.0
Sor-CBur_093-Ex1-7G-lcwgs-1-T	91.97015599227349	7.3803251185782415	0.6011641061291291	0.04437866027750771	0.0028217645263155194	0.0006413101196171636	0.0	0.0003847860717702981	0.0	0.0001282620239234327	0.0	0.0	0.0	0.0	0.0	0.0	0.0	0.0	0.0	0.0	0.0	0.0	0.0	0.0	0.0	0.0	0.0	0.0	0.0	0.0	0.0
Sor-CBur_096-Ex1-3D-lcwgs-1-T	90.84015255917744	8.342258395035476	0.7553391569476012	0.05783108572754213	0.003811217684050054	0.0002209401555971046	0.00016570511669782844	5.523503889927615e-05	0.0001104700777985523	0.0	0.0	0.0	0.0	0.0	0.0	0.0	0.0	0.0	0.0	5.523503889927615e-05	0.0	0.0	0.0	0.0	0.0	0.0	0.0	0.0	0.0	0.0	0.0
Sor-CPnd_001-Ex1-3E-lcwgs-1-T	92.3961711252044	6.976874563783925	0.5815374459218049	0.04314917140992595	0.0021417106977189523	6.299149110938094e-05	0.0	6.299149110938094e-05	0.0	0.0	0.0	0.0	0.0	0.0	0.0	0.0	0.0	0.0	0.0	0.0	0.0	0.0	0.0	0.0	0.0	0.0	0.0	0.0	0.0	0.0	0.0
Sor-CPnd_002-Ex1-5E-lcwgs-1-T	92.00035772441655	7.339592710344658	0.6081315081385306	0.047776616707290796	0.004021398642447843	0.00012004175052083115	0.0	0.0	0.0	0.0	0.0	0.0	0.0	0.0	0.0	0.0	0.0	0.0	0.0	0.0	0.0	0.0	0.0	0.0	0.0	0.0	0.0	0.0	0.0	0.0	0.0
Sor-CPnd_003-Ex1-2B-lcwgs-1-T	91.32785477619252	7.944861912223425	0.6738237191770522	0.04914207541586421	0.004026448429927669	0.00024255713433299215	4.8511426866598435e-05	0.0	0.0	0.0	0.0	0.0	0.0	0.0	0.0	0.0	0.0	0.0	0.0	0.0	0.0	0.0	0.0	0.0	0.0	0.0	0.0	0.0	0.0	0.0	0.0
Sor-CPnd_004-Ex1-1G-lcwgs-1-T	92.5586935528522	6.895225168254697	0.5102961967818425	0.03314633737601372	0.002453569666101574	9.258753456987072e-05	4.629376728493536e-05	0.0	0.0	0.0	0.0	4.629376728493536e-05	0.0	0.0	0.0	0.0	0.0	0.0	0.0	0.0	0.0	0.0	0.0	0.0	0.0	0.0	0.0	0.0	0.0	0.0	0.0
Sor-CPnd_005-Ex1-3D-lcwgs-1-T	91.72074247612181	7.575274824292666	0.6520093710578483	0.04872950081095693	0.002811317354478284	0.0002883402414849522	0.0	7.208506037123805e-05	0.0	0.0	0.0	0.0	0.0	0.0	0.0	0.0	0.0	0.0	0.0	0.0	0.0	0.0	0.0	0.0	0.0	0.0	0.0	7.208506037123805e-05	0.0	0.0	0.0
Sor-CPnd_006-Ex1-2D-lcwgs-1-T	91.60143360832055	7.69389563515898	0.652403786500408	0.04864341957749402	0.0034588436042687623	0.00010980455886567499	0.0	0.0	0.0	0.0	0.0	0.0	0.0	0.0	0.0	5.4902279432837496e-05	0.0	0.0	0.0	0.0	0.0	0.0	0.0	0.0	0.0	0.0	0.0	0.0	0.0	0.0	0.0
Sor-CPnd_007-Ex1-1C-lcwgs-1-T	92.43943998748576	6.982949339650048	0.5396768642874701	0.035475653087219824	0.0022346868086437688	0.00011173434043218843	5.5867170216094216e-05	0.0	0.0	0.0	0.0	0.0	0.0	0.0	0.0	0.0	5.5867170216094216e-05	0.0	0.0	0.0	0.0	0.0	0.0	0.0	0.0	0.0	0.0	0.0	0.0	0.0	0.0
Sor-CPnd_008-Ex1-1A-lcwgs-1-T	91.67871383401676	7.6170618355168145	0.6496765943062899	0.050812086675772465	0.003445501951604842	0.00018134220797920222	3.626844159584044e-05	0.0	0.0	7.253688319168088e-05	0.0	0.0	0.0	0.0	0.0	0.0	0.0	0.0	0.0	0.0	0.0	0.0	0.0	0.0	0.0	0.0	0.0	0.0	0.0	0.0	0.0
Sor-CPnd_009-Ex1-6A-lcwgs-1-T	90.52427741353605	8.569774352957278	0.8298278217798183	0.07085349434978944	0.004651802938863007	0.00038444652387297575	3.844465238729758e-05	3.844465238729758e-05	3.844465238729758e-05	3.844465238729758e-05	0.0	0.0	0.0	3.844465238729758e-05	0.0	0.0	0.0	0.0	0.0	0.0	0.0	0.0	0.0	0.0	0.0	3.844465238729758e-05	0.0	0.0	0.0	0.0	0.0
Sor-CPnd_010-Ex1-1H-lcwgs-1-T	91.95334612314187	7.424531189357533	0.5815760494006355	0.03774623799772182	0.002563746572468044	0.00015776901984418732	3.944225496104683e-05	0.0	0.0	0.0	0.0	3.944225496104683e-05	0.0	0.0	0.0	0.0	0.0	0.0	0.0	0.0	0.0	0.0	0.0	0.0	0.0	0.0	0.0	0.0	0.0	0.0	0.0
Sor-CPnd_011-Ex1-8D-lcwgs-1-T	92.28724937082552	7.0670863297834865	0.5971554269100968	0.04514687141786791	0.0031218581299589515	0.00024014293307376552	0.0	0.0	0.0	0.0	0.0	0.0	0.0	0.0	0.0	0.0	0.0	0.0	0.0	0.0	0.0	0.0	0.0	0.0	0.0	0.0	0.0	0.0	0.0	0.0	0.0
Sor-CPnd_012-Ex1-5B-lcwgs-1-T	91.54208364962851	7.749154790655795	0.6556452741063078	0.04835854344919264	0.004047631390020529	0.0004970775391253282	0.00014202215403580804	7.101107701790402e-05	0.0	0.0	0.0	0.0	0.0	0.0	0.0	0.0	0.0	0.0	0.0	0.0	0.0	0.0	0.0	0.0	0.0	0.0	0.0	0.0	0.0	0.0	0.0
Sor-CPnd_013-Ex1-7F-lcwgs-1-T	92.91984355055597	6.528624377990594	0.5115323444891161	0.036723298817072925	0.0029351335485764602	0.00020477675920300886	0.0	0.0	0.00013651783946867256	0.0	0.0	0.0	0.0	0.0	0.0	0.0	0.0	0.0	0.0	0.0	0.0	0.0	0.0	0.0	0.0	0.0	0.0	0.0	0.0	0.0	0.0
Sor-CPnd_014-Ex1-1F-lcwgs-1-T	92.44436338673458	6.971321710518528	0.5457407580760917	0.03583037705822921	0.0023133726929487324	0.0002689968247614805	5.3799364952296103e-05	5.3799364952296103e-05	0.0	0.0	5.3799364952296103e-05	0.0	0.0	0.0	0.0	0.0	0.0	0.0	0.0	0.0	0.0	0.0	0.0	0.0	0.0	0.0	0.0	0.0	0.0	0.0	0.0
Sor-CPnd_015-Ex1-5F-lcwgs-1-T	91.64079097891812	7.633407996308509	0.6735289311017756	0.04854695596166233	0.0034848062447727906	0.0002403314651567442	0.0	0.0	0.0	0.0	0.0	0.0	0.0	0.0	0.0	0.0	0.0	0.0	0.0	0.0	0.0	0.0	0.0	0.0	0.0	0.0	0.0	0.0	0.0	0.0	0.0
Sor-CPnd_016-Ex1-1B-lcwgs-1-T	92.34664784697674	7.068173075820486	0.5456181152719907	0.036537858120525936	0.0026582464538471083	0.000260612397435991	0.0001042449589743964	0.0	0.0	0.0	0.0	0.0	0.0	0.0	0.0	0.0	0.0	0.0	0.0	0.0	0.0	0.0	0.0	0.0	0.0	0.0	0.0	0.0	0.0	0.0	0.0
Sor-CPnd_017-Ex1-3G-lcwgs-1-T	92.07763274575478	7.274512736657362	0.6006868994461446	0.04363844956341944	0.0031370387362663526	0.0003361112931713949	5.601854886189915e-05	0.0	0.0	0.0	0.0	0.0	0.0	0.0	0.0	0.0	0.0	0.0	0.0	0.0	0.0	0.0	0.0	0.0	0.0	0.0	0.0	0.0	0.0	0.0	0.0
Sor-CPnd_018-Ex1-1E-lcwgs-1-T	92.38505728744879	7.045458519213161	0.5330651802250729	0.03368971939022461	0.0024734224362443383	0.00021322607209002916	4.2645214418005834e-05	0.0	0.0	0.0	0.0	0.0	0.0	0.0	0.0	0.0	0.0	0.0	0.0	0.0	0.0	0.0	0.0	0.0	0.0	0.0	0.0	0.0	0.0	0.0	0.0
Sor-CPnd_019-Ex1-6G-lcwgs-1-T	91.55312897441436	7.674320752684524	0.7122626659025079	0.05576454862555564	0.004165974817277369	0.00023805570384442107	0.00011902785192221054	0.0	0.0	0.0	0.0	0.0	0.0	0.0	0.0	0.0	0.0	0.0	0.0	0.0	0.0	0.0	0.0	0.0	0.0	0.0	0.0	0.0	0.0	0.0	0.0
Sor-CPnd_020-Ex1-2E-lcwgs-1-T	91.69988038123911	7.600483216332159	0.646346293843338	0.04928964630974641	0.0036053548903922723	0.0003457189620924097	4.938842315605853e-05	0.0	0.0	0.0	0.0	0.0	0.0	0.0	0.0	0.0	0.0	0.0	0.0	0.0	0.0	0.0	0.0	0.0	0.0	0.0	0.0	0.0	0.0	0.0	0.0
Sor-CPnd_021-Ex1-4D-lcwgs-1-T	92.22878139400416	7.158428741934792	0.5686424272495171	0.04248702436508758	0.0014650698056926754	0.0	9.767132037951169e-05	0.0	0.0	0.0	9.767132037951169e-05	0.0	0.0	0.0	0.0	0.0	0.0	0.0	0.0	0.0	0.0	0.0	0.0	0.0	0.0	0.0	0.0	0.0	0.0	0.0	0.0
Sor-CPnd_022-Ex1-7C-lcwgs-1-T	92.1705903500267	7.206377392611637	0.5794014794156417	0.040961729107884044	0.002233285762530912	0.00010894076890394691	0.00010894076890394691	5.4470384451973456e-05	0.0	5.4470384451973456e-05	0.0	0.0	0.0	0.0	0.0	0.0	0.0	0.0	5.4470384451973456e-05	0.0	0.0	0.0	5.4470384451973456e-05	0.0	0.0	0.0	0.0	0.0	0.0	0.0	0.0
Sor-CPnd_023-Ex1-4A-lcwgs-1-T	91.90168886862484	7.44263183600016	0.6094058198897437	0.04272559074168153	0.0030949632869415947	0.00015097381887519974	0.00015097381887519974	7.548690943759987e-05	0.0	7.548690943759987e-05	0.0	0.0	0.0	0.0	0.0	0.0	0.0	0.0	0.0	0.0	0.0	0.0	0.0	0.0	0.0	0.0	0.0	0.0	0.0	0.0	0.0
Sor-CPnd_024-Ex1-5G-lcwgs-1-T	92.26588052709063	7.11391046421397	0.5738673860859097	0.04242542914953332	0.0032634945499641016	0.0005076547077721936	7.252210111031337e-05	0.0	0.0	0.0	7.252210111031337e-05	0.0	0.0	0.0	0.0	0.0	0.0	0.0	0.0	0.0	0.0	0.0	0.0	0.0	0.0	0.0	0.0	0.0	0.0	0.0	0.0
Sor-CPnd_025-Ex1-4B-lcwgs-1-T	92.00712167569631	7.371035266928278	0.5813904592421151	0.03776136499344853	0.002691233139844884	0.0	0.0	0.0	0.0	0.0	0.0	0.0	0.0	0.0	0.0	0.0	0.0	0.0	0.0	0.0	0.0	0.0	0.0	0.0	0.0	0.0	0.0	0.0	0.0	0.0	0.0
Sor-CPnd_026-Ex1-3H-lcwgs-1-T	91.54221826556761	7.7307344359905	0.6752904116402536	0.04627844195912071	0.005045936039156464	0.00036042400279689025	0.0	0.0	0.0	0.0	0.0	0.0	0.0	0.0	0.0	0.0	0.0	0.0	0.0	0.0	0.0	0.0	0.0	0.0	0.0	0.0	0.0	0.0	0.0	0.0	7.208480055937805e-05
Sor-CPnd_027-Ex1-3C-lcwgs-1-T	91.62813996791624	7.673444008200227	0.6446968796563587	0.04915301696786319	0.004028935817037967	0.0004700425119877628	0.0	6.714893028396611e-05	0.0	0.0	0.0	0.0	0.0	0.0	0.0	0.0	0.0	0.0	0.0	0.0	0.0	0.0	0.0	0.0	0.0	0.0	0.0	0.0	0.0	0.0	0.0
Sor-CPnd_028-Ex1-3A-lcwgs-1-T	91.56199776063129	7.722902242161575	0.6609565303495396	0.05090628419670899	0.0030467601514239796	0.00012694833964266582	0.0	0.0	0.0	6.347416982133291e-05	0.0	0.0	0.0	0.0	0.0	0.0	0.0	0.0	0.0	0.0	0.0	0.0	0.0	0.0	0.0	0.0	0.0	0.0	0.0	0.0	0.0
Sor-CPnd_029-Ex1-8E-lcwgs-1-T	92.19817512449431	7.170492368739467	0.5868807593191369	0.04169048818611068	0.0025349265346603675	9.053309052358454e-05	9.053309052358454e-05	0.0	0.0	0.0	0.0	4.526654526179227e-05	0.0	0.0	0.0	0.0	0.0	0.0	0.0	0.0	0.0	0.0	0.0	0.0	0.0	0.0	0.0	0.0	0.0	0.0	0.0
Sor-CPnd_030-Ex1-2H-lcwgs-1-T	91.21138809478089	8.027462764072842	0.7000922277186217	0.05652666625195747	0.004259784657743206	0.00027046251795194963	0.0	0.0	0.0	0.0	0.0	0.0	0.0	0.0	0.0	0.0	0.0	0.0	0.0	0.0	0.0	0.0	0.0	0.0	0.0	0.0	0.0	0.0	0.0	0.0	0.0
Sor-CPnd_031-Ex1-5D-lcwgs-1-T	91.62573819188847	7.67181621294785	0.6480595868384784	0.050620409331369486	0.0033352448231082975	0.0004303541707236513	0.0	0.0	0.0	0.0	0.0	0.0	0.0	0.0	0.0	0.0	0.0	0.0	0.0	0.0	0.0	0.0	0.0	0.0	0.0	0.0	0.0	0.0	0.0	0.0	0.0
Sor-CPnd_032-Ex1-4F-lcwgs-1-T	92.4430525863377	6.956192219417851	0.5581732339012782	0.03956309002032971	0.0028599824111081714	7.944395586411588e-05	0.0	7.944395586411588e-05	0.0	0.0	0.0	0.0	0.0	0.0	0.0	0.0	0.0	0.0	0.0	0.0	0.0	0.0	0.0	0.0	0.0	0.0	0.0	0.0	0.0	0.0	0.0
Sor-CPnd_033-Ex1-2F-lcwgs-1-T	91.2941988217186	7.953240273870814	0.6982113475930152	0.05015657343028501	0.003980680430975001	0.00021230295631866674	0.0	0.0	0.0	0.0	0.0	0.0	0.0	0.0	0.0	0.0	0.0	0.0	0.0	0.0	0.0	0.0	0.0	0.0	0.0	0.0	0.0	0.0	0.0	0.0	0.0
Sor-CPnd_034-Ex1-4G-lcwgs-1-T	92.34856854130805	7.0725106834861995	0.5405666621400249	0.03572376719359223	0.002263320866717316	0.00012234166847120627	6.117083423560314e-05	6.117083423560314e-05	0.0	0.0	0.0	0.0	0.0	6.117083423560314e-05	0.0	6.117083423560314e-05	0.0	0.0	0.0	0.0	0.0	0.0	0.0	0.0	0.0	0.0	0.0	0.0	0.0	0.0	0.0
Sor-CPnd_035-Ex1-4C-lcwgs-1-T	92.02537926447934	7.331912597928128	0.595946834129863	0.04321090819976776	0.003117420230844968	0.00017319001282472047	8.659500641236023e-05	0.0	8.659500641236023e-05	0.0	0.0	0.0	8.659500641236023e-05	0.0	0.0	0.0	0.0	0.0	0.0	0.0	0.0	0.0	0.0	0.0	0.0	0.0	0.0	0.0	0.0	0.0	0.0
Sor-CPnd_036-Ex1-5C-lcwgs-1-T	91.62025977927016	7.663171953421201	0.6630087302665999	0.05002200099175133	0.0031651638344656553	0.00024824814387965923	6.206203596991481e-05	6.206203596991481e-05	0.0	0.0	0.0	0.0	0.0	0.0	0.0	0.0	0.0	0.0	0.0	0.0	0.0	0.0	0.0	0.0	0.0	0.0	0.0	0.0	0.0	0.0	0.0
Sor-CPnd_037-Ex1-6C-lcwgs-1-T	90.8247092655126	8.287801190167556	0.81324674209431	0.06902515287440847	0.0045110926681700015	0.00043480411259469903	5.435051407433738e-05	5.435051407433738e-05	0.0	0.0	5.435051407433738e-05	0.0	0.0	0.0	0.0	5.435051407433738e-05	5.435051407433738e-05	0.0	0.0	0.0	0.0	0.0	0.0	0.0	0.0	0.0	0.0	0.0	0.0	0.0	0.0
Sor-CPnd_038-Ex1-2A-lcwgs-1-T	91.36708287265796	7.892511509912619	0.6826790777654359	0.05302861614618394	0.003990017234300247	0.0003861307000935723	0.00019306535004678615	0.0001287102333645241	0.0	0.0	0.0	0.0	0.0	0.0	0.0	0.0	0.0	0.0	0.0	0.0	0.0	0.0	0.0	0.0	0.0	0.0	0.0	0.0	0.0	0.0	0.0
Sor-CPnd_039-Ex1-5H-lcwgs-1-T	91.57395241561191	7.690477765909513	0.6817687705003261	0.04978369300476095	0.003781039975045136	0.00015754333229354734	7.877166614677367e-05	0.0	0.0	0.0	0.0	0.0	0.0	0.0	0.0	0.0	0.0	0.0	0.0	0.0	0.0	0.0	0.0	0.0	0.0	0.0	0.0	0.0	0.0	0.0	0.0
Sor-CPnd_040-Ex1-6F-lcwgs-1-T	94.81425635116194	4.736248513601314	0.4114923647121801	0.035142346936690654	0.0024517916467458596	0.00020431597056215495	0.0	0.00020431597056215495	0.0	0.0	0.0	0.0	0.0	0.0	0.0	0.0	0.0	0.0	0.0	0.0	0.0	0.0	0.0	0.0	0.0	0.0	0.0	0.0	0.0	0.0	0.0
Sor-CPnd_041-Ex1-7A-lcwgs-1-T	91.95343361705675	7.405475004332914	0.5968926558754616	0.04138007962966628	0.0023988451959226827	0.0001799133896942012	5.997112989806707e-05	0.0	0.0	5.997112989806707e-05	0.0	5.997112989806707e-05	0.0	0.0	0.0	0.0	0.0	5.997112989806707e-05	0.0	0.0	0.0	0.0	0.0	0.0	0.0	0.0	0.0	0.0	0.0	0.0	0.0
Sor-CPnd_042-Ex1-4E-lcwgs-1-T	92.53617836308555	6.884999123707468	0.5378245411982675	0.03739891339726096	0.0034425778022583314	0.0	7.824040459678026e-05	0.0	0.0	0.0	0.0	0.0	7.824040459678026e-05	0.0	0.0	0.0	0.0	0.0	0.0	0.0	0.0	0.0	0.0	0.0	0.0	0.0	0.0	0.0	0.0	0.0	0.0
Sor-CPnd_043-Ex1-1D-lcwgs-1-T	92.43065386872561	6.999835900060355	0.5341870238668065	0.03259747953618126	0.002558846516492044	0.0001112541963692193	0.0	0.0	5.562709818460965e-05	0.0	0.0	0.0	0.0	0.0	0.0	0.0	0.0	0.0	0.0	0.0	0.0	0.0	0.0	0.0	0.0	0.0	0.0	0.0	0.0	0.0	0.0
Sor-CPnd_044-Ex1-8G-lcwgs-1-T	92.61247960126285	6.813518660163282	0.5330340383711878	0.03784689201549737	0.0024966465497479524	0.00011348393407945237	0.00017022590111917855	0.00011348393407945237	0.0	0.00017022590111917855	0.0	0.0	0.0	0.0	5.674196703972619e-05	0.0	0.0	0.0	0.0	0.0	0.0	0.0	0.0	0.0	0.0	0.0	0.0	0.0	0.0	0.0	0.0
Sor-CPnd_045-Ex1-7B-lcwgs-1-T	92.10544355033059	7.259084633535304	0.5932712606719742	0.03893376119412577	0.0026241462152849556	0.0004819860395421347	0.00010710800878714104	0.0	0.0	0.0	0.0	0.0	0.0	0.0	5.355400439357052e-05	0.0	0.0	0.0	0.0	0.0	0.0	0.0	0.0	0.0	0.0	0.0	0.0	0.0	0.0	0.0	0.0
Sor-CPnd_046-Ex1-5A-lcwgs-1-T	91.39623820686526	7.848689799967083	0.697968978662266	0.05221005902683564	0.004281336043734125	0.00038921236761219324	5.560176680174189e-05	5.560176680174189e-05	0.0	0.0	0.0	5.560176680174189e-05	5.560176680174189e-05	0.0	0.0	0.0	0.0	0.0	0.0	0.0	0.0	0.0	0.0	0.0	0.0	0.0	0.0	0.0	0.0	0.0	0.0
Sor-CPnd_047-Ex1-4H-lcwgs-1-T	91.85969726511568	7.472488676527816	0.6183077176132648	0.04589566759340611	0.00312925006318678	0.00040118590553676675	8.023718110735333e-05	0.0	0.0	0.0	0.0	0.0	0.0	0.0	0.0	0.0	0.0	0.0	0.0	0.0	0.0	0.0	0.0	0.0	0.0	0.0	0.0	0.0	0.0	0.0	0.0
Sor-CPnd_048-Ex1-8A-lcwgs-1-T	92.17843180789801	7.173002895732098	0.6009744873917146	0.04328140501558412	0.0038409904883959928	0.00018736538967785332	0.00018736538967785332	0.0	0.0	0.0	9.368269483892666e-05	0.0	0.0	0.0	0.0	0.0	0.0	0.0	0.0	0.0	0.0	0.0	0.0	0.0	0.0	0.0	0.0	0.0	0.0	0.0	0.0
Sor-CPnd_049-Ex1-3B-lcwgs-1-T	91.47484176168317	7.80908850318682	0.6627263304148381	0.04907041880775423	0.003721632887104956	0.0004824338927728646	6.891912753898066e-05	0.0	0.0	0.0	0.0	0.0	0.0	0.0	0.0	0.0	0.0	0.0	0.0	0.0	0.0	0.0	0.0	0.0	0.0	0.0	0.0	0.0	0.0	0.0	0.0
Sor-CPnd_050-Ex1-3F-lcwgs-1-T	91.43218490926145	7.812354004694315	0.6986330116479682	0.05269233852376696	0.003982560469819595	0.00010211693512357936	0.0	0.0	0.0	0.0	0.0	0.0	0.0	5.105846756178968e-05	0.0	0.0	0.0	0.0	0.0	0.0	0.0	0.0	0.0	0.0	0.0	0.0	0.0	0.0	0.0	0.0	0.0
Sor-CPnd_051-Ex1-6H-lcwgs-1-T	91.93641557342362	7.316758358019467	0.6809140922556073	0.05924672027084215	0.006030469741853576	0.00031739314430808297	0.0	0.0	0.00010579771476936097	0.0	0.0	0.0	0.0	0.0	0.00021159542953872194	0.0	0.0	0.0	0.0	0.0	0.0	0.0	0.0	0.0	0.0	0.0	0.0	0.0	0.0	0.0	0.0
Sor-CPnd_052-Ex1-6D-lcwgs-1-T	91.75335138809191	7.49995235745881	0.684104542557494	0.05810272578858993	0.0038961011461736686	0.000423489255018877	0.0	8.46978510037754e-05	0.0	0.0	0.0	4.23489255018877e-05	0.0	0.0	0.0	4.23489255018877e-05	0.0	0.0	0.0	0.0	0.0	0.0	0.0	0.0	0.0	0.0	0.0	0.0	0.0	0.0	0.0
Sor-CPnd_053-Ex1-2C-lcwgs-1-T	91.57821089455273	7.695866352538017	0.6700935246662383	0.051974012993503245	0.0037124294995359466	7.139287499107589e-05	0.0	7.139287499107589e-05	0.0	0.0	0.0	0.0	0.0	0.0	0.0	0.0	0.0	0.0	0.0	0.0	0.0	0.0	0.0	0.0	0.0	0.0	0.0	0.0	0.0	0.0	0.0
Sor-CPnd_054-Ex1-8F-lcwgs-1-T	91.67409235480882	7.621682947429845	0.6549317564547736	0.04478642358107411	0.003856092486752232	0.00027875367374112514	9.291789124704174e-05	9.291789124704174e-05	4.645894562352087e-05	4.645894562352087e-05	0.0	9.291789124704174e-05	0.0	0.0	0.0	0.0	0.0	0.0	0.0	0.0	0.0	0.0	0.0	0.0	0.0	0.0	0.0	0.0	0.0	0.0	0.0
Sor-CPnd_055-Ex1-7G-lcwgs-1-T	93.31696086704159	6.194974612109121	0.4557504426419015	0.029875279852111268	0.0023778283963925297	0.0	0.0	0.0	6.096995888185973e-05	0.0	0.0	0.0	0.0	0.0	0.0	0.0	0.0	0.0	0.0	0.0	0.0	0.0	0.0	0.0	0.0	0.0	0.0	0.0	0.0	0.0	0.0
Sor-CPnd_056-Ex1-7E-lcwgs-1-T	94.09754909149396	5.473506440671551	0.40422723767804686	0.02353458756522274	0.0007095855547303338	0.00011826425912172231	0.00011826425912172231	0.00023652851824344461	0.0	0.0	0.0	0.0	0.0	0.0	0.0	0.0	0.0	0.0	0.0	0.0	0.0	0.0	0.0	0.0	0.0	0.0	0.0	0.0	0.0	0.0	0.0
Sor-CPnd_057-Ex1-6E-lcwgs-1-T	93.03633600606283	6.345366997490108	0.5652208929724335	0.04871910990582292	0.004356993568813432	0.0	0.0	0.0	0.0	0.0	0.0	0.0	0.0	0.0	0.0	0.0	0.0	0.0	0.0	0.0	0.0	0.0	0.0	0.0	0.0	0.0	0.0	0.0	0.0	0.0	0.0
Sor-CPnd_058-Ex1-2G-lcwgs-1-T	91.63804836223113	7.679653995092009	0.630293097020419	0.049109858854073346	0.002395602870930407	0.0003992671451550679	9.981678628876697e-05	0.0	0.0	0.0	0.0	0.0	0.0	0.0	0.0	0.0	0.0	0.0	0.0	0.0	0.0	0.0	0.0	0.0	0.0	0.0	0.0	0.0	0.0	0.0	0.0
Sor-CPnd_060-Ex1-7H-lcwgs-1-T	93.21090155175902	6.265011493254077	0.48756379672486383	0.03340036034372501	0.0029870240957802856	0.0001357738225354675	0.0	0.0	0.0	0.0	0.0	0.0	0.0	0.0	0.0	0.0	0.0	0.0	0.0	0.0	0.0	0.0	0.0	0.0	0.0	0.0	0.0	0.0	0.0	0.0	0.0
Sor-CPnd_063-Ex1-7D-lcwgs-1-T	92.80375348057255	6.650370612502941	0.5058242528630347	0.03771680427313432	0.0019756421285927503	0.00023947177316275758	5.9867943290689396e-05	5.9867943290689396e-05	0.0	0.0	0.0	0.0	0.0	0.0	0.0	0.0	0.0	0.0	0.0	0.0	0.0	0.0	0.0	0.0	0.0	0.0	0.0	0.0	0.0	0.0	0.0
Sor-CPnd_066-Ex1-8B-lcwgs-1-T	92.04225346987992	7.306741532969044	0.6031220004904733	0.04424447107845171	0.0032019025122563736	0.00014554102328438062	0.00014554102328438062	7.277051164219031e-05	0.0	0.0	0.0	0.0	0.0	7.277051164219031e-05	0.0	0.0	0.0	0.0	0.0	0.0	0.0	0.0	0.0	0.0	0.0	0.0	0.0	0.0	0.0	0.0	0.0
Sor-CPnd_068-Ex1-8H-lcwgs-1-T	92.30306567256616	7.065994140206283	0.5830018341630738	0.04456381061273751	0.0028782862088405073	0.0001985024971614143	9.925124858070715e-05	9.925124858070715e-05	0.0	0.0	0.0	0.0	0.0	9.925124858070715e-05	0.0	0.0	0.0	0.0	0.0	0.0	0.0	0.0	0.0	0.0	0.0	0.0	0.0	0.0	0.0	0.0	0.0
Sor-CPnd_069-Ex1-6B-lcwgs-1-T	90.94015327650047	8.20446051838457	0.7828468096099199	0.06792387841212434	0.003995522259536726	0.0004822182037371911	0.00013777662963919746	0.0	0.0	0.0	0.0	0.0	0.0	0.0	0.0	0.0	0.0	0.0	0.0	0.0	0.0	0.0	0.0	0.0	0.0	0.0	0.0	0.0	0.0	0.0	0.0
Sor-CPnd_072-Ex1-8C-lcwgs-1-T	91.97972087869026	7.359634366035599	0.612859046328196	0.04392571814151704	0.0031270811580167853	0.00039088514475209816	0.00014658192928203683	4.886064309401227e-05	4.886064309401227e-05	4.886064309401227e-05	0.0	0.0	4.886064309401227e-05	0.0	0.0	0.0	0.0	0.0	0.0	0.0	0.0	0.0	0.0	0.0	0.0	0.0	0.0	0.0	0.0	0.0	0.0
